count,lat,lng,time
1.0,30.83403141646881,121.46587528207682,2019-07-18-23-37-25
2.0,30.834032079856627,121.46612607205178,2019-07-18-23-37-25
1.0,30.834055428307945,121.47465388837615,2019-07-18-23-37-25
1.0,30.834093343661397,121.48769913009662,2019-07-18-23-37-25
1.0,30.834121851397217,121.49723322822783,2019-07-18-23-37-25
1.0,30.834150236970835,121.50676727721356,2019-07-18-23-37-25
1.0,30.834182722480904,121.5180564094914,2019-07-18-23-37-25
1.0,30.834185515198968,121.51905978422053,2019-07-18-23-37-25
1.0,30.834186210452117,121.5193106246711,2019-07-18-23-37-25
1.0,30.83419172849601,121.52131729960419,2019-07-18-23-37-25
1.0,30.83419241257813,121.52156812768321,2019-07-18-23-37-25
1.0,30.83428127481012,121.46587526088585,2019-07-18-23-37-25
1.0,30.834433280716134,121.51830723435211,2019-07-18-23-37-25
1.0,30.83444158681867,121.52131727889639,2019-07-18-23-37-25
1.0,30.8344429536832,121.52181893361634,2019-07-18-23-37-25
1.0,30.834444315303323,121.52232058251379,2019-07-18-23-37-25
1.0,30.834540549202085,121.46938645427899,2019-07-18-23-37-25
1.0,30.834588594884053,121.48619375407898,2019-07-18-23-37-25
1.0,30.83463132859046,121.50049488198707,2019-07-18-23-37-25
1.0,30.834632827118266,121.50099667868157,2019-07-18-23-37-25
1.0,30.834654377540023,121.50827255297123,2019-07-18-23-37-25
1.0,30.83468523181952,121.51905974276697,2019-07-18-23-37-25
1.0,30.834692129197023,121.52156808627159,2019-07-18-23-37-25
1.0,30.83479245972353,121.47013887785552,2019-07-18-23-37-25
1.0,30.834836968451572,121.48569195992026,2019-07-18-23-37-25
1.0,30.834880437216107,121.50024396239392,2019-07-18-23-37-25
1.0,30.8349371722546,121.51981223943646,2019-07-18-23-37-25
1.0,30.834941303385246,121.52131723748023,2019-07-18-23-37-25
1.0,30.835035523631216,121.4676307635749,2019-07-18-23-37-25
1.0,30.835191161629258,121.52131721677186,2019-07-18-23-37-25
1.0,30.835191845711048,121.52156804485921,2019-07-18-23-37-25
1.0,30.83519252849329,121.5218188715043,2019-07-18-23-37-25
1.0,30.835377903343215,121.4994912232537,2019-07-18-23-37-25
1.0,30.835379403799667,121.49999302168537,2019-07-18-23-37-25
1.0,30.83538015369218,121.50024392060817,2019-07-18-23-37-25
1.0,30.83538090334355,121.50049481931553,2019-07-18-23-37-25
1.0,30.835381652740768,121.50074571779237,2019-07-18-23-37-25
1.0,30.835383150720784,121.50124751399423,2019-07-18-23-37-25
1.0,30.83544033447749,121.5210663665451,2019-07-18-23-37-25
1.0,30.83544101984715,121.52131719606332,2019-07-18-23-37-25
1.0,30.835441703928858,121.52156802415274,2019-07-18-23-37-25
1.0,30.83544238671102,121.5218188507999,2019-07-18-23-37-25
1.0,30.835443748330484,121.52232049971391,2019-07-18-23-37-25
1.0,30.835548956391865,121.47264706180421,2019-07-18-23-37-25
1.0,30.835625509374633,121.49873850346052,2019-07-18-23-37-25
1.0,30.83562776154238,121.49949120235374,2019-07-18-23-37-25
1.0,30.835628511878088,121.4997421016645,2019-07-18-23-37-25
2.0,30.835629261998662,121.49999300078996,2019-07-18-23-37-25
1.0,30.835630011891094,121.50024389971502,2019-07-18-23-37-25
1.0,30.835630761542376,121.50049479842464,2019-07-18-23-37-25
1.0,30.8356322600695,121.50099659513725,2019-07-18-23-37-25
1.0,30.835633008919352,121.50124749311013,2019-07-18-23-37-25
1.0,30.835634505726734,121.5017492882138,2019-07-18-23-37-25
1.0,30.835636001257864,121.50225108209447,2019-07-18-23-37-25
1.0,30.835691562120598,121.52156800344608,2019-07-18-23-37-25
2.0,30.83569292637365,121.52206965528892,2019-07-18-23-37-25
1.0,30.835868603649022,121.49648038073842,2019-07-18-23-37-25
1.0,30.835875367548034,121.49873848255358,2019-07-18-23-37-25
1.0,30.835876118450944,121.49898938233198,2019-07-18-23-37-25
1.0,30.835876869177785,121.49924028197036,2019-07-18-23-37-25
1.0,30.835878370051145,121.49974208076661,2019-07-18-23-37-25
1.0,30.835879120171633,121.49999297989434,2019-07-18-23-37-25
2.0,30.83587987006398,121.50024387882166,2019-07-18-23-37-25
1.0,30.835880619715176,121.50049477753356,2019-07-18-23-37-25
1.0,30.835881369112226,121.50074567601492,2019-07-18-23-37-25
1.0,30.835942784539203,121.52206963458622,2019-07-18-23-37-25
1.0,30.836036304524402,121.46813228451923,2019-07-18-23-37-25
1.0,30.83604175076914,121.47013877206722,2019-07-18-23-37-25
1.0,30.83605288227726,121.47415203639436,2019-07-18-23-37-25
1.0,30.83612222058401,121.49773486142536,2019-07-18-23-37-25
1.0,30.8361297282109,121.50024385792813,2019-07-18-23-37-25
1.0,30.83613047786201,121.50049475664228,2019-07-18-23-37-25
1.0,30.83614391555581,121.5050108795134,2019-07-18-23-37-25
1.0,30.83614688293274,121.50601444342871,2019-07-18-23-37-25
1.0,30.836148363442806,121.50651622208684,2019-07-18-23-37-25
1.0,30.836204671944813,121.5265842034422,2019-07-18-23-37-25
1.0,30.836333894403644,121.48493917899776,2019-07-18-23-37-25
1.0,30.836372830182594,121.49798574070105,2019-07-18-23-37-25
1.0,30.83637658544638,121.49924024016497,2019-07-18-23-37-25
1.0,30.836379586331894,121.50024383703439,2019-07-18-23-37-25
3.0,30.836384828097323,121.5020001226814,2019-07-18-23-37-25
1.0,30.836395999983,121.50576353240834,2019-07-18-23-37-25
1.0,30.836573448746353,121.48142685903227,2019-07-18-23-37-25
1.0,30.836574180402046,121.48167773209751,2019-07-18-23-37-25
1.0,30.83659640598698,121.48920427354217,2019-07-18-23-37-25
1.0,30.836626443541842,121.49924021926198,2019-07-18-23-37-25
2.0,30.836627194079327,121.49949111875202,2019-07-18-23-37-25
2.0,30.83662794441469,121.49974201807183,2019-07-18-23-37-25
1.0,30.836629444427015,121.50024381614047,2019-07-18-23-37-25
1.0,30.836630194077955,121.50049471485914,2019-07-18-23-37-25
1.0,30.836631692604396,121.50099651158986,2019-07-18-23-37-25
1.0,30.83679269964056,121.47064034618779,2019-07-18-23-37-25
2.0,30.836875550884987,121.49898929871136,2019-07-18-23-37-25
3.0,30.836876301611483,121.4992401983588,2019-07-18-23-37-25
1.0,30.836877052148882,121.4994910978511,2019-07-18-23-37-25
1.0,30.83687780248416,121.49974199717317,2019-07-18-23-37-25
1.0,30.83687855260431,121.49999289630996,2019-07-18-23-37-25
1.0,30.837043246857117,121.47089114611362,2019-07-18-23-37-25
1.0,30.837043937261466,121.47114196869643,2019-07-18-23-37-25
1.0,30.837081989232853,121.48443734952592,2019-07-18-23-37-25
2.0,30.837125408928937,121.49898927780572,2019-07-18-23-37-25
1.0,30.837126910192662,121.49949107695,2019-07-18-23-37-25
1.0,30.837127660527855,121.49974197627434,2019-07-18-23-37-25
1.0,30.837185895519035,121.5198120529413,2019-07-18-23-37-25
1.0,30.837326688210645,121.48268116999729,2019-07-18-23-37-25
1.0,30.83734897371522,121.49020778876744,2019-07-18-23-37-25
1.0,30.837351971783598,121.49121137319258,2019-07-18-23-37-25
1.0,30.837379018557634,121.50024375345754,2019-07-18-23-37-25
1.0,30.837437135568525,121.52031370381032,2019-07-18-23-37-25
1.0,30.837544344924815,121.47139275047033,2019-07-18-23-37-25
1.0,30.837575811763745,121.48243027238235,2019-07-18-23-37-25
1.0,30.837578753487513,121.48343378358692,2019-07-18-23-37-25
1.0,30.837586892552316,121.48619350183706,2019-07-18-23-37-25
1.0,30.837598082861604,121.48995687260756,2019-07-18-23-37-25
1.0,30.837601829778794,121.49121135221631,2019-07-18-23-37-25
1.0,30.837826404181197,121.48268112789245,2019-07-18-23-37-25
1.0,30.83783230264037,121.48468816925165,2019-07-18-23-37-25
1.0,30.83790693350662,121.50977757494505,2019-07-18-23-37-25
1.0,30.83793616110945,121.52006282725344,2019-07-18-23-37-25
1.0,30.837936851513632,121.52031366237289,2019-07-18-23-37-25
1.0,30.83803720124871,121.46888453598991,2019-07-18-23-37-25
1.0,30.83808216058657,121.48468814821666,2019-07-18-23-37-25
1.0,30.838110558462382,121.49422209128275,2019-07-18-23-37-25
1.0,30.838183940500922,121.5193102930552,2019-07-18-23-37-25
1.0,30.838188773165434,121.52106613871558,2019-07-18-23-37-25
1.0,30.83828705917468,121.46888451481989,2019-07-18-23-37-25
1.0,30.838326855159938,121.48293196319158,2019-07-18-23-37-25
1.0,30.838329064359055,121.48368460027162,2019-07-18-23-37-25
1.0,30.8383305402543,121.48418636223248,2019-07-18-23-37-25
2.0,30.83833424008378,121.48544077994872,2019-07-18-23-37-25
1.0,30.838370942753357,121.49773467317087,2019-07-18-23-37-25
1.0,30.838377700481068,121.49999277092765,2019-07-18-23-37-25
2.0,30.83841174982666,121.51153367237418,2019-07-18-23-37-25
1.0,30.83843379840989,121.5193102723276,2019-07-18-23-37-25
1.0,30.838538278692305,121.46938611564414,2019-07-18-23-37-25
1.0,30.838539645553848,121.46988774397123,2019-07-18-23-37-25
1.0,30.83857744881922,121.48318282036841,2019-07-18-23-37-25
1.0,30.838578922254598,121.48368457922736,2019-07-18-23-37-25
1.0,30.838611026113103,121.49447294912292,2019-07-18-23-37-25
1.0,30.838657238169223,121.51002839198358,2019-07-18-23-37-25
1.0,30.838685043202137,121.51981192860268,2019-07-18-23-37-25
1.0,30.838782722485146,121.46737964554455,2019-07-18-23-37-25
1.0,30.838832474250736,121.48493896867308,2019-07-18-23-37-25
1.0,30.838835439547598,121.48594250980094,2019-07-18-23-37-25
1.0,30.83883692524616,121.48644428428348,2019-07-18-23-37-25
1.0,30.838842139448737,121.48820051351093,2019-07-18-23-37-25
1.0,30.838861635879507,121.49472382804917,2019-07-18-23-37-25
1.0,30.83887366361715,121.4987382316553,2019-07-18-23-37-25
1.0,30.838905633449418,121.5095266114532,2019-07-18-23-37-25
1.0,30.838921542187155,121.51504577425895,2019-07-18-23-37-25
1.0,30.83903190976732,121.4671288257059,2019-07-18-23-37-25
1.0,30.839077164534398,121.48318277827046,2019-07-18-23-37-25
1.0,30.839082332095046,121.48493894763953,2019-07-18-23-37-25
1.0,30.83911224566604,121.49497470709673,2019-07-18-23-37-25
1.0,30.839119013078154,121.49723280980342,2019-07-18-23-37-25
1.0,30.839119764762714,121.49748371013438,2019-07-18-23-37-25
1.0,30.839151822518218,121.50827217817064,2019-07-18-23-37-25
1.0,30.839157684050505,121.5102792290445,2019-07-18-23-37-25
1.0,30.839161323408682,121.51153360998947,2019-07-18-23-37-25
1.0,30.839183371984117,121.51931021014364,2019-07-18-23-37-25
1.0,30.839287852240894,121.46938605214454,2019-07-18-23-37-25
1.0,30.83931172525541,121.47791450611358,2019-07-18-23-37-25
1.0,30.839312445564087,121.47816536515926,2019-07-18-23-37-25
1.0,30.839315335589152,121.47916881216801,2019-07-18-23-37-25
1.0,30.83932702235397,121.4831827572212,2019-07-18-23-37-25
1.0,30.839329233435027,121.48393539670182,2019-07-18-23-37-25
1.0,30.8393299716834,121.48418627807204,2019-07-18-23-37-25
1.0,30.839332930443458,121.4851898108754,2019-07-18-23-37-25
1.0,30.839335897815836,121.4861933546831,2019-07-18-23-37-25
3.0,30.839394295408443,121.50576328226393,2019-07-18-23-37-25
1.0,30.83939577700567,121.50626506211484,2019-07-18-23-37-25
1.0,30.839400944565995,121.50802127271291,2019-07-18-23-37-25
1.0,30.839405349096,121.50952656982747,2019-07-18-23-37-25
1.0,30.839406080750805,121.50977745008345,2019-07-18-23-37-25
1.0,30.839408271290964,121.51053008610772,2019-07-18-23-37-25
1.0,30.83941118121863,121.51153358919419,2019-07-18-23-37-25
2.0,30.839411906689758,121.51178446279528,2019-07-18-23-37-25
1.0,30.83943392384862,121.51956102858999,2019-07-18-23-37-25
1.0,30.839573941064845,121.48217922820902,2019-07-18-23-37-25
1.0,30.839577616551775,121.48343361521441,2019-07-18-23-37-25
1.0,30.83958130772945,121.4846880220027,2019-07-18-23-37-25
1.0,30.8395857556091,121.48619333366032,2019-07-18-23-37-25
1.0,30.839646374770414,121.5065159303458,2019-07-18-23-37-25
1.0,30.839649328917062,121.50751948059487,2019-07-18-23-37-25
1.0,30.839650802351844,121.50802125188642,2019-07-18-23-37-25
1.0,30.83965153811503,121.50827213652231,2019-07-18-23-37-25
1.0,30.83965227322515,121.50852302046529,2019-07-18-23-37-25
1.0,30.839653007669504,121.50877390370066,2019-07-18-23-37-25
1.0,30.83965447451025,121.50927566798983,2019-07-18-23-37-25
1.0,30.839657399645965,121.51027918743168,2019-07-18-23-37-25
1.0,30.839665379141035,121.51303879627221,2019-07-18-23-37-25
1.0,30.839666099449683,121.51328966427616,2019-07-18-23-37-25
1.0,30.839682392322214,121.51905932818967,2019-07-18-23-37-25
1.0,30.839683087573533,121.51931016868673,2019-07-18-23-37-25
1.0,30.83982600215425,121.48293183688332,2019-07-18-23-37-25
1.0,30.83982821135184,121.4836844740032,2019-07-18-23-37-25
1.0,30.839855054269574,121.4927165497447,2019-07-18-23-37-25
1.0,30.83986181903694,121.4949746442652,2019-07-18-23-37-25
1.0,30.839868586446748,121.49723274703314,2019-07-18-23-37-25
1.0,30.83988582735936,121.50300341556922,2019-07-18-23-37-25
1.0,30.83988955396544,121.50425788838723,2019-07-18-23-37-25
1.0,30.83989104155975,121.50475967442985,2019-07-18-23-37-25
1.0,30.839892527257692,121.50526145853068,2019-07-18-23-37-25
1.0,30.839894752024026,121.50601413078039,2019-07-18-23-37-25
1.0,30.839895492553328,121.50626502043039,2019-07-18-23-37-25
2.0,30.839900660112463,121.50802123105974,2019-07-18-23-37-25
1.0,30.839902130985603,121.50852299964306,2019-07-18-23-37-25
1.0,30.83991307067524,121.51228616571353,2019-07-18-23-37-25
1.0,30.839913793620923,121.51253703658418,2019-07-18-23-37-25
1.0,30.839915236899966,121.5130387754897,2019-07-18-23-37-25
1.0,30.839933639387358,121.51956098713691,2019-07-18-23-37-25
1.0,30.839934332238293,121.51981182498193,2019-07-18-23-37-25
1.0,30.84003000403312,121.46662714875693,2019-07-18-23-37-25
1.0,30.84011167677681,121.49497462332097,2019-07-18-23-37-25
1.0,30.840116940576003,121.49673092534154,2019-07-18-23-37-25
1.0,30.84014089929629,121.50475965357387,2019-07-18-23-37-25
1.0,30.840141642388655,121.5050105458767,2019-07-18-23-37-25
1.0,30.840143868692646,121.50576321972352,2019-07-18-23-37-25
1.0,30.8401643734338,121.51278788572947,2019-07-18-23-37-25
1.0,30.840181411377305,121.51880844491996,2019-07-18-23-37-25
1.0,30.84018210781087,121.51905928672777,2019-07-18-23-37-25
1.0,30.840184189969783,121.51981180425722,2019-07-18-23-37-25
1.0,30.8403133198754,121.47866700217041,2019-07-18-23-37-25
1.0,30.840314042820857,121.47891786447258,2019-07-18-23-37-25
1.0,30.840327189783196,121.48343355207152,2019-07-18-23-37-25
1.0,30.84032792681412,121.48368443191218,2019-07-18-23-37-25
1.0,30.840336815496308,121.48669504634196,2019-07-18-23-37-25
1.0,30.84038852493779,121.50400695294941,2019-07-18-23-37-25
1.0,30.84038926941373,121.50425784666609,2019-07-18-23-37-25
1.0,30.84039150009998,121.50501052502278,2019-07-18-23-37-25
1.0,30.84039298481083,121.50551230811699,2019-07-18-23-37-25
1.0,30.840395947978305,121.50651586782499,2019-07-18-23-37-25
1.0,30.840397426229973,121.5070176442012,2019-07-18-23-37-25
1.0,30.840414231142496,121.51278786494439,2019-07-18-23-37-25
1.0,30.840415672650725,121.51328960193462,2019-07-18-23-37-25
1.0,30.840482374201887,121.44682074650503,2019-07-18-23-37-25
1.0,30.840574840201043,121.48268089630196,2019-07-18-23-37-25
1.0,30.84057704747677,121.48343353102351,2019-07-18-23-37-25
1.0,30.840580738652747,121.48468793785618,2019-07-18-23-37-25
1.0,30.840585186530358,121.48619324956732,2019-07-18-23-37-25
1.0,30.840602374725332,121.49196379239399,2019-07-18-23-37-25
1.0,30.840618911272752,121.49748358460569,2019-07-18-23-37-25
1.0,30.840619662858938,121.49773448490083,2019-07-18-23-37-25
1.0,30.840627170470455,121.5002434818116,2019-07-18-23-37-25
1.0,30.84063166429586,121.50174887058188,2019-07-18-23-37-25
1.0,30.840640614694028,121.50475961186135,2019-07-18-23-37-25
1.0,30.84064135778622,121.50501050416868,2019-07-18-23-37-25
1.0,30.84064580566404,121.50651584698433,2019-07-18-23-37-25
1.0,30.840647283915533,121.50701762336502,2019-07-18-23-37-25
1.0,30.84065023324343,121.50802116857857,2019-07-18-23-37-25
1.0,30.840666249738682,121.51354044818288,2019-07-18-23-37-25
1.0,30.84068459699026,121.52006259931095,2019-07-18-23-37-25
1.0,30.840732231882313,121.446820725174,2019-07-18-23-37-25
1.0,30.84082690514531,121.48343350997528,2019-07-18-23-37-25
1.0,30.840829856906904,121.4844370339562,2019-07-18-23-37-25
1.0,30.84089492334686,121.5062649370592,2019-07-18-23-37-25
1.0,30.84089714157606,121.50701760252865,2019-07-18-23-37-25
1.0,30.840897879823967,121.50726848979991,2019-07-18-23-37-25
2.0,30.84089935450048,121.50777026242592,2019-07-18-23-37-25
1.0,30.840900090903617,121.50802114775112,2019-07-18-23-37-25
1.0,30.840900826666385,121.50827203239815,2019-07-18-23-37-25
1.0,30.84090595801019,121.5100282047034,2019-07-18-23-37-25
1.0,30.840910327549146,121.51153346441846,2019-07-18-23-37-25
1.0,30.841102090031637,121.49196375044983,2019-07-18-23-37-25
1.0,30.841120129636423,121.49798534329612,2019-07-18-23-37-25
1.0,30.841142557793994,121.50551224556756,2019-07-18-23-37-25
1.0,30.84114921213577,121.50777024159606,2019-07-18-23-37-25
1.0,30.841149948538824,121.5080211269235,2019-07-18-23-37-25
1.0,30.841150684301507,121.50827201157274,2019-07-18-23-37-25
1.0,30.84115362069469,121.50927554309362,2019-07-18-23-37-25
1.0,30.841158731804125,121.5110316937552,2019-07-18-23-37-25
1.0,30.841311307228207,121.47816519640799,2019-07-18-23-37-25
1.0,30.841398332715503,121.50751933477288,2019-07-18-23-37-25
1.0,30.841399069746128,121.507770220766,2019-07-18-23-37-25
1.0,30.841400541911693,121.50827199074715,2019-07-18-23-37-25
1.0,30.84140201146498,121.50877375795665,2019-07-18-23-37-25
1.0,30.84140347830454,121.50927552227692,2019-07-18-23-37-25
1.0,30.84140931650498,121.51128254832363,2019-07-18-23-37-25
1.0,30.84166351931074,121.51278776101614,2019-07-18-23-37-25
1.0,30.841739727354103,121.45058023928088,2019-07-18-23-37-25
1.0,30.841880952358096,121.50174876616192,2019-07-18-23-37-25
1.0,30.841898784892233,121.50777017910532,2019-07-18-23-37-25
1.0,30.842226275056788,121.44431452328496,2019-07-18-23-37-25
1.0,30.842525263283555,121.46537298670393,2019-07-18-23-37-25
1.0,30.842607997118414,121.494221714159,2019-07-18-23-37-25
1.0,30.84262977664936,121.50149780603786,2019-07-18-23-37-25
1.0,30.842811895706667,121.47866679126491,2019-07-18-23-37-25
1.0,30.842872136939572,121.49898879692313,2019-07-18-23-37-25
2.0,30.8428743885326,121.49974149554812,2019-07-18-23-37-25
1.0,30.8431302398007,121.50174866173717,2019-07-18-23-37-25
1.0,30.84323942695449,121.45083077157953,2019-07-18-23-37-25
1.0,30.84326258333897,121.46060833464833,2019-07-18-23-37-25
1.0,30.843374103387927,121.49974145374105,2019-07-18-23-37-25
1.0,30.843418979365815,121.51504540046824,2019-07-18-23-37-25
1.0,30.843443250253305,121.52382474834134,2019-07-18-23-37-25
1.0,30.843485445892934,121.44907618155233,2019-07-18-23-37-25
1.0,30.84351560862556,121.46186208488795,2019-07-18-23-37-25
1.0,30.843624710896677,121.49999233203518,2019-07-18-23-37-25
1.0,30.843627708956593,121.50099592667226,2019-07-18-23-37-25
1.0,30.843629206357726,121.5014977224871,2019-07-18-23-37-25
1.0,30.84362995460564,121.50174861996592,2019-07-18-23-37-25
1.0,30.84363070253449,121.50199951713897,2019-07-18-23-37-25
1.0,30.843631450131316,121.50225041399122,2019-07-18-23-37-25
1.0,30.843632197383155,121.50250131050764,2019-07-18-23-37-25
1.0,30.84381422220054,121.4796701624932,2019-07-18-23-37-25
1.0,30.84387456826306,121.49999231113343,2019-07-18-23-37-25
1.0,30.843875318152676,121.50024321013322,2019-07-18-23-37-25
1.0,30.843876067801144,121.50049410891758,2019-07-18-23-37-25
1.0,30.843879063723595,121.50149770159892,2019-07-18-23-37-25
1.0,30.844122925154583,121.49949049164121,2019-07-18-23-37-25
1.0,30.84412367548739,121.49974139102899,2019-07-18-23-37-25
1.0,30.84412517549459,121.50024318923354,2019-07-18-23-37-25
2.0,30.844125925142972,121.50049408802016,2019-07-18-23-37-25
1.0,30.844126674537204,121.50074498657621,2019-07-18-23-37-25
1.0,30.844128172511247,121.50124678293648,2019-07-18-23-37-25
1.0,30.844129669312828,121.50174857819393,2019-07-18-23-37-25
1.0,30.844138619696686,121.50475931985225,2019-07-18-23-37-25
1.0,30.8441599249705,121.5120349404361,2019-07-18-23-37-25
1.0,30.844169264181783,121.51529619793884,2019-07-18-23-37-25
1.0,30.844375032812167,121.50024316833368,2019-07-18-23-37-25
1.0,30.844375782460464,121.50049406712256,2019-07-18-23-37-25
1.0,30.84437653185461,121.50074496568088,2019-07-18-23-37-25
1.0,30.844378029828484,121.50124676204567,2019-07-18-23-37-25
1.0,30.844378778382236,121.50149765982201,2019-07-18-23-37-25
1.0,30.844379526629893,121.50174855730764,2019-07-18-23-37-25
1.0,30.844389220103647,121.50501019133408,2019-07-18-23-37-25
1.0,30.84442619169823,121.5178047122615,2019-07-18-23-37-25
1.0,30.844600845129257,121.49221435474429,2019-07-18-23-37-25
1.0,30.844626389147727,121.50074494478534,2019-07-18-23-37-25
1.0,30.844627138274642,121.50099584310034,2019-07-18-23-37-25
1.0,30.844637590739552,121.50450838530483,2019-07-18-23-37-25
1.0,30.84463907739531,121.50501017047691,2019-07-18-23-37-25
1.0,30.844874747374504,121.50024312653336,2019-07-18-23-37-25
1.0,30.84500234059806,121.45684718174054,2019-07-18-23-37-25
1.0,30.845021210242596,121.4643696466779,2019-07-18-23-37-25
1.0,30.845025159291424,121.46587434948908,2019-07-18-23-37-25
1.0,30.84512835018816,121.50149759715521,2019-07-18-23-37-25
1.0,30.845132834627456,121.50300297722244,2019-07-18-23-37-25
1.0,30.845160800821343,121.51253660001561,2019-07-18-23-37-25
1.0,30.845161522898618,121.51278746999176,2019-07-18-23-37-25
1.0,30.845363947371546,121.49673048580178,2019-07-18-23-37-25
1.0,30.845381945324807,121.50275206053111,2019-07-18-23-37-25
1.0,30.84539161648944,121.50601367215171,2019-07-18-23-37-25
2.0,30.84563105562737,121.50250114346925,2019-07-18-23-37-25
1.0,30.845631802520593,121.50275203965289,2019-07-18-23-37-25
1.0,30.845632549042943,121.50300293547072,2019-07-18-23-37-25
1.0,30.8456340409233,121.5035047259489,2019-07-18-23-37-25
1.0,30.845634786255467,121.50375562057928,2019-07-18-23-37-25
1.0,30.845824790364684,121.48368396885981,2019-07-18-23-37-25
2.0,30.845880165548127,121.50225022605184,2019-07-18-23-37-25
1.0,30.8458809127992,121.50250112258858,2019-07-18-23-37-25
1.0,30.845881659692342,121.50275201877449,2019-07-18-23-37-25
1.0,30.845882406214606,121.50300291459457,2019-07-18-23-37-25
1.0,30.845883152353068,121.50325381003381,2019-07-18-23-37-25
1.0,30.845884643426874,121.5037555997099,2019-07-18-23-37-25
1.0,30.845893550770494,121.50676629782599,2019-07-18-23-37-25
1.0,30.846097736808485,121.49146153595267,2019-07-18-23-37-25
1.0,30.846098487140594,121.49171243331004,2019-07-18-23-37-25
1.0,30.84613076994704,121.50250110170772,2019-07-18-23-37-25
1.0,30.84613226336228,121.50300289371823,2019-07-18-23-37-25
1.0,30.84613450057429,121.50375557884034,2019-07-18-23-37-25
1.0,30.84613598995771,121.50425736681798,2019-07-18-23-37-25
1.0,30.846141188001415,121.50601360960427,2019-07-18-23-37-25
1.0,30.846306296281373,121.47741220050527,2019-07-18-23-37-25
1.0,30.84638584708102,121.50425734595272,2019-07-18-23-37-25
1.0,30.846386591106576,121.50450823926779,2019-07-18-23-37-25
1.0,30.846387334670904,121.50475913211233,2019-07-18-23-37-25
1.0,30.846388077761144,121.50501002447136,2019-07-18-23-37-25
1.0,30.846469931745446,121.44230949595531,2019-07-18-23-37-25
1.0,30.846633469465544,121.50350464246121,2019-07-18-23-37-25
1.0,30.846634959706634,121.5040064313143,2019-07-18-23-37-25
1.0,30.846635704180446,121.50425732508727,2019-07-18-23-37-25
1.0,30.846636448205913,121.5045082184046,2019-07-18-23-37-25
2.0,30.84663719177016,121.50475911125137,2019-07-18-23-37-25
1.0,30.846700649522255,121.52733571549157,2019-07-18-23-37-25
1.0,30.846886305281412,121.50450819754121,2019-07-18-23-37-25
1.0,30.846887048845574,121.50475909039024,2019-07-18-23-37-25
1.0,30.846888534538753,121.50526087461691,2019-07-18-23-37-25
1.0,30.846893718047955,121.50701710239846,2019-07-18-23-37-25
1.0,30.847136162333125,121.50450817667763,2019-07-18-23-37-25
1.0,30.84713987528403,121.5057626359301,2019-07-18-23-37-25
1.0,30.84714061634915,121.50601352620501,2019-07-18-23-37-25
1.0,30.847141356875987,121.50626441592,2019-07-18-23-37-25
1.0,30.847148729727923,121.50877327901763,2019-07-18-23-37-25
1.0,30.84732319590352,121.48343296265384,2019-07-18-23-37-25
1.0,30.847383785953323,121.50375547448961,2019-07-18-23-37-25
1.0,30.847385275335892,121.50425726248977,2019-07-18-23-37-25
1.0,30.84738750601499,121.50500994103541,2019-07-18-23-37-25
1.0,30.847390473376617,121.50601350535472,2019-07-18-23-37-25
1.0,30.847515244329514,121.46261403189293,2019-07-18-23-37-25
1.0,30.847636619929293,121.50475902780566,2019-07-18-23-37-25
1.0,30.847637363019107,121.50500992017594,2019-07-18-23-37-25
1.0,30.847638847725023,121.50551170340042,2019-07-18-23-37-25
1.0,30.847639589315442,121.50576259422483,2019-07-18-23-37-25
1.0,30.84764033038039,121.50601348450422,2019-07-18-23-37-25
1.0,30.84764107090706,121.5062643742237,2019-07-18-23-37-25
1.0,30.84764181088264,121.50651526336847,2019-07-18-23-37-25
1.0,30.84764697420825,121.50827147004523,2019-07-18-23-37-25
1.0,30.847647709315652,121.50852235405944,2019-07-18-23-37-25
1.0,30.847767036366474,121.46336631475754,2019-07-18-23-37-25
1.0,30.847889446295667,121.50576257337192,2019-07-18-23-37-25
2.0,30.847890927887118,121.50626435337527,2019-07-18-23-37-25
1.0,30.847891667862612,121.50651524252227,2019-07-18-23-37-25
1.0,30.847892407274227,121.50676613107969,2019-07-18-23-37-25
1.0,30.847895359026474,121.5077696791176,2019-07-18-23-37-25
1.0,30.847896831187626,121.50827144921466,2019-07-18-23-37-25
1.0,30.847898300736503,121.50877321653988,2019-07-18-23-37-25
1.0,30.84789976757166,121.5092749809757,2019-07-18-23-37-25
1.0,30.847902692696202,121.51027850071003,2019-07-18-23-37-25
1.0,30.84790487866511,121.51103113205548,2019-07-18-23-37-25
1.0,30.847909228886984,121.51253637130331,2019-07-18-23-37-25
1.0,30.847912111868578,121.51353984551743,2019-07-18-23-37-25
1.0,30.848139303252307,121.5057625525188,2019-07-18-23-37-25
1.0,30.848140044317088,121.50601344280268,2019-07-18-23-37-25
1.0,30.84814226423053,121.50676611023553,2019-07-18-23-37-25
1.0,30.848145215982434,121.5077696582824,2019-07-18-23-37-25
1.0,30.84814742325065,121.50852231240259,2019-07-18-23-37-25
1.0,30.848154735619968,121.51103111124911,2019-07-18-23-37-25
1.0,30.84815763910133,121.51203460769804,2019-07-18-23-37-25
1.0,30.848394335886606,121.50751875139139,2019-07-18-23-37-25
1.0,30.848395809315445,121.5080205228391,2019-07-18-23-37-25
1.0,30.84839654507567,121.50827140755298,2019-07-18-23-37-25
1.0,30.84839874838716,121.50902405747797,2019-07-18-23-37-25
1.0,30.848403864670246,121.5107802141574,2019-07-18-23-37-25
1.0,30.848408942772153,121.51253632971678,2019-07-18-23-37-25
1.0,30.84860532146496,121.49447211106074,2019-07-18-23-37-25
1.0,30.848640498685963,121.50626429082882,2019-07-18-23-37-25
1.0,30.848643455152537,121.50726784384698,2019-07-18-23-37-25
1.0,30.84864492982379,121.50776961661141,2019-07-18-23-37-25
2.0,30.848645666224296,121.50802050200573,2019-07-18-23-37-25
2.0,30.848646401984436,121.50827138672184,2019-07-18-23-37-25
1.0,30.84864933836745,121.50927491850956,2019-07-18-23-37-25
1.0,30.84865879967948,121.51253630892323,2019-07-18-23-37-25
1.0,30.84888813239121,121.50551159912268,2019-07-18-23-37-25
1.0,30.848897728417967,121.50877313323355,2019-07-18-23-37-25
1.0,30.848898462180752,121.50902401582887,2019-07-18-23-37-25
1.0,30.848907209823874,121.51203454530422,2019-07-18-23-37-25
1.0,30.84890793362073,121.51228541717992,2019-07-18-23-37-25
1.0,30.848908656563374,121.5125362881295,2019-07-18-23-37-25
1.0,30.849078107216158,121.48543987554025,2019-07-18-23-37-25
1.0,30.849144643571403,121.50776957493966,2019-07-18-23-37-25
1.0,30.849146850838604,121.50852222908658,2019-07-18-23-37-25
1.0,30.849147585279738,121.50877311240649,2019-07-18-23-37-25
2.0,30.84914831904244,121.50902399500403,2019-07-18-23-37-25
1.0,30.84915851342388,121.51253626733556,2019-07-18-23-37-25
1.0,30.849159235499805,121.51278713734678,2019-07-18-23-37-25
1.0,30.84938487473638,121.50450798889679,2019-07-18-23-37-25
1.0,30.849387103991166,121.50526066603994,2019-07-18-23-37-25
1.0,30.849388587683453,121.50576244825038,2019-07-18-23-37-25
1.0,30.849389328747808,121.50601333854547,2019-07-18-23-37-25
1.0,30.84940474713111,121.51128188265463,2019-07-18-23-37-25
1.0,30.849603997047357,121.49422112739809,2019-07-18-23-37-25
1.0,30.849634731552978,121.50450796803129,2019-07-18-23-37-25
1.0,30.849636218205333,121.50500975329332,2019-07-18-23-37-25
1.0,30.849638444499625,121.50576242739612,2019-07-18-23-37-25
1.0,30.849639926089885,121.50626420743087,2019-07-18-23-37-25
1.0,30.849644357225674,121.50776953326714,2019-07-18-23-37-25
1.0,30.849645093625842,121.50802041867038,2019-07-18-23-37-25
1.0,30.84966111005417,121.51353970002248,2019-07-18-23-37-25
1.0,30.849834369367343,121.48769780638675,2019-07-18-23-37-25
1.0,30.849853853844213,121.49422110643955,2019-07-18-23-37-25
1.0,30.84988309984927,121.50400616001677,2019-07-18-23-37-25
1.0,30.849884588346335,121.5045079471656,2019-07-18-23-37-25
1.0,30.849886817600613,121.50526062432226,2019-07-18-23-37-25
1.0,30.849890522857464,121.50651507574584,2019-07-18-23-37-25
1.0,30.849892001102678,121.5070168522921,2019-07-18-23-37-25
1.0,30.849895686177724,121.50827128256333,2019-07-18-23-37-25
1.0,30.850133701092236,121.50425703295089,2019-07-18-23-37-25
1.0,30.850134445116513,121.50450792629972,2019-07-18-23-37-25
1.0,30.850135931768527,121.50500971157076,2019-07-18-23-37-25
1.0,30.850137416472744,121.50551149484018,2019-07-18-23-37-25
1.0,30.850138899126414,121.50601327598886,2019-07-18-23-37-25
1.0,30.85013963965223,121.50626416573076,2019-07-18-23-37-25
1.0,30.85014333375935,121.5075186055226,2019-07-18-23-37-25
1.0,30.85014701249398,121.50877302909633,2019-07-18-23-37-25
1.0,30.850241661147113,121.45358759750444,2019-07-18-23-37-25
1.0,30.8502675542785,121.46411842373462,2019-07-18-23-37-25
1.0,30.850337815434877,121.48895222501606,2019-07-18-23-37-25
1.0,30.850385045426528,121.50475879831419,2019-07-18-23-37-25
1.0,30.850385788515403,121.50500969070919,2019-07-18-23-37-25
1.0,30.850386531117326,121.50526058260381,2019-07-18-23-37-25
1.0,30.850388755872945,121.50601325513627,2019-07-18-23-37-25
1.0,30.85038949639868,121.5062641448804,2019-07-18-23-37-25
1.0,30.850391714618198,121.50701681060502,2019-07-18-23-37-25
1.0,30.850603424095887,121.49422104356279,2019-07-18-23-37-25
1.0,30.850631925183052,121.50375520315531,2019-07-18-23-37-25
1.0,30.850632670090956,121.50400609740505,2019-07-18-23-37-25
1.0,30.850636387841025,121.5052605617443,2019-07-18-23-37-25
2.0,30.85063861259639,121.50601323428349,2019-07-18-23-37-25
1.0,30.850642309585897,121.50726767711964,2019-07-18-23-37-25
1.0,30.850643047228306,121.5075185638441,2019-07-18-23-37-25
1.0,30.85064452065562,121.50802033533198,2019-07-18-23-37-25
1.0,30.85064525641508,121.50827122006592,2019-07-18-23-37-25
1.0,30.85070159276458,121.52858931692911,2019-07-18-23-37-25
1.0,30.850760825998922,121.4616107108163,2019-07-18-23-37-25
1.0,30.850772533010943,121.4661246519571,2019-07-18-23-37-25
1.0,30.850839772636448,121.48970486510099,2019-07-18-23-37-25
1.0,30.850882526792052,121.5040060765341,2019-07-18-23-37-25
1.0,30.850883271264415,121.50425697034535,2019-07-18-23-37-25
1.0,30.850888469296805,121.50601321343052,2019-07-18-23-37-25
1.0,30.85089142804138,121.5070167689172,2019-07-18-23-37-25
1.0,30.850892166285888,121.50726765627788,2019-07-18-23-37-25
1.0,30.85089364095561,121.5077694290825,2019-07-18-23-37-25
1.0,30.8508980494947,121.50927473110086,2019-07-18-23-37-25
1.0,30.851089629319425,121.48970484410077,2019-07-18-23-37-25
1.0,30.851135358617714,121.50500962812333,2019-07-18-23-37-25
1.0,30.851137584910475,121.50576230226656,2019-07-18-23-37-25
1.0,30.851138325974237,121.50601319257736,2019-07-18-23-37-25
1.0,30.851139066499716,121.50626408232823,2019-07-18-23-37-25
1.0,30.85114128471847,121.507016748073,2019-07-18-23-37-25
1.0,30.851142022962893,121.50726763543591,2019-07-18-23-37-25
1.0,30.851142760605136,121.50751852216482,2019-07-18-23-37-25
1.0,30.8511449697914,121.50827117840002,2019-07-18-23-37-25
1.0,30.851146439338073,121.50877294578312,2019-07-18-23-37-25
1.0,30.85138818262873,121.506013171724,2019-07-18-23-37-25
1.0,30.851390402538858,121.50676583924424,2019-07-18-23-37-25
1.0,30.851391141372623,121.5070167272286,2019-07-18-23-37-25
1.0,30.85139482644513,121.5082711575668,2019-07-18-23-37-25
1.0,30.851396295991634,121.50877292495434,2019-07-18-23-37-25
1.0,30.851399957764034,121.51002733052499,2019-07-18-23-37-25
1.0,30.851443338494406,121.52557974489052,2019-07-18-23-37-25
1.0,30.851641736248155,121.5072675937514,2019-07-18-23-37-25
1.0,30.851749686883988,121.45734804695226,2019-07-18-23-37-25
1.0,30.851896742991936,121.50902376591822,2019-07-18-23-37-25
1.0,30.8519226010196,121.51805493682282,2019-07-18-23-37-25
1.0,30.851952157984076,121.52909077395557,2019-07-18-23-37-25
1.0,30.85200259842145,121.45860166245927,2019-07-18-23-37-25
1.0,30.85224284184957,121.45459019757482,2019-07-18-23-37-25
1.0,30.852699802252058,121.52833836874423,2019-07-18-23-37-25
1.0,30.852949013746446,121.52808756339778,2019-07-18-23-37-25
1.0,30.854246440794444,121.4565956782375,2019-07-18-23-37-25
1.0,30.854498715636055,121.45759853603221,2019-07-18-23-37-25
1.0,30.855553873192076,121.47841485397852,2019-07-18-23-37-25
1.0,30.85593474511916,121.52332208225818,2019-07-18-23-37-25
1.0,30.855993640601884,121.45584339320155,2019-07-18-23-37-25
1.0,30.856005911050932,121.46085800160166,2019-07-18-23-37-25
1.0,30.856027589903633,121.4691338215907,2019-07-18-23-37-25
1.0,30.856945420089804,121.52758565794717,2019-07-18-23-37-25
1.0,30.856986633309468,121.45308565125588,2019-07-18-23-37-25
1.0,30.85714445963927,121.50927421044001,2019-07-18-23-37-25
1.0,30.857195276223624,121.527585637273,2019-07-18-23-37-25
1.0,30.857195924408416,121.52783642553513,2019-07-18-23-37-25
1.0,30.85744835735537,121.52883954012061,2019-07-18-23-37-25
1.0,30.857496383075084,121.45734755770714,2019-07-18-23-37-25
1.0,30.857496990443,121.45759828078263,2019-07-18-23-37-25
1.0,30.858068501337875,121.48393381795363,2019-07-18-23-37-25
1.0,30.858069239579883,121.48418469949037,2019-07-18-23-37-25
1.0,30.85838637975222,121.50676525546093,2019-07-18-23-37-25
1.0,30.85893570338358,121.52432508988974,2019-07-18-23-37-25
1.0,30.859144771993535,121.5097758054321,2019-07-18-23-37-25
1.0,30.859189543911484,121.52582990549881,2019-07-18-23-37-25
1.0,30.859399728360142,121.51153192495389,2019-07-18-23-37-25
1.0,30.85940262519201,121.51253541462039,2019-07-18-23-37-25
1.0,30.85944137214135,121.52658228065471,2019-07-18-23-37-25
1.0,30.859626752307182,121.50375445159914,2019-07-18-23-37-25
1.0,30.859652481115937,121.51253539381845,2019-07-18-23-37-25
1.0,30.85969577617809,121.528337790052,2019-07-18-23-37-25
1.0,30.859903780284217,121.51303711227217,2019-07-18-23-37-25
1.0,30.85990521998408,121.51353884765042,2019-07-18-23-37-25
1.0,30.859978163948718,121.45007737018832,2019-07-18-23-37-25
1.0,30.86015146996137,121.51228448116572,2019-07-18-23-37-25
1.0,30.860261806313765,121.4641175748842,2019-07-18-23-37-25
1.0,30.860488096583047,121.45458949492448,2019-07-18-23-37-25
1.0,30.860809569417967,121.48142481504206,2019-07-18-23-37-25
1.0,30.860977038982885,121.4498266320758,2019-07-18-23-37-25
1.0,30.861058694307555,121.48117392158873,2019-07-18-23-37-25
1.0,30.861238250747068,121.45484012950139,2019-07-18-23-37-25
1.0,30.86129553250042,121.47665836975456,2019-07-18-23-37-25
1.0,30.861296248159373,121.47690922328985,2019-07-18-23-37-25
1.0,30.861480072055457,121.45133054353211,2019-07-18-23-37-25
1.0,30.861503374858742,121.46110828656364,2019-07-18-23-37-25
1.0,30.861506559308616,121.46236207859637,2019-07-18-23-37-25
1.0,30.861507201108765,121.46261284288538,2019-07-18-23-37-25
1.0,30.861745150297672,121.45784864440849,2019-07-18-23-37-25
1.0,30.861808261606626,121.48117385833626,2019-07-18-23-37-25
1.0,30.86200119569381,121.46035599280415,2019-07-18-23-37-25
1.0,30.862235338519582,121.45383726431896,2019-07-18-23-37-25
1.0,30.862238262361522,121.45509074508935,2019-07-18-23-37-25
1.0,30.86227060169197,121.46787925625434,2019-07-18-23-37-25
1.0,30.862484615296985,121.45358655383582,2019-07-18-23-37-25
1.0,30.862486357923558,121.45433862838593,2019-07-18-23-37-25
1.0,30.862490491677114,121.45609354960958,2019-07-18-23-37-25
1.0,30.86251710463505,121.46662524090026,2019-07-18-23-37-25
1.0,30.862800418060896,121.47866510332148,2019-07-18-23-37-25
1.0,30.862878597480872,121.50500864738669,2019-07-18-23-37-25
1.0,30.862986654023953,121.45458928195781,2019-07-18-23-37-25
1.0,30.862993819568793,121.45759781275156,2019-07-18-23-37-25
1.0,30.86299565253939,121.45834999508104,2019-07-18-23-37-25
1.0,30.86305027370407,121.4786650822143,2019-07-18-23-37-25
1.0,30.863135117423568,121.50726663479671,2019-07-18-23-37-25
1.0,30.86324005862886,121.45609348574862,2019-07-18-23-37-25
1.0,30.86324489537661,121.45809924421278,2019-07-18-23-37-25
1.0,30.863248598756076,121.45960365361421,2019-07-18-23-37-25
1.0,30.863297965763064,121.4779124800697,2019-07-18-23-37-25
1.0,30.863299407255678,121.47841419967352,2019-07-18-23-37-25
1.0,30.863545665936226,121.47715988791605,2019-07-18-23-37-25
1.0,30.863552156292013,121.4794176306596,2019-07-18-23-37-25
1.0,30.86355652107142,121.48092283927019,2019-07-18-23-37-25
1.0,30.86367552658183,121.52156568310109,2019-07-18-23-37-25
1.0,30.863735636076964,121.45433852188847,2019-07-18-23-37-25
1.0,30.86373976982775,121.45609344317369,2019-07-18-23-37-25
1.0,30.86374583394679,121.45860066300543,2019-07-18-23-37-25
1.0,30.863748933324132,121.45985435333571,2019-07-18-23-37-25
1.0,30.864018245760622,121.46737750510201,2019-07-18-23-37-25
1.0,30.864308280493095,121.48167539319171,2019-07-18-23-37-25
1.0,30.86448993459757,121.45634409140571,2019-07-18-23-37-25
1.0,30.864501642526943,121.46110803155916,2019-07-18-23-37-25
1.0,30.864639400901016,121.50902270349121,2019-07-18-23-37-25
2.0,30.864739191981908,121.45609335802142,2019-07-18-23-37-25
1.0,30.864752131613706,121.46135876477611,2019-07-18-23-37-25
1.0,30.86484672477314,121.49472164866265,2019-07-18-23-37-25
1.0,30.86495929586407,121.44230791460122,2019-07-18-23-37-25
1.0,30.864963213439086,121.44431257985313,2019-07-18-23-37-25
1.0,30.86498608521133,121.45483981006136,2019-07-18-23-37-25
1.0,30.86500135352004,121.46110798905566,2019-07-18-23-37-25
1.0,30.865002622345123,121.46160949999022,2019-07-18-23-37-25
1.0,30.865017667819384,121.46737742029093,2019-07-18-23-37-25
1.0,30.865157910281454,121.5155453117605,2019-07-18-23-37-25
1.0,30.865238902938003,121.45609331544411,2019-07-18-23-37-25
1.0,30.86537492224658,121.50425575963297,2019-07-18-23-37-25
1.0,30.865441164944198,121.52783574324704,2019-07-18-23-37-25
1.0,30.865556095328976,121.48117354204767,2019-07-18-23-37-25
1.0,30.86561656671891,121.50149588359423,2019-07-18-23-37-25
1.0,30.86573101257722,121.45283422340088,2019-07-18-23-37-25
1.0,30.865732737444144,121.45358627686478,2019-07-18-23-37-25
1.0,30.865738613813992,121.45609327286601,2019-07-18-23-37-25
1.0,30.86576925420014,121.4681297633774,2019-07-18-23-37-25
1.0,30.865792218489652,121.47640713711482,2019-07-18-23-37-25
1.0,30.865866422131774,121.50149586268918,2019-07-18-23-37-25
1.0,30.865927626594434,121.52281961635066,2019-07-18-23-37-25
1.0,30.86598609560294,121.4550904256638,2019-07-18-23-37-25
1.0,30.866237134006628,121.455591812802,2019-07-18-23-37-25
1.0,30.866244388721345,121.45860045029967,2019-07-18-23-37-25
1.0,30.866304931353497,121.48092260729038,2019-07-18-23-37-25
1.0,30.866447609909425,121.53059421283064,2019-07-18-23-37-25
1.0,30.866487583733196,121.45584249912736,2019-07-18-23-37-25
1.0,30.86652909911486,121.47189194891827,2019-07-18-23-37-25
1.0,30.86653399022538,121.47364777947237,2019-07-18-23-37-25
1.0,30.866697465252987,121.53059419217274,2019-07-18-23-37-25
1.0,30.86673507307141,121.45483966097417,2019-07-18-23-37-25
1.0,30.86673684472396,121.45559177021522,2019-07-18-23-37-25
1.0,30.866918139405946,121.51955874754397,2019-07-18-23-37-25
1.0,30.86692637056031,121.5225687124674,2019-07-18-23-37-25
1.0,30.86697633518757,121.45107940924599,2019-07-18-23-37-25
1.0,30.866986700053022,121.45559174892155,2019-07-18-23-37-25
1.0,30.866995809134004,121.45935259447316,2019-07-18-23-37-25
1.0,30.867231292659813,121.45333546215772,2019-07-18-23-37-25
1.0,30.86723655536242,121.45559172762768,2019-07-18-23-37-25
1.0,30.867273832490305,121.47013612577369,2019-07-18-23-37-25
1.0,30.867446400947173,121.53034336197923,2019-07-18-23-37-25
1.0,30.867485227637832,121.45509029788117,2019-07-18-23-37-25
1.0,30.86766561955589,121.51880616311342,2019-07-18-23-37-25
1.0,30.867671843818204,121.52106369328374,2019-07-18-23-37-25
1.0,30.867676613879404,121.52281947131075,2019-07-18-23-37-25
1.0,30.86767931002655,121.52382274012649,2019-07-18-23-37-25
1.0,30.86768529321253,121.52608000230252,2019-07-18-23-37-25
1.0,30.867731580161607,121.45358610640452,2019-07-18-23-37-25
1.0,30.867735082908208,121.45509027658338,2019-07-18-23-37-25
1.0,30.86773686028004,121.45584239266682,2019-07-18-23-37-25
1.0,30.867737456525127,121.45609310254574,2019-07-18-23-37-25
1.0,30.8677882122802,121.4754035705584,2019-07-18-23-37-25
1.0,30.867926469127163,121.52281945059,2019-07-18-23-37-25
1.0,30.867939070110626,121.52758474810518,2019-07-18-23-37-25
1.0,30.8679735419597,121.45007668766567,2019-07-18-23-37-25
1.0,30.86798143541295,121.45358608509609,2019-07-18-23-37-25
1.0,30.86798731177568,121.45609308125482,2019-07-18-23-37-25
1.0,30.86803948995396,121.47590524573246,2019-07-18-23-37-25
1.0,30.868228425858792,121.45233265315744,2019-07-18-23-37-25
1.0,30.868228994814583,121.45258333051821,2019-07-18-23-37-25
1.0,30.868276699218224,121.471390147667,2019-07-18-23-37-25
1.0,30.868415881668827,121.51905694289734,2019-07-18-23-37-25
1.0,30.86869441159378,121.52984171655731,2019-07-18-23-37-25
1.0,30.8687236580618,121.4503272790242,2019-07-18-23-37-25
1.0,30.868724765246945,121.45082859718435,2019-07-18-23-37-25
1.0,30.868799119303688,121.47941718749308,2019-07-18-23-37-25
1.0,30.868820443257732,121.486692648922,2019-07-18-23-37-25
1.0,30.868923172065557,121.52181607469741,2019-07-18-23-37-25
1.0,30.869172344445627,121.52156522703963,2019-07-18-23-37-25
1.0,30.869229559481287,121.45308460715876,2019-07-18-23-37-25
1.0,30.86942424394539,121.52231768271517,2019-07-18-23-37-25
1.0,30.869528753611657,121.47239335378234,2019-07-18-23-37-25
1.0,30.86978847612058,121.47590509778365,2019-07-18-23-37-25
1.0,30.869887827468737,121.50952402921494,2019-07-18-23-37-25
1.0,30.86992463295398,121.52256846378799,2019-07-18-23-37-25
1.0,30.869935303080407,121.52658141176319,2019-07-18-23-37-25
1.0,30.869985556839545,121.45584220102549,2019-07-18-23-37-25
1.0,30.870079422385132,121.48995414258258,2019-07-18-23-37-25
1.0,30.870298250008208,121.47941706085832,2019-07-18-23-37-25
1.0,30.87056868543964,121.4864416131769,2019-07-18-23-37-25
1.0,30.870573899566512,121.48819784439841,2019-07-18-23-37-25
1.0,30.870609175843793,121.49999007353702,2019-07-18-23-37-25
1.0,30.870685522632034,121.52683214500034,2019-07-18-23-37-25
1.0,30.87083198450648,121.49095766371478,2019-07-18-23-37-25
1.0,30.870932750979723,121.52582893287152,2019-07-18-23-37-25
1.0,30.870933409912507,121.52607973326229,2019-07-18-23-37-25
1.0,30.870936681808924,121.52733370977684,2019-07-18-23-37-25
1.0,30.871052179867565,121.48092220654263,2019-07-18-23-37-25
1.0,30.871217331097508,121.44807125807853,2019-07-18-23-37-25
1.0,30.87175777530636,121.46511971985886,2019-07-18-23-37-25
1.0,30.871802474964866,121.4811730148029,2019-07-18-23-37-25
1.0,30.872063364405747,121.4849361695134,2019-07-18-23-37-25
1.0,30.872245263465032,121.46035512117452,2019-07-18-23-37-25
1.0,30.87231618457432,121.4859396907779,2019-07-18-23-37-25
1.0,30.872423182844297,121.52256825653429,2019-07-18-23-37-25
1.0,30.87258096917505,121.49095751668006,2019-07-18-23-37-25
1.0,30.87268696432023,121.52783514349063,2019-07-18-23-37-25
1.0,30.872687610920355,121.52808593010788,2019-07-18-23-37-25
1.0,30.872708723980182,121.44431191743105,2019-07-18-23-37-25
1.0,30.872741238344528,121.45885063110184,2019-07-18-23-37-25
1.0,30.872796799668528,121.47941684978484,2019-07-18-23-37-25
1.0,30.872830074414637,121.49070659906036,2019-07-18-23-37-25
1.0,30.872937465786023,121.52808590942577,2019-07-18-23-37-25
1.0,30.872983816525807,121.45584194547888,2019-07-18-23-37-25
1.0,30.8730539443824,121.48192552948382,2019-07-18-23-37-25
1.0,30.87329217447052,121.47791163535571,2019-07-18-23-37-25
1.0,30.873491421024692,121.4591013033247,2019-07-18-23-37-25
1.0,30.873500254678678,121.46261182324652,2019-07-18-23-37-25
1.0,30.873542749594947,121.47816247357592,2019-07-18-23-37-25
1.0,30.87398866879073,121.45809832929798,2019-07-18-23-37-25
1.0,30.87399113063674,121.45910126077716,2019-07-18-23-37-25
1.0,30.873995506161037,121.46085647132576,2019-07-18-23-37-25
1.0,30.874238523569726,121.45809830801657,2019-07-18-23-37-25
1.0,30.87424160529772,121.4593519776587,2019-07-18-23-37-25
1.0,30.8742441022041,121.46035495106193,2019-07-18-23-37-25
1.0,30.87424536093915,121.46085645006475,2019-07-18-23-37-25
1.0,30.874290874276888,121.47766069263038,2019-07-18-23-37-25
1.0,30.874458710128124,121.44481296156678,2019-07-18-23-37-25
1.0,30.874488991119097,121.45834901641456,2019-07-18-23-37-25
1.0,30.874489605696244,121.4585997482312,2019-07-18-23-37-25
1.0,30.874491460058156,121.45935195638629,2019-07-18-23-37-25
1.0,30.874514857960015,121.46837982695908,2019-07-18-23-37-25
1.0,30.874601599188814,121.49823343903569,2019-07-18-23-37-25
1.0,30.87473823307329,121.45809826545316,2019-07-18-23-37-25
1.0,30.874972254430187,121.45132939203899,2019-07-18-23-37-25
1.0,30.874989931518815,121.4588504396204,2019-07-18-23-37-25
1.0,30.87499116952475,121.45935191384086,2019-07-18-23-37-25
1.0,30.87503046876427,121.47414873855261,2019-07-18-23-37-25
1.0,30.875238555292924,121.45834895257403,2019-07-18-23-37-25
1.0,30.875240404349032,121.45910115440486,2019-07-18-23-37-25
1.0,30.87524102423102,121.45935189256787,2019-07-18-23-37-25
1.0,30.875348157273336,121.4972297739271,2019-07-18-23-37-25
1.0,30.875394085778215,121.51278495315378,2019-07-18-23-37-25
1.0,30.87542615355587,121.52432372316406,2019-07-18-23-37-25
1.0,30.8754301380892,121.52582856026525,2019-07-18-23-37-25
1.0,30.87548840998156,121.45834893129346,2019-07-18-23-37-25
1.0,30.87549025903743,121.4591011331298,2019-07-18-23-37-25
1.0,30.87549212391685,121.45985335388251,2019-07-18-23-37-25
1.0,30.875492749011915,121.46010409828173,2019-07-18-23-37-25
1.0,30.87572181850279,121.45132932805028,2019-07-18-23-37-25
1.0,30.875780738266663,121.4743995162795,2019-07-18-23-37-25
1.0,30.875831331472245,121.49170993551506,2019-07-18-23-37-25
1.0,30.875856127465337,121.49998963412447,2019-07-18-23-37-25
1.0,30.87592719686865,121.52482530060323,2019-07-18-23-37-25
1.0,30.876041296868138,121.47816226236847,2019-07-18-23-37-25
1.0,30.876061040882167,121.48493583254144,2019-07-18-23-37-25
1.0,30.876105231997567,121.49973871370521,2019-07-18-23-37-25
1.0,30.87615578033025,121.51704952713496,2019-07-18-23-37-25
1.0,30.876220969027337,121.45107862009998,2019-07-18-23-37-25
1.0,30.87624356829959,121.46060552943813,2019-07-18-23-37-25
1.0,30.87628115407073,121.47465031647937,2019-07-18-23-37-25
1.0,30.876298401437197,121.48067089288541,2019-07-18-23-37-25
1.0,30.876493422916216,121.46060550817349,2019-07-18-23-37-25
1.0,30.876725780383584,121.45333465224894,2019-07-18-23-37-25
2.0,30.87674327751515,121.46060548690863,2019-07-18-23-37-25
1.0,30.876762199141872,121.46787802650036,2019-07-18-23-37-25
1.0,30.876843525690205,121.4959751446366,2019-07-18-23-37-25
1.0,30.876994394212005,121.46110696873612,2019-07-18-23-37-25
1.0,30.877141623097273,121.51228306601189,2019-07-18-23-37-25
1.0,30.877171100015794,121.52281868378917,2019-07-18-23-37-25
1.0,30.87717245084285,121.52332032142537,2019-07-18-23-37-25
1.0,30.877351502480558,121.49873500933913,2019-07-18-23-37-25
1.0,30.87742095455864,121.52281866306122,2019-07-18-23-37-25
1.0,30.877478835112836,121.45483874494121,2019-07-18-23-37-25
1.0,30.877762292081233,121.46812874566247,2019-07-18-23-37-25
1.0,30.877766368792475,121.46963360383675,2019-07-18-23-37-25
1.0,30.87779316887059,121.47916556285743,2019-07-18-23-37-25
1.0,30.87781298813929,121.48593922762093,2019-07-18-23-37-25
1.0,30.877962878021165,121.44782004904013,2019-07-18-23-37-25
1.0,30.8782806980631,121.47490099107806,2019-07-18-23-37-25
1.0,30.878419016300754,121.52231693645226,2019-07-18-23-37-25
1.0,30.878530552534976,121.47490096992658,2019-07-18-23-37-25
1.0,30.87857223959286,121.48920074388653,2019-07-18-23-37-25
1.0,30.87867022701094,121.52281855941862,2019-07-18-23-37-25
1.0,30.878719514433957,121.4510784067709,2019-07-18-23-37-25
1.0,30.87877687979518,121.4736467427505,2019-07-18-23-37-25
1.0,30.87877758306035,121.47389758130753,2019-07-18-23-37-25
1.0,30.878793311415556,121.47941634312913,2019-07-18-23-37-25
1.0,30.878924117277823,121.52432343314648,2019-07-18-23-37-25
1.0,30.879175305693973,121.52482503135043,2019-07-18-23-37-25
1.0,30.879603195099698,121.49973842068198,2019-07-18-23-37-25
1.0,30.879681595825538,121.52733298562862,2019-07-18-23-37-25
1.0,30.879931450193936,121.52733296493527,2019-07-18-23-37-25
1.0,30.879968229785547,121.45082763724004,2019-07-18-23-37-25
1.0,30.880051340063588,121.4824266902933,2019-07-18-23-37-25
1.0,30.88012672978678,121.50776698979794,2019-07-18-23-37-25
1.0,30.88042985472479,121.52683133792955,2019-07-18-23-37-25
1.0,30.88043439181383,121.52858685687806,2019-07-18-23-37-25
1.0,30.880650332533627,121.51604573766603,2019-07-18-23-37-25
1.0,30.88065104117224,121.51629659328106,2019-07-18-23-37-25
1.0,30.881110557574925,121.50249817649636,2019-07-18-23-37-25
1.0,30.881174140444823,121.52482486564048,2019-07-18-23-37-25
1.0,30.88129330673863,121.47991786455655,2019-07-18-23-37-25
1.0,30.881794470202305,121.4804195588967,2019-07-18-23-37-25
1.0,30.881901726638688,121.5167981971264,2019-07-18-23-37-25
1.0,30.881963225808995,121.44907289606655,2019-07-18-23-37-25
1.0,30.88273978271864,121.46060497649336,2019-07-18-23-37-25
1.0,30.88298900837583,121.46035420667155,2019-07-18-23-37-25
1.0,30.88298963689235,121.4606049552236,2019-07-18-23-37-25
1.0,30.883013309887957,121.46963315870131,2019-07-18-23-37-25
1.0,30.88301399395376,121.46988397401451,2019-07-18-23-37-25
1.0,30.8830898847718,121.49597462048783,2019-07-18-23-37-25
1.0,30.88325240352241,121.46562031507952,2019-07-18-23-37-25
1.0,30.883255727618685,121.46687427561929,2019-07-18-23-37-25
1.0,30.883256396758245,121.46712507292744,2019-07-18-23-37-25
1.0,30.883431354107284,121.5280850406062,2019-07-18-23-37-25
1.0,30.88363420852194,121.51102815480913,2019-07-18-23-37-25
1.0,30.883765616245903,121.47063636566945,2019-07-18-23-37-25
1.0,30.8839865496416,121.4596018882069,2019-07-18-23-37-25
1.0,30.883988424908264,121.46035412158304,2019-07-18-23-37-25
1.0,30.884006629679803,121.4673758082854,2019-07-18-23-37-25
1.0,30.88401409582718,121.47013470610372,2019-07-18-23-37-25
1.0,30.884014782456923,121.47038552452582,2019-07-18-23-37-25
1.0,30.88402241627164,121.47314462516445,2019-07-18-23-37-25
1.0,30.884238279000957,121.46035410031041,2019-07-18-23-37-25
1.0,30.884238907517076,121.46060484887185,2019-07-18-23-37-25
1.0,30.88423953772955,121.46085559946367,2019-07-18-23-37-25
1.0,30.884335395491195,121.49472001275542,2019-07-18-23-37-25
1.0,30.88433765136629,121.49547271425838,2019-07-18-23-37-25
1.0,30.884582994092597,121.49396729131789,2019-07-18-23-37-25
1.0,30.884699272247346,121.44305795437297,2019-07-18-23-37-25
1.0,30.884856127241985,121.50174517119643,2019-07-18-23-37-25
1.0,30.88495826850647,121.44756882099685,2019-07-18-23-37-25
1.0,30.885069197742038,121.48945109148949,2019-07-18-23-37-25
1.0,30.8850706945156,121.4899528814698,2019-07-18-23-37-25
1.0,30.885081198935627,121.49346544981525,2019-07-18-23-37-25
1.0,30.88508270217544,121.4939672493421,2019-07-18-23-37-25
1.0,30.885431475014315,121.52858644316142,2019-07-18-23-37-25
1.0,30.885456402453507,121.44681690373876,2019-07-18-23-37-25
1.0,30.88567874582316,121.5275832791792,2019-07-18-23-37-25
1.0,30.885792135975382,121.48041922116657,2019-07-18-23-37-25
1.0,30.885796519110166,121.48192445381534,2019-07-18-23-37-25
1.0,30.885802402223664,121.48393147940514,2019-07-18-23-37-25
1.0,30.88603044605089,121.47640542504074,2019-07-18-23-37-25
1.0,30.88621183159591,121.449573826466,2019-07-18-23-37-25
1.0,30.88621237784486,121.44982447693165,2019-07-18-23-37-25
1.0,30.886295494687733,121.48167353722432,2019-07-18-23-37-25
1.0,30.88651332263466,121.47038531258009,2019-07-18-23-37-25
1.0,30.88653230089518,121.47715794399433,2019-07-18-23-37-25
1.0,30.886595357933636,121.49848333410293,2019-07-18-23-37-25
1.0,30.88676317656584,121.47038529138445,2019-07-18-23-37-25
1.0,30.886964145644228,121.45082703973962,2019-07-18-23-37-25
1.0,30.88701371837491,121.47063609016557,2019-07-18-23-37-25
1.0,30.8870590792461,121.48644022380964,2019-07-18-23-37-25
1.0,30.88720229177514,121.44531307612324,2019-07-18-23-37-25
1.0,30.887231561063224,121.45834793088483,2019-07-18-23-37-25
1.0,30.887347172295105,121.49923597197983,2019-07-18-23-37-25
1.0,30.8874882713874,121.46110607558529,2019-07-18-23-37-25
1.0,30.88759477352742,121.4984832503081,2019-07-18-23-37-25
1.0,30.887604520714778,121.50174494109268,2019-07-18-23-37-25
1.0,30.887676276136943,121.5270815313455,2019-07-18-23-37-25
1.0,30.88771764724965,121.45258166730568,2019-07-18-23-37-25
1.0,30.88774259486227,121.46286137826108,2019-07-18-23-37-25
1.0,30.887848380867567,121.49973772983527,2019-07-18-23-37-25
1.0,30.88785063047834,121.50049042801706,2019-07-18-23-37-25
1.0,30.887954421470805,121.44656607043832,2019-07-18-23-37-25
1.0,30.88804593737617,121.48217513923206,2019-07-18-23-37-25
1.0,30.8880982347117,121.49973770889726,2019-07-18-23-37-25
1.0,30.888320293483975,121.4904543997916,2019-07-18-23-37-25
1.0,30.888570147300783,121.49045437876916,2019-07-18-23-37-25
1.0,30.888740725002428,121.46235976230487,2019-07-18-23-37-25
1.0,30.888743949970305,121.46361360399689,2019-07-18-23-37-25
1.0,30.888910160767555,121.52131276007216,2019-07-18-23-37-25
1.0,30.88900708206573,121.46862940425943,2019-07-18-23-37-25
1.0,30.889328715117028,121.49346509291271,2019-07-18-23-37-25
1.0,30.889409182952967,121.52106188860424,2019-07-18-23-37-25
1.0,30.889575563834175,121.49246147513207,2019-07-18-23-37-25
1.0,30.889694419408073,121.4420552264482,2019-07-18-23-37-25
1.0,30.889714776922343,121.4518294713563,2019-07-18-23-37-25
1.0,30.8897420702938,121.46311197656179,2019-07-18-23-37-25
1.0,30.889753269789246,121.46737532021866,2019-07-18-23-37-25
1.0,30.88992102033277,121.52557655701757,2019-07-18-23-37-25
1.0,30.88995119288949,121.44556344734384,2019-07-18-23-37-25
1.0,30.890158744146593,121.52106182634827,2019-07-18-23-37-25
1.0,30.89017087404758,121.52557653630242,2019-07-18-23-37-25
2.0,30.890591516314913,121.49798119778958,2019-07-18-23-37-25
1.0,30.890673868493366,121.52683048916013,2019-07-18-23-37-25
1.0,30.890699738018576,121.44506217312005,2019-07-18-23-37-25
1.0,30.890853367611626,121.50199556672273,2019-07-18-23-37-25
1.0,30.89102184109703,121.4743982255418,2019-07-18-23-37-25
1.0,30.891085961580995,121.49622485022527,2019-07-18-23-37-25
1.0,30.891253737271892,121.46787679608786,2019-07-18-23-37-25
1.0,30.891272401276954,121.47464904701108,2019-07-18-23-37-25
1.0,30.89127737600559,121.47640498096096,2019-07-18-23-37-25
1.0,30.891278090689113,121.47665583357106,2019-07-18-23-37-25
1.0,30.89132904798058,121.49396672457972,2019-07-18-23-37-25
1.0,30.891338070864993,121.49697753182734,2019-07-18-23-37-25
1.0,30.891412782512674,121.52281750199333,2019-07-18-23-37-25
1.0,30.891501575069306,121.46712437257852,2019-07-18-23-37-25
1.0,30.891658551485527,121.52131253181912,2019-07-18-23-37-25
1.0,30.891698145711015,121.44456088824398,2019-07-18-23-37-25
1.0,30.8917770832773,121.47640493866317,2019-07-18-23-37-25
1.0,30.891777797960653,121.47665579127755,2019-07-18-23-37-25
1.0,30.892077105613552,121.49346486194607,2019-07-18-23-37-25
1.0,30.892098893161684,121.50074097115171,2019-07-18-23-37-25
1.0,30.892212750790314,121.45157858769213,2019-07-18-23-37-25
1.0,30.89221387855553,121.45207993067469,2019-07-18-23-37-25
1.0,30.892215014433052,121.45258128331697,2019-07-18-23-37-25
1.0,30.8922237846342,121.45634172739379,2019-07-18-23-37-25
1.0,30.892230485015492,121.45909970725349,2019-07-18-23-37-25
1.0,30.892326207749893,121.49321394140004,2019-07-18-23-37-25
1.0,30.892470077896068,121.45483746614686,2019-07-18-23-37-25
1.0,30.892483455365824,121.46035339820364,2019-07-18-23-37-25
1.0,30.89251050069477,121.47063562385293,2019-07-18-23-37-25
1.0,30.892573056869324,121.49221032442759,2019-07-18-23-37-25
1.0,30.8925888423184,121.4974792286652,2019-07-18-23-37-25
1.0,30.892612772974942,121.50550794638751,2019-07-18-23-37-25
1.0,30.892767300158884,121.47314388407094,2019-07-18-23-37-25
1.0,30.89277507122648,121.47590315242583,2019-07-18-23-37-25
1.0,30.892843203367963,121.49898461105168,2019-07-18-23-37-25
1.0,30.892868543706474,121.50751503924734,2019-07-18-23-37-25
1.0,30.893012278971913,121.4713880505818,2019-07-18-23-37-25
1.0,30.89301645382493,121.47289302831352,2019-07-18-23-37-25
1.0,30.893060782643484,121.48819595101249,2019-07-18-23-37-25
1.0,30.89307276398643,121.49221028240767,2019-07-18-23-37-25
1.0,30.893097558064017,121.50048998842136,2019-07-18-23-37-25
1.0,30.893112480083,121.50550790460807,2019-07-18-23-37-25
1.0,30.893118397252692,121.50751501837547,2019-07-18-23-37-25
1.0,30.893119134265753,121.50776590483109,2019-07-18-23-37-25
1.0,30.893204503838305,121.4480693787418,2019-07-18-23-37-25
1.0,30.893225609957074,121.45734451354424,2019-07-18-23-37-25
1.0,30.893239376260286,121.46286091057165,2019-07-18-23-37-25
1.0,30.89330914433431,121.48769414643832,2019-07-18-23-37-25
1.0,30.893359362318346,121.50450431362022,2019-07-18-23-37-25
1.0,30.89339570992272,121.51704809317005,2019-07-18-23-37-25
1.0,30.89339641428201,121.51729894419337,2019-07-18-23-37-25
1.0,30.893453826123096,121.44781872469264,2019-07-18-23-37-25
1.0,30.89348922979317,121.46286088931078,2019-07-18-23-37-25
1.0,30.89348987479595,121.46311165769833,2019-07-18-23-37-25
1.0,30.89349707240321,121.46587023310553,2019-07-18-23-37-25
1.0,30.893609959385476,121.50475518599121,2019-07-18-23-37-25
1.0,30.893636312272314,121.51378690528988,2019-07-18-23-37-25
1.0,30.893637029814354,121.51403777077114,2019-07-18-23-37-25
1.0,30.89370421089932,121.44806933601181,2019-07-18-23-37-25
1.0,30.893727757309705,121.45834737728053,2019-07-18-23-37-25
1.0,30.893728371880677,121.45859810923848,2019-07-18-23-37-25
1.0,30.893746264022713,121.46561942318678,2019-07-18-23-37-25
1.0,30.89383735832994,121.4972282230242,2019-07-18-23-37-25
1.0,30.893873835623456,121.50952202804591,2019-07-18-23-37-25
1.0,30.893886883315922,121.51403774995622,2019-07-18-23-37-25
1.0,30.89388759991709,121.51428861441268,2019-07-18-23-37-25
1.0,30.89388903024793,121.51479034018759,2019-07-18-23-37-25
1.0,30.89389541693794,121.51704805159234,2019-07-18-23-37-25
1.0,30.893956753013423,121.44932251653306,2019-07-18-23-37-25
2.0,30.893991526326385,121.4638639317508,2019-07-18-23-37-25
1.0,30.894087211823155,121.49722820205884,2019-07-18-23-37-25
1.0,30.894100716201464,121.50174439711871,2019-07-18-23-37-25
1.0,30.89416853150202,121.5255762048343,2019-07-18-23-37-25
1.0,30.8942546871356,121.4688797678101,2019-07-18-23-37-25
1.0,30.894298167068502,121.48418164447382,2019-07-18-23-37-25
1.0,30.894411025095216,121.52281725311566,2019-07-18-23-37-25
1.0,30.89448607989295,121.46185775001099,2019-07-18-23-37-25
1.0,30.894553946520368,121.48618870394542,2019-07-18-23-37-25
1.0,30.89455617715112,121.48694136993554,2019-07-18-23-37-25
1.0,30.894806030606023,121.4869413488767,2019-07-18-23-37-25
1.0,30.894856994754836,121.50400240026163,2019-07-18-23-37-25
1.0,30.894857739212217,121.50425329446978,2019-07-18-23-37-25
1.0,30.89498199049368,121.46035318540173,2019-07-18-23-37-25
1.0,30.89501041531791,121.47113705648411,2019-07-18-23-37-25
1.0,30.895050686120342,121.48518511601344,2019-07-18-23-37-25
1.0,30.89505662850436,121.48719221767325,2019-07-18-23-37-25
1.0,30.895100877940088,121.5019952110582,2019-07-18-23-37-25
1.0,30.89518085769585,121.53059183593525,2019-07-18-23-37-25
1.0,30.895231843929807,121.46035316412046,2019-07-18-23-37-25
1.0,30.895312452180708,121.48919933470414,2019-07-18-23-37-25
1.0,30.895440574968895,121.4418041661388,2019-07-18-23-37-25
1.0,30.895442496469837,121.44280645527071,2019-07-18-23-37-25
1.0,30.895566048209854,121.49045379006243,2019-07-18-23-37-25
1.0,30.895572049610713,121.49246097095212,2019-07-18-23-37-25
1.0,30.89569234988403,121.44280643387233,2019-07-18-23-37-25
2.0,30.895698336327925,121.4458135646892,2019-07-18-23-37-25
1.0,30.895730923955288,121.46010237495213,2019-07-18-23-37-25
1.0,30.895732809482112,121.4608546208837,2019-07-18-23-37-25
1.0,30.895803213658386,121.48618859861564,2019-07-18-23-37-25
1.0,30.89581590160856,121.49045376903439,2019-07-18-23-37-25
1.0,30.89581665098511,121.49070466549782,2019-07-18-23-37-25
1.0,30.895846695549473,121.50074065714847,2019-07-18-23-37-25
1.0,30.895849690254458,121.50174425064199,2019-07-18-23-37-25
1.0,30.89588499328607,121.51378671792901,2019-07-18-23-37-25
1.0,30.89595721931559,121.45007429724454,2019-07-18-23-37-25
1.0,30.895982662877064,121.4608545996056,2019-07-18-23-37-25
1.0,30.8960523244586,121.48593769010975,2019-07-18-23-37-25
1.0,30.896083783817716,121.496475331637,2019-07-18-23-37-25
1.0,30.896095049923947,121.50023883792744,2019-07-18-23-37-25
2.0,30.896226291748434,121.45834716432037,2019-07-18-23-37-25
1.0,30.896230630732113,121.46010233238447,2019-07-18-23-37-25
1.0,30.896345652922683,121.5004897162482,2019-07-18-23-37-25
1.0,30.89640370785204,121.52055964319169,2019-07-18-23-37-25
1.0,30.896546109571723,121.48393057283847,2019-07-18-23-37-25
2.0,30.89669031875734,121.4420546272267,2019-07-18-23-37-25
1.0,30.89670405882624,121.44882099314883,2019-07-18-23-37-25
1.0,30.896712947919216,121.45283157921213,2019-07-18-23-37-25
1.0,30.896854331647347,121.50350044325697,2019-07-18-23-37-25
1.0,30.896901343392255,121.51980709483573,2019-07-18-23-37-25
1.0,30.89697040237122,121.45609061017204,2019-07-18-23-37-25
1.0,30.89702329251306,121.47615364302717,2019-07-18-23-37-25
1.0,30.897051737869987,121.48593760583269,2019-07-18-23-37-25
1.0,30.897097460260163,121.50124234979226,2019-07-18-23-37-25
1.0,30.897206486105016,121.45007419047153,2019-07-18-23-37-25
1.0,30.897223872204925,121.45759489605183,2019-07-18-23-37-25
1.0,30.897228174052497,121.45935001977357,2019-07-18-23-37-25
1.0,30.897255656330007,121.46988276547178,2019-07-18-23-37-25
1.0,30.897272433121614,121.47590277161929,2019-07-18-23-37-25
1.0,30.897452012095766,121.44806901551168,2019-07-18-23-37-25
1.0,30.897469512780674,121.45583985745341,2019-07-18-23-37-25
1.0,30.897478648990166,121.45960073890134,2019-07-18-23-37-25
1.0,30.897479272350708,121.45985148139825,2019-07-18-23-37-25
1.0,30.89758365571286,121.49672610671058,2019-07-18-23-37-25
1.0,30.897596418046433,121.50099140939433,2019-07-18-23-37-25
1.0,30.897638969242223,121.51554260874073,2019-07-18-23-37-25
1.0,30.897839520830548,121.49873329170008,2019-07-18-23-37-25
1.0,30.898003849402475,121.46938107254469,2019-07-18-23-37-25
1.0,30.898006588198488,121.4703843373778,2019-07-18-23-37-25
1.0,30.898017738195616,121.47439763282884,2019-07-18-23-37-25
1.0,30.89827398737856,121.47665524139109,2019-07-18-23-37-25
1.0,30.898338476323318,121.49848234931929,2019-07-18-23-37-25
1.0,30.898495468343818,121.46637139104624,2019-07-18-23-37-25
1.0,30.898504922755247,121.46988265942892,2019-07-18-23-37-25
1.0,30.898521699536847,121.47590266582849,2019-07-18-23-37-25
1.0,30.89855308679205,121.48669014366774,2019-07-18-23-37-25
1.0,30.89855383079978,121.48694103297085,2019-07-18-23-37-25
1.0,30.898565787112723,121.49095533104854,2019-07-18-23-37-25
1.0,30.89856653698363,121.4912062282393,2019-07-18-23-37-25
1.0,30.898697089857894,121.44606391987024,2019-07-18-23-37-25
1.0,30.89869760570777,121.4463145342863,2019-07-18-23-37-25
1.0,30.898718184815205,121.4555890430235,2019-07-18-23-37-25
1.0,30.89873041913033,121.46060361483242,2019-07-18-23-37-25
1.0,30.898745321590724,121.46637136980873,2019-07-18-23-37-25
1.0,30.89899717794112,121.4671237357125,2019-07-18-23-37-25
1.0,30.899210909804637,121.45258068587408,2019-07-18-23-37-25
1.0,30.899211480760595,121.45283136583892,2019-07-18-23-37-25
1.0,30.899216708282843,121.45508759148514,2019-07-18-23-37-25
1.0,30.89921848562471,121.45583970823631,2019-07-18-23-37-25
1.0,30.899220279953447,121.45659184525668,2019-07-18-23-37-25
1.0,30.899251075262345,121.46862853440926,2019-07-18-23-37-25
1.0,30.899251754055367,121.46887934349253,2019-07-18-23-37-25
1.0,30.8994642185785,121.45408477987026,2019-07-18-23-37-25
1.0,30.899467744488707,121.4555889790662,2019-07-18-23-37-25
1.0,30.899468338836247,121.4558396869188,2019-07-18-23-37-25
1.0,30.899977181418432,121.45960052600402,2019-07-18-23-37-25
1.0,30.899981580850106,121.46135576659408,2019-07-18-23-37-25
1.0,30.899982216083792,121.46160652332402,2019-07-18-23-37-25
1.0,30.90012961956898,121.51278289184619,2019-07-18-23-37-25
1.0,30.900190195284566,121.4430566279164,2019-07-18-23-37-25
1.0,30.900190683830818,121.44330720992373,2019-07-18-23-37-25
1.0,30.90022828303724,121.46010199181478,2019-07-18-23-37-25
1.0,30.900233984840032,121.46235878408727,2019-07-18-23-37-25
1.0,30.900276400705955,121.47790935307187,2019-07-18-23-37-25
1.0,30.900307276215898,121.48844623318541,2019-07-18-23-37-25
1.0,30.900320012940373,121.49271147068262,2019-07-18-23-37-25
1.0,30.900437640732527,121.44180373801989,2019-07-18-23-37-25
1.0,30.900442514276616,121.44430954397292,2019-07-18-23-37-25
1.0,30.900502381540473,121.46938086040718,2019-07-18-23-37-25
2.0,30.900599144949773,121.50249654510445,2019-07-18-23-37-25
1.0,30.9006894153795,121.44280600586319,2019-07-18-23-37-25
1.0,30.90071582736235,121.45508746354525,2019-07-18-23-37-25
1.0,30.90079953628835,121.48593728976611,2019-07-18-23-37-25
1.0,30.900800278873056,121.48618817724802,2019-07-18-23-37-25
1.0,30.900852728616147,121.50375100378822,2019-07-18-23-37-25
1.0,30.90094073414966,121.44355773048702,2019-07-18-23-37-25
1.0,30.900942720623934,121.4445600968604,2019-07-18-23-37-25
1.0,30.900943222960045,121.44481069524156,2019-07-18-23-37-25
1.0,30.900955942122057,121.4508258442743,2019-07-18-23-37-25
1.0,30.900999370000115,121.46837757839201,2019-07-18-23-37-25
1.0,30.901023088138214,121.47690586258446,2019-07-18-23-37-25
1.0,30.901027401595524,121.47841100990104,2019-07-18-23-37-25
1.0,30.90106957234773,121.49271140764809,2019-07-18-23-37-25
1.0,30.90108460737704,121.49772941668958,2019-07-18-23-37-25
1.0,30.901191080449195,121.44380829659315,2019-07-18-23-37-25
1.0,30.901192573750393,121.44456007546789,2019-07-18-23-37-25
1.0,30.901195621686497,121.44606370604448,2019-07-18-23-37-25
1.0,30.901217310961215,121.45583953769066,2019-07-18-23-37-25
1.0,30.901299985111443,121.486188135107,2019-07-18-23-37-25
1.0,30.901351689529417,121.50350006683077,2019-07-18-23-37-25
1.0,30.901443940679652,121.44531185731084,2019-07-18-23-37-25
1.0,30.90144755151111,121.44706615821154,2019-07-18-23-37-25
1.0,30.90147505876698,121.4590989194507,2019-07-18-23-37-25
1.0,30.90147567864053,121.45934965780816,2019-07-18-23-37-25
1.0,30.901476300262058,121.45960039825619,2019-07-18-23-37-25
1.0,30.901493706462148,121.46637113618306,2019-07-18-23-37-25
1.0,30.901497725414803,121.46787592591598,2019-07-18-23-37-25
1.0,30.901508678723598,121.47188898355644,2019-07-18-23-37-25
1.0,30.901541699386435,121.4834283895116,2019-07-18-23-37-25
1.0,30.90168738321936,121.44205419911617,2019-07-18-23-37-25
1.0,30.901690786665313,121.44380825379868,2019-07-18-23-37-25
1.0,30.901693286909524,121.44506123215095,2019-07-18-23-37-25
1.0,30.90169532790125,121.44606366327695,2019-07-18-23-37-25
1.0,30.90169898527597,121.44781801948803,2019-07-18-23-37-25
1.0,30.901720017021137,121.45709306795268,2019-07-18-23-37-25
1.0,30.901742894732543,121.46612032267484,2019-07-18-23-37-25
1.0,30.901744225828853,121.46662190895395,2019-07-18-23-37-25
1.0,30.901749606766177,121.46862832220073,2019-07-18-23-37-25
1.0,30.901754385924708,121.47038401928751,2019-07-18-23-37-25
1.0,30.901790816093104,121.48317748882145,2019-07-18-23-37-25
1.0,30.901937715513103,121.4423047486407,2019-07-18-23-37-25
1.0,30.901943139998682,121.44506121076083,2019-07-18-23-37-25
1.0,30.90194778239909,121.44731674040688,2019-07-18-23-37-25
1.0,30.9019553545458,121.45082575886022,2019-07-18-23-37-25
1.0,30.9019564700015,121.45132708732635,2019-07-18-23-37-25
1.0,30.901959865402013,121.45283113110557,2019-07-18-23-37-25
1.0,30.90196746648991,121.45609018385534,2019-07-18-23-37-25
1.0,30.90199878240136,121.46837749349733,2019-07-18-23-37-25
1.0,30.90218950879685,121.44330703872413,2019-07-18-23-37-25
1.0,30.9021919861324,121.44455998989586,2019-07-18-23-37-25
1.0,30.902199222690403,121.44806860948096,2019-07-18-23-37-25
1.0,30.902199756107777,121.44831924479693,2019-07-18-23-37-25
1.0,30.90220465299795,121.45057507696687,2019-07-18-23-37-25
1.0,30.902210866379487,121.45333247687527,2019-07-18-23-37-25
1.0,30.902212603077597,121.45408454522934,2019-07-18-23-37-25
1.0,30.902226482874976,121.45985107691192,2019-07-18-23-37-25
1.0,30.834182722480904,121.5180564094914,2019-07-18-23-37-25
1.0,30.834185515198968,121.51905978422053,2019-07-18-23-37-25
1.0,30.834186210452117,121.5193106246711,2019-07-18-23-37-25
1.0,30.83419172849601,121.52131729960419,2019-07-18-23-37-25
1.0,30.83419241257813,121.52156812768321,2019-07-18-23-37-25
1.0,30.834433280716134,121.51830723435211,2019-07-18-23-37-25
1.0,30.83444158681867,121.52131727889639,2019-07-18-23-37-25
1.0,30.8344429536832,121.52181893361634,2019-07-18-23-37-25
1.0,30.834444315303323,121.52232058251379,2019-07-18-23-37-25
1.0,30.83468523181952,121.51905974276697,2019-07-18-23-37-25
1.0,30.834692129197023,121.52156808627159,2019-07-18-23-37-25
1.0,30.8349371722546,121.51981223943646,2019-07-18-23-37-25
1.0,30.834941303385246,121.52131723748023,2019-07-18-23-37-25
1.0,30.834993733656013,121.54263122685977,2019-07-18-23-37-25
1.0,30.835191161629258,121.52131721677186,2019-07-18-23-37-25
1.0,30.835191845711048,121.52156804485921,2019-07-18-23-37-25
1.0,30.83519252849329,121.5218188715043,2019-07-18-23-37-25
1.0,30.83544033447749,121.5210663665451,2019-07-18-23-37-25
1.0,30.83544101984715,121.52131719606332,2019-07-18-23-37-25
1.0,30.835441703928858,121.52156802415274,2019-07-18-23-37-25
1.0,30.83544238671102,121.5218188507999,2019-07-18-23-37-25
1.0,30.835443748330484,121.52232049971391,2019-07-18-23-37-25
1.0,30.835497153655005,121.54438576408654,2019-07-18-23-37-25
1.0,30.835691562120598,121.52156800344608,2019-07-18-23-37-25
2.0,30.83569292637365,121.52206965528892,2019-07-18-23-37-25
1.0,30.835942784539203,121.52206963458622,2019-07-18-23-37-25
1.0,30.836204671944813,121.5265842034422,2019-07-18-23-37-25
1.0,30.83674748272129,121.54488694718445,2019-07-18-23-37-25
1.0,30.836760149839836,121.55140272096936,2019-07-18-23-37-25
1.0,30.837185895519035,121.5198120529413,2019-07-18-23-37-25
1.0,30.837437135568525,121.52031370381032,2019-07-18-23-37-25
1.0,30.83790693350662,121.50977757494505,2019-07-18-23-37-25
1.0,30.83793616110945,121.52006282725344,2019-07-18-23-37-25
1.0,30.837936851513632,121.52031366237289,2019-07-18-23-37-25
1.0,30.838183940500922,121.5193102930552,2019-07-18-23-37-25
1.0,30.838188773165434,121.52106613871558,2019-07-18-23-37-25
1.0,30.838268746405046,121.5569145069486,2019-07-18-23-37-25
2.0,30.83841174982666,121.51153367237418,2019-07-18-23-37-25
1.0,30.83843379840989,121.5193102723276,2019-07-18-23-37-25
1.0,30.838657238169223,121.51002839198358,2019-07-18-23-37-25
1.0,30.838685043202137,121.51981192860268,2019-07-18-23-37-25
1.0,30.838742673527115,121.5431322390445,2019-07-18-23-37-25
1.0,30.83874320479696,121.54338289558929,2019-07-18-23-37-25
1.0,30.838755758676612,121.54964848616319,2019-07-18-23-37-25
1.0,30.838905633449418,121.5095266114532,2019-07-18-23-37-25
1.0,30.838921542187155,121.51504577425895,2019-07-18-23-37-25
1.0,30.838991997940447,121.54288155950188,2019-07-18-23-37-25
1.0,30.838993062647305,121.54338287504332,2019-07-18-23-37-25
1.0,30.839157684050505,121.5102792290445,2019-07-18-23-37-25
1.0,30.839161323408682,121.51153360998947,2019-07-18-23-37-25
1.0,30.839183371984117,121.51931021014364,2019-07-18-23-37-25
1.0,30.839214502967582,121.53109799369264,2019-07-18-23-37-25
1.0,30.839241855765568,121.54288153895244,2019-07-18-23-37-25
1.0,30.83924344956633,121.54363350858695,2019-07-18-23-37-25
1.0,30.83924502371226,121.54438545601111,2019-07-18-23-37-25
1.0,30.839405349096,121.50952656982747,2019-07-18-23-37-25
1.0,30.839406080750805,121.50977745008345,2019-07-18-23-37-25
1.0,30.839408271290964,121.51053008610772,2019-07-18-23-37-25
1.0,30.83941118121863,121.51153358919419,2019-07-18-23-37-25
2.0,30.839411906689758,121.51178446279528,2019-07-18-23-37-25
1.0,30.83943392384862,121.51956102858999,2019-07-18-23-37-25
1.0,30.83965447451025,121.50927566798983,2019-07-18-23-37-25
1.0,30.839657399645965,121.51027918743168,2019-07-18-23-37-25
1.0,30.839665379141035,121.51303879627221,2019-07-18-23-37-25
1.0,30.839666099449683,121.51328966427616,2019-07-18-23-37-25
1.0,30.839682392322214,121.51905932818967,2019-07-18-23-37-25
1.0,30.839683087573533,121.51931016868673,2019-07-18-23-37-25
2.0,30.839748839250422,121.54639049757064,2019-07-18-23-37-25
1.0,30.83991307067524,121.51228616571353,2019-07-18-23-37-25
1.0,30.839913793620923,121.51253703658418,2019-07-18-23-37-25
1.0,30.839915236899966,121.5130387754897,2019-07-18-23-37-25
1.0,30.839933639387358,121.51956098713691,2019-07-18-23-37-25
1.0,30.839934332238293,121.51981182498193,2019-07-18-23-37-25
1.0,30.839990355747116,121.54238015199277,2019-07-18-23-37-25
1.0,30.840003617066166,121.54889659857758,2019-07-18-23-37-25
1.0,30.840009210846908,121.55190359310453,2019-07-18-23-37-25
1.0,30.8401643734338,121.51278788572947,2019-07-18-23-37-25
1.0,30.840181411377305,121.51880844491996,2019-07-18-23-37-25
1.0,30.84018210781087,121.51905928672777,2019-07-18-23-37-25
1.0,30.840184189969783,121.51981180425722,2019-07-18-23-37-25
1.0,30.840414231142496,121.51278786494439,2019-07-18-23-37-25
1.0,30.840415672650725,121.51328960193462,2019-07-18-23-37-25
1.0,30.840666249738682,121.51354044818288,2019-07-18-23-37-25
1.0,30.84068459699026,121.52006259931095,2019-07-18-23-37-25
1.0,30.840730466493618,121.53811844249923,2019-07-18-23-37-25
1.0,30.84090595801019,121.5100282047034,2019-07-18-23-37-25
1.0,30.840910327549146,121.51153346441846,2019-07-18-23-37-25
1.0,30.841008641581826,121.55190351112257,2019-07-18-23-37-25
1.0,30.84115362069469,121.50927554309362,2019-07-18-23-37-25
1.0,30.841158731804125,121.5110316937552,2019-07-18-23-37-25
1.0,30.841253861517306,121.54939768872998,2019-07-18-23-37-25
1.0,30.841258499202976,121.55190349062661,2019-07-18-23-37-25
1.0,30.84140347830454,121.50927552227692,2019-07-18-23-37-25
1.0,30.84140931650498,121.51128254832363,2019-07-18-23-37-25
1.0,30.841491108494044,121.54313201301058,2019-07-18-23-37-25
1.0,30.84150790385224,121.55165290219834,2019-07-18-23-37-25
1.0,30.84166351931074,121.51278776101614,2019-07-18-23-37-25
2.0,30.841757761423636,121.55165288170062,2019-07-18-23-37-25
1.0,30.842257021122393,121.551402270023,2019-07-18-23-37-25
1.0,30.843418979365815,121.51504540046824,2019-07-18-23-37-25
1.0,30.843443250253305,121.52382474834134,2019-07-18-23-37-25
1.0,30.8441599249705,121.5120349404361,2019-07-18-23-37-25
1.0,30.844169264181783,121.51529619793884,2019-07-18-23-37-25
1.0,30.84424424285202,121.54538760688017,2019-07-18-23-37-25
1.0,30.84442619169823,121.5178047122615,2019-07-18-23-37-25
1.0,30.844497632422872,121.54714197144156,2019-07-18-23-37-25
1.0,30.845160800821343,121.51253660001561,2019-07-18-23-37-25
1.0,30.845161522898618,121.51278746999176,2019-07-18-23-37-25
1.0,30.845242124326454,121.54463560720271,2019-07-18-23-37-25
1.0,30.845242642417432,121.54488624889674,2019-07-18-23-37-25
1.0,30.845293357492142,121.58645273644464,2019-07-18-23-37-25
1.0,30.845497061389686,121.54714188933444,2019-07-18-23-37-25
3.0,30.845748886695766,121.54814431768241,2019-07-18-23-37-25
1.0,30.84624811242306,121.547893668343,2019-07-18-23-37-25
1.0,30.846700649522255,121.52733571549157,2019-07-18-23-37-25
1.0,30.846753071759416,121.55065017248444,2019-07-18-23-37-25
1.0,30.847006116303707,121.5524041468275,2019-07-18-23-37-25
1.0,30.84789976757166,121.5092749809757,2019-07-18-23-37-25
1.0,30.847902692696202,121.51027850071003,2019-07-18-23-37-25
1.0,30.84790487866511,121.51103113205548,2019-07-18-23-37-25
1.0,30.847909228886984,121.51253637130331,2019-07-18-23-37-25
1.0,30.847912111868578,121.51353984551743,2019-07-18-23-37-25
1.0,30.848154735619968,121.51103111124911,2019-07-18-23-37-25
1.0,30.84815763910133,121.51203460769804,2019-07-18-23-37-25
1.0,30.848258897410876,121.55440844370347,2019-07-18-23-37-25
1.0,30.848403864670246,121.5107802141574,2019-07-18-23-37-25
1.0,30.848408942772153,121.51253632971678,2019-07-18-23-37-25
1.0,30.848505258166547,121.55240402383885,2019-07-18-23-37-25
1.0,30.84864933836745,121.50927491850956,2019-07-18-23-37-25
1.0,30.84865879967948,121.51253630892323,2019-07-18-23-37-25
1.0,30.848907209823874,121.51203454530422,2019-07-18-23-37-25
1.0,30.84890793362073,121.51228541717992,2019-07-18-23-37-25
1.0,30.848908656563374,121.5125362881295,2019-07-18-23-37-25
1.0,30.848972861483674,121.536864211267,2019-07-18-23-37-25
1.0,30.84915851342388,121.51253626733556,2019-07-18-23-37-25
1.0,30.849159235499805,121.51278713734678,2019-07-18-23-37-25
1.0,30.849276451739726,121.56693163214666,2019-07-18-23-37-25
1.0,30.84940474713111,121.51128188265463,2019-07-18-23-37-25
1.0,30.84966111005417,121.51353970002248,2019-07-18-23-37-25
1.0,30.85070159276458,121.52858931692911,2019-07-18-23-37-25
1.0,30.850744552707397,121.54739207438902,2019-07-18-23-37-25
1.0,30.8508980494947,121.50927473110086,2019-07-18-23-37-25
1.0,30.850968178123605,121.53535971194965,2019-07-18-23-37-25
1.0,30.85102827198645,121.56943523194455,2019-07-18-23-37-25
1.0,30.851399957764034,121.51002733052499,2019-07-18-23-37-25
1.0,30.851443338494406,121.52557974489052,2019-07-18-23-37-25
1.0,30.8519226010196,121.51805493682282,2019-07-18-23-37-25
1.0,30.851952157984076,121.52909077395557,2019-07-18-23-37-25
1.0,30.852225037249287,121.53861890064326,2019-07-18-23-37-25
1.0,30.852275607746325,121.5676825425393,2019-07-18-23-37-25
1.0,30.852699802252058,121.52833836874423,2019-07-18-23-37-25
1.0,30.852949013746446,121.52808756339778,2019-07-18-23-37-25
1.0,30.853526019476227,121.56868393759713,2019-07-18-23-37-25
1.0,30.85352629491739,121.56893430409487,2019-07-18-23-37-25
1.0,30.85352656760564,121.56918466746362,2019-07-18-23-37-25
1.0,30.85377235698402,121.56567927639912,2019-07-18-23-37-25
1.0,30.853775875907136,121.56868391716903,2019-07-18-23-37-25
1.0,30.854228383682912,121.54062426519931,2019-07-18-23-37-25
1.0,30.854975158902825,121.53937076493949,2019-07-18-23-37-25
1.0,30.8552272543993,121.54037349984463,2019-07-18-23-37-25
1.0,30.855523451903487,121.56743189482552,2019-07-18-23-37-25
1.0,30.85593474511916,121.52332208225818,2019-07-18-23-37-25
1.0,30.856260430277853,121.55816554710754,2019-07-18-23-37-25
1.0,30.8564846326547,121.54413339155263,2019-07-18-23-37-25
1.0,30.856522876784535,121.56743181308786,2019-07-18-23-37-25
1.0,30.856945420089804,121.52758565794717,2019-07-18-23-37-25
1.0,30.85698946976198,121.54663970469691,2019-07-18-23-37-25
1.0,30.8570220025705,121.56693099868801,2019-07-18-23-37-25
1.0,30.857022297197922,121.56718138700518,2019-07-18-23-37-25
1.0,30.85714445963927,121.50927421044001,2019-07-18-23-37-25
1.0,30.857195276223624,121.527585637273,2019-07-18-23-37-25
1.0,30.857195924408416,121.52783642553513,2019-07-18-23-37-25
1.0,30.857272153319865,121.567181366569,2019-07-18-23-37-25
1.0,30.85744835735537,121.52883954012061,2019-07-18-23-37-25
1.0,30.8575217147928,121.56693095781357,2019-07-18-23-37-25
1.0,30.85752200942009,121.56718134613263,2019-07-18-23-37-25
1.0,30.857771865498652,121.56718132569608,2019-07-18-23-37-25
1.0,30.858013545708577,121.56092067676141,2019-07-18-23-37-25
1.0,30.858021426928442,121.56693091693839,2019-07-18-23-37-25
1.0,30.858226082988924,121.5406239359617,2019-07-18-23-37-25
1.0,30.858226635544167,121.54087461668227,2019-07-18-23-37-25
1.0,30.8582706855277,121.56643011055854,2019-07-18-23-37-25
1.0,30.85851179517213,121.55991875984083,2019-07-18-23-37-25
1.0,30.85851216475221,121.56016923330468,2019-07-18-23-37-25
1.0,30.858521725500154,121.56743164960365,2019-07-18-23-37-25
1.0,30.858714318748234,121.53560980078805,2019-07-18-23-37-25
1.0,30.85877158149249,121.56743162916729,2019-07-18-23-37-25
1.0,30.85893570338358,121.52432508988974,2019-07-18-23-37-25
1.0,30.859012969728123,121.56092059490885,2019-07-18-23-37-25
1.0,30.85901644126772,121.56342507491401,2019-07-18-23-37-25
1.0,30.859021437463415,121.56743160873073,2019-07-18-23-37-25
1.0,30.859144771993535,121.5097758054321,2019-07-18-23-37-25
1.0,30.859189543911484,121.52582990549881,2019-07-18-23-37-25
1.0,30.859262463969976,121.56067010991389,2019-07-18-23-37-25
1.0,30.859399728360142,121.51153192495389,2019-07-18-23-37-25
1.0,30.85940262519201,121.51253541462039,2019-07-18-23-37-25
1.0,30.85944137214135,121.52658228065471,2019-07-18-23-37-25
1.0,30.85946624499951,121.53661262891094,2019-07-18-23-37-25
1.0,30.859512319900098,121.56067008944895,2019-07-18-23-37-25
1.0,30.85951966258188,121.56617961073974,2019-07-18-23-37-25
1.0,30.859652481115937,121.51253539381845,2019-07-18-23-37-25
1.0,30.85969577617809,121.528337790052,2019-07-18-23-37-25
1.0,30.85976890473378,121.56567878579891,2019-07-18-23-37-25
1.0,30.859769518489216,121.56617959029789,2019-07-18-23-37-25
1.0,30.859903780284217,121.51303711227217,2019-07-18-23-37-25
1.0,30.85990521998408,121.51353884765042,2019-07-18-23-37-25
1.0,30.860009426411157,121.55891671353041,2019-07-18-23-37-25
1.0,30.86015146996137,121.51228448116572,2019-07-18-23-37-25
1.0,30.860266710266963,121.56417625760054,2019-07-18-23-37-25
1.0,30.860268305538906,121.56542833803606,2019-07-18-23-37-25
1.0,30.860270130477293,121.5669307329909,2019-07-18-23-37-25
1.0,30.860270425103835,121.56718112132032,2019-07-18-23-37-25
1.0,30.860468572887303,121.53786610984076,2019-07-18-23-37-25
1.0,30.860517212313198,121.56467707852143,2019-07-18-23-37-25
1.0,30.86076924470874,121.56642990615056,2019-07-18-23-37-25
1.0,30.861514999821566,121.56342487037925,2019-07-18-23-37-25
1.0,30.861515662143336,121.56392573007257,2019-07-18-23-37-25
1.0,30.861516954538132,121.56492741282263,2019-07-18-23-37-25
1.0,30.861517270895693,121.56517782585118,2019-07-18-23-37-25
1.0,30.861517584549265,121.56542823580739,2019-07-18-23-37-25
1.0,30.861518509249663,121.56617944719967,2019-07-18-23-37-25
1.0,30.861518812051184,121.56642984482453,2019-07-18-23-37-25
1.0,30.861757649253015,121.55841559075463,2019-07-18-23-37-25
1.0,30.861763152988047,121.56217264756017,2019-07-18-23-37-25
1.0,30.86201570073757,121.5641761144436,2019-07-18-23-37-25
1.0,30.862214072204726,121.53636168294452,2019-07-18-23-37-25
1.0,30.862254995483163,121.55691254123875,2019-07-18-23-37-25
1.0,30.862257360673226,121.55841554979965,2019-07-18-23-37-25
1.0,30.86245551608279,121.53285136988515,2019-07-18-23-37-25
1.0,30.862502394135955,121.55540940797886,2019-07-18-23-37-25
1.0,30.862506045311424,121.55766403814987,2019-07-18-23-37-25
1.0,30.862512720084126,121.5621725861794,2019-07-18-23-37-25
1.0,30.862513749628455,121.56292391669584,2019-07-18-23-37-25
1.0,30.862533116318367,121.5854507371763,2019-07-18-23-37-25
1.0,30.862751831447817,121.55515885865691,2019-07-18-23-37-25
1.0,30.86275550548086,121.55741351477367,2019-07-18-23-37-25
1.0,30.86275590097003,121.55766401766824,2019-07-18-23-37-25
1.0,30.86276461081439,121.5636751994795,2019-07-18-23-37-25
1.0,30.86276559221651,121.56442647531233,2019-07-18-23-37-25
1.0,30.862782971969672,121.58545071678262,2019-07-18-23-37-25
1.0,30.86301702961976,121.56567852001241,2019-07-18-23-37-25
1.0,30.863032025165644,121.58344935758471,2019-07-18-23-37-25
1.0,30.86325237688233,121.55565987247557,2019-07-18-23-37-25
1.0,30.863252790189883,121.5559103955902,2019-07-18-23-37-25
1.0,30.863253200968877,121.55616091583627,2019-07-18-23-37-25
1.0,30.863253609213572,121.55641143320713,2019-07-18-23-37-25
1.0,30.863254014918283,121.5566619476962,2019-07-18-23-37-25
1.0,30.863254418077382,121.55691245929688,2019-07-18-23-37-25
2.0,30.863259055454197,121.55991837092003,2019-07-18-23-37-25
1.0,30.86326657428956,121.56542809267944,2019-07-18-23-37-25
1.0,30.86326719346917,121.56592890337167,2019-07-18-23-37-25
1.0,30.86349344464244,121.55064879807848,2019-07-18-23-37-25
1.0,30.863500554080986,121.55465773096945,2019-07-18-23-37-25
1.0,30.863500977444257,121.55490826549172,2019-07-18-23-37-25
2.0,30.863505072333552,121.55741345332395,2019-07-18-23-37-25
1.0,30.863506251092314,121.55816495327089,2019-07-18-23-37-25
1.0,30.863510373634043,121.56092022653543,2019-07-18-23-37-25
1.0,30.863512142590125,121.56217250433575,2019-07-18-23-37-25
1.0,30.863532711286755,121.58595095831171,2019-07-18-23-37-25
1.0,30.86367552658183,121.52156568310109,2019-07-18-23-37-25
1.0,30.863782566855882,121.58595093791794,2019-07-18-23-37-25
1.0,30.86400358164884,121.55666188623405,2019-07-18-23-37-25
1.0,30.864003984807724,121.55691239783852,2019-07-18-23-37-25
1.0,30.86401676019194,121.56592884203424,2019-07-18-23-37-25
1.0,30.86403273369217,121.58695148462937,2019-07-18-23-37-25
1.0,30.864251799150153,121.55565979050517,2019-07-18-23-37-25
1.0,30.86425503449105,121.55766389477452,2019-07-18-23-37-25
1.0,30.86425581776042,121.55816489183056,2019-07-18-23-37-25
1.0,30.864256205530392,121.55841538597224,2019-07-18-23-37-25
1.0,30.86425884729561,121.56016876252399,2019-07-18-23-37-25
1.0,30.864266307491558,121.56567841777846,2019-07-18-23-37-25
1.0,30.864266615725455,121.56592882158806,2019-07-18-23-37-25
1.0,30.864507961039866,121.5596677921019,2019-07-18-23-37-25
1.0,30.864509434106402,121.56066968011118,2019-07-18-23-37-25
1.0,30.86450979581443,121.56092014466647,2019-07-18-23-37-25
1.0,30.8647543500133,121.55741335090399,2019-07-18-23-37-25
1.0,30.864757816534606,121.55966777162843,2019-07-18-23-37-25
1.0,30.864758925264688,121.56041919210152,2019-07-18-23-37-25
1.0,30.8647624498056,121.56292373257276,2019-07-18-23-37-25
1.0,30.864762787655277,121.56317417003247,2019-07-18-23-37-25
1.0,30.86476378515234,121.56392546417685,2019-07-18-23-37-25
1.0,30.86500094980804,121.55540920303989,2019-07-18-23-37-25
1.0,30.865001778944908,121.5559102521491,2019-07-18-23-37-25
1.0,30.86500538424597,121.55816483038855,2019-07-18-23-37-25
1.0,30.865006157201993,121.55866581574679,2019-07-18-23-37-25
1.0,30.865007297208216,121.55941727173112,2019-07-18-23-37-25
1.0,30.865012305279244,121.56292371211372,2019-07-18-23-37-25
1.0,30.86501364062571,121.56392544372203,2019-07-18-23-37-25
1.0,30.865015249373247,121.56517753957219,2019-07-18-23-37-25
1.0,30.86501556302586,121.56542794954238,2019-07-18-23-37-25
1.0,30.865157910281454,121.5155453117605,2019-07-18-23-37-25
1.0,30.86521868492566,121.53911922608346,2019-07-18-23-37-25
1.0,30.86524954269656,121.5546575874813,2019-07-18-23-37-25
1.0,30.865251634400412,121.55591023165678,2019-07-18-23-37-25
1.0,30.865252453422944,121.5564112692942,2019-07-18-23-37-25
1.0,30.86525639525422,121.55891628354387,2019-07-18-23-37-25
1.0,30.86525752746359,121.5596677306809,2019-07-18-23-37-25
1.0,30.865258269233742,121.56016868063902,2019-07-18-23-37-25
1.0,30.8652593622371,121.5609200832628,2019-07-18-23-37-25
1.0,30.86526316625949,121.56367499492735,2019-07-18-23-37-25
1.0,30.865264469412814,121.56467668996684,2019-07-18-23-37-25
1.0,30.865282924721196,121.59245359346016,2019-07-18-23-37-25
1.0,30.865441164944198,121.52783574324704,2019-07-18-23-37-25
1.0,30.86546568557811,121.53786569781026,2019-07-18-23-37-25
1.0,30.865496364962784,121.55290374628854,2019-07-18-23-37-25
1.0,30.865497243954923,121.55340485194425,2019-07-18-23-37-25
1.0,30.86551432484577,121.56467666951475,2019-07-18-23-37-25
1.0,30.865740269867988,121.54964627030692,2019-07-18-23-37-25
1.0,30.865750516114797,121.55540914155455,2019-07-18-23-37-25
1.0,30.86575134525123,121.55591019067155,2019-07-18-23-37-25
1.0,30.865752164273474,121.5564112283141,2019-07-18-23-37-25
1.0,30.865752569977463,121.55666174281585,2019-07-18-23-37-25
1.0,30.86576544026891,121.56567829509159,2019-07-18-23-37-25
1.0,30.86577931753356,121.5811973818632,2019-07-18-23-37-25
1.0,30.865927626594434,121.52281961635066,2019-07-18-23-37-25
1.0,30.86596881609666,121.5393698590175,2019-07-18-23-37-25
1.0,30.866012064822375,121.5631740677407,2019-07-18-23-37-25
1.0,30.86625146680028,121.55616066994708,2019-07-18-23-37-25
1.0,30.86625268390619,121.55691221345337,2019-07-18-23-37-25
1.0,30.866261920195818,121.56317404728179,2019-07-18-23-37-25
1.0,30.866263891024676,121.56467660815733,2019-07-18-23-37-25
1.0,30.866264210081198,121.56492702427317,2019-07-18-23-37-25
1.0,30.866447609909425,121.53059421283064,2019-07-18-23-37-25
1.0,30.866500498071158,121.55565960606089,2019-07-18-23-37-25
1.0,30.866512773045,121.5639253209892,2019-07-18-23-37-25
1.0,30.866697465252987,121.53059419217274,2019-07-18-23-37-25
1.0,30.866763601711167,121.56467656725145,2019-07-18-23-37-25
1.0,30.866764237123675,121.56517739641902,2019-07-18-23-37-25
1.0,30.866918139405946,121.51955874754397,2019-07-18-23-37-25
1.0,30.86692637056031,121.5225687124674,2019-07-18-23-37-25
1.0,30.867012810826502,121.56417570537356,2019-07-18-23-37-25
1.0,30.867013457024736,121.56467654679824,2019-07-18-23-37-25
1.0,30.867014092437103,121.56517737596782,2019-07-18-23-37-25
1.0,30.867446400947173,121.53034336197923,2019-07-18-23-37-25
1.0,30.86747775955728,121.54388183765451,2019-07-18-23-37-25
1.0,30.86747828426665,121.54413248698194,2019-07-18-23-37-25
1.0,30.867513486648946,121.56492692201216,2019-07-18-23-37-25
1.0,30.86753004176498,121.58495001375778,2019-07-18-23-37-25
1.0,30.86766561955589,121.51880616311342,2019-07-18-23-37-25
1.0,30.867671843818204,121.52106369328374,2019-07-18-23-37-25
1.0,30.867676613879404,121.52281947131075,2019-07-18-23-37-25
1.0,30.86767931002655,121.52382274012649,2019-07-18-23-37-25
1.0,30.86768529321253,121.52608000230252,2019-07-18-23-37-25
1.0,30.867762701094748,121.56442606625173,2019-07-18-23-37-25
1.0,30.867926469127163,121.52281945059,2019-07-18-23-37-25
1.0,30.867939070110626,121.52758474810518,2019-07-18-23-37-25
1.0,30.867980071521153,121.54513501820895,2019-07-18-23-37-25
1.0,30.867991764757654,121.55114958400631,2019-07-18-23-37-25
1.0,30.868014446322967,121.56592851487305,2019-07-18-23-37-25
1.0,30.868231460893846,121.54588690044176,2019-07-18-23-37-25
1.0,30.86826273329784,121.56467644452935,2019-07-18-23-37-25
1.0,30.868263368709524,121.56517727370904,2019-07-18-23-37-25
1.0,30.868415881668827,121.51905694289734,2019-07-18-23-37-25
1.0,30.868483827787898,121.5471400000443,2019-07-18-23-37-25
1.0,30.868512266741497,121.56442600488622,2019-07-18-23-37-25
1.0,30.868512588493882,121.56467642407502,2019-07-18-23-37-25
1.0,30.86869441159378,121.52984171655731,2019-07-18-23-37-25
1.0,30.868735651066558,121.54814242893546,2019-07-18-23-37-25
1.0,30.868736137298,121.54839303473628,2019-07-18-23-37-25
1.0,30.868763079081916,121.56517723280423,2019-07-18-23-37-25
1.0,30.868923172065557,121.52181607469741,2019-07-18-23-37-25
1.0,30.868975834842637,121.5433804081669,2019-07-18-23-37-25
1.0,30.869013558834435,121.56567802924704,2019-07-18-23-37-25
1.0,30.869172344445627,121.52156522703963,2019-07-18-23-37-25
1.0,30.86921917368088,121.54037234716506,2019-07-18-23-37-25
1.0,30.86942424394539,121.52231768271517,2019-07-18-23-37-25
1.0,30.869466224725155,121.53911887595076,2019-07-18-23-37-25
1.0,30.869718883913375,121.54037230598705,2019-07-18-23-37-25
1.0,30.869887827468737,121.50952402921494,2019-07-18-23-37-25
1.0,30.86992463295398,121.52256846378799,2019-07-18-23-37-25
1.0,30.869935303080407,121.52658141176319,2019-07-18-23-37-25
1.0,30.86998921820857,121.5503976827565,2019-07-18-23-37-25
1.0,30.869991519109497,121.5516505642536,2019-07-18-23-37-25
1.0,30.87023953825925,121.55064824397617,2019-07-18-23-37-25
1.0,30.870252344650094,121.55816440024753,2019-07-18-23-37-25
1.0,30.8704508874408,121.53285070938365,2019-07-18-23-37-25
1.0,30.870458710576024,121.53611028115877,2019-07-18-23-37-25
1.0,30.870467892412726,121.5401215587249,2019-07-18-23-37-25
1.0,30.870470106764174,121.54112428662016,2019-07-18-23-37-25
1.0,30.870685522632034,121.52683214500034,2019-07-18-23-37-25
1.0,30.870710325730524,121.53686241851905,2019-07-18-23-37-25
1.0,30.870713220246966,121.53811597118207,2019-07-18-23-37-25
1.0,30.870932750979723,121.52582893287152,2019-07-18-23-37-25
1.0,30.870933409912507,121.52607973326229,2019-07-18-23-37-25
1.0,30.870936681808924,121.52733370977684,2019-07-18-23-37-25
1.0,30.870946258445436,121.5310953717299,2019-07-18-23-37-25
1.0,30.870948748426517,121.53209841004944,2019-07-18-23-37-25
1.0,30.870949366551876,121.53234916472209,2019-07-18-23-37-25
1.0,30.870957830067567,121.53585951625931,2019-07-18-23-37-25
1.0,30.870961344449686,121.53736382562333,2019-07-18-23-37-25
1.0,30.870986277736776,121.54914465146271,2019-07-18-23-37-25
1.0,30.87121177835563,121.53761451555914,2019-07-18-23-37-25
1.0,30.871212355295118,121.53786522388219,2019-07-18-23-37-25
1.0,30.871453957016538,121.53435508833832,2019-07-18-23-37-25
1.0,30.871461054417804,121.53736378440077,2019-07-18-23-37-25
1.0,30.8714622102696,121.53786520327436,2019-07-18-23-37-25
1.0,30.871698931480612,121.53234910277773,2019-07-18-23-37-25
1.0,30.871700775205206,121.5331013548462,2019-07-18-23-37-25
1.0,30.871701386196154,121.53335210150779,2019-07-18-23-37-25
1.0,30.871702602741976,121.53385358871931,2019-07-18-23-37-25
1.0,30.871706208176963,121.53535800063236,2019-07-18-23-37-25
1.0,30.871951850316716,121.53360282549691,2019-07-18-23-37-25
1.0,30.871953063215074,121.53410430861072,2019-07-18-23-37-25
1.0,30.87195546687077,121.53510724993139,2019-07-18-23-37-25
1.0,30.8719566574712,121.53560870795619,2019-07-18-23-37-25
1.0,30.871959015829777,121.53661159828526,2019-07-18-23-37-25
1.0,30.8719601834349,121.53711303041199,2019-07-18-23-37-25
1.0,30.871973564053857,121.54312950456814,2019-07-18-23-37-25
1.0,30.871990812036973,121.55190096820003,2019-07-18-23-37-25
1.0,30.872202312599754,121.53385354744464,2019-07-18-23-37-25
1.0,30.872204123678657,121.5346057628208,2019-07-18-23-37-25
1.0,30.872204723668293,121.53485649711308,2019-07-18-23-37-25
1.0,30.87220532178992,121.53510722930318,2019-07-18-23-37-25
1.0,30.872209455523357,121.53686229482878,2019-07-18-23-37-25
1.0,30.87221061922921,121.53736372256552,2019-07-18-23-37-25
1.0,30.872218541118677,121.54087346406737,2019-07-18-23-37-25
1.0,30.872423182844297,121.52256825653429,2019-07-18-23-37-25
1.0,30.872452167500676,121.53385352680701,2019-07-18-23-37-25
1.0,30.87245813893828,121.53636083770748,2019-07-18-23-37-25
1.0,30.87246047412902,121.53736370195338,2019-07-18-23-37-25
1.0,30.87268696432023,121.52783514349063,2019-07-18-23-37-25
1.0,30.872687610920355,121.52808593010788,2019-07-18-23-37-25
1.0,30.872702627917647,121.53410424670342,2019-07-18-23-37-25
1.0,30.872703231613745,121.53435498516967,2019-07-18-23-37-25
1.0,30.872708580529967,121.53661153643277,2019-07-18-23-37-25
1.0,30.872711484861263,121.53786510023242,2019-07-18-23-37-25
1.0,30.872937465786023,121.52808590942577,2019-07-18-23-37-25
1.0,30.8729530864774,121.53435496453538,2019-07-18-23-37-25
1.0,30.8729596029974,121.53711294795596,2019-07-18-23-37-25
1.0,30.872960762784874,121.537614371288,2019-07-18-23-37-25
1.0,30.87297971795049,121.54638776575933,2019-07-18-23-37-25
1.0,30.873201732092177,121.53385346489301,2019-07-18-23-37-25
1.0,30.87320829023738,121.53661149519682,2019-07-18-23-37-25
1.0,30.87324405275265,121.55415585377463,2019-07-18-23-37-25
1.0,30.873461624350053,121.53811574450923,2019-07-18-23-37-25
1.0,30.873462197315042,121.53836644836795,2019-07-18-23-37-25
1.0,30.8734627682793,121.53861714997049,2019-07-18-23-37-25
1.0,30.873476881971463,121.54513456592034,2019-07-18-23-37-25
1.0,30.873480430024955,121.54688897021647,2019-07-18-23-37-25
1.0,30.873505296774372,121.56142032792877,2019-07-18-23-37-25
1.0,30.873711479157258,121.53811572390147,2019-07-18-23-37-25
1.0,30.873732262144088,121.54789140966572,2019-07-18-23-37-25
1.0,30.87396190691098,121.53836640715579,2019-07-18-23-37-25
1.0,30.87400016834025,121.55816409295359,2019-07-18-23-37-25
1.0,30.8742106137605,121.53786497657588,2019-07-18-23-37-25
1.0,30.874215157135502,121.53987056198265,2019-07-18-23-37-25
1.0,30.874215715904214,121.54012124983164,2019-07-18-23-37-25
1.0,30.87446046851299,121.5378649559658,2019-07-18-23-37-25
1.0,30.874465011887366,121.53987054138655,2019-07-18-23-37-25
1.0,30.874707418919176,121.53661137148448,2019-07-18-23-37-25
1.0,30.874708586522566,121.53711280365066,2019-07-18-23-37-25
1.0,30.874717639735785,121.54112393665385,2019-07-18-23-37-25
1.0,30.87475631304527,121.56267247353158,2019-07-18-23-37-25
1.0,30.874956098291065,121.53610990997373,2019-07-18-23-37-25
1.0,30.874962465801786,121.53886772568846,2019-07-18-23-37-25
1.0,30.874990413994865,121.55265240976702,2019-07-18-23-37-25
1.0,30.87524542340308,121.55565888863379,2019-07-18-23-37-25
1.0,30.87525736847851,121.56367417653261,2019-07-18-23-37-25
1.0,30.875257698295204,121.56392460491412,2019-07-18-23-37-25
1.0,30.875394085778215,121.51278495315378,2019-07-18-23-37-25
1.0,30.87542615355587,121.52432372316406,2019-07-18-23-37-25
1.0,30.8754301380892,121.52582856026525,2019-07-18-23-37-25
1.0,30.875455807670495,121.53610986872718,2019-07-18-23-37-25
1.0,30.87545815061782,121.5371127418027,2019-07-18-23-37-25
1.0,30.87546274211421,121.53911838155331,2019-07-18-23-37-25
1.0,30.875464430713738,121.53987045900024,2019-07-18-23-37-25
1.0,30.875493173834062,121.55440620944664,2019-07-18-23-37-25
1.0,30.875496102157335,121.5561599116195,2019-07-18-23-37-25
1.0,30.875708005280266,121.53711272118635,2019-07-18-23-37-25
1.0,30.875708586154957,121.53736343397858,2019-07-18-23-37-25
1.0,30.875714844143566,121.54012112626249,2019-07-18-23-37-25
1.0,30.87592719686865,121.52482530060323,2019-07-18-23-37-25
1.0,30.87596357919577,121.53961972762563,2019-07-18-23-37-25
1.0,30.8759680077443,121.54162518355291,2019-07-18-23-37-25
1.0,30.87615578033025,121.51704952713496,2019-07-18-23-37-25
1.0,30.876203594240742,121.53535762933217,2019-07-18-23-37-25
1.0,30.876208874336935,121.53761410333144,2019-07-18-23-37-25
1.0,30.876210599194618,121.53836622169173,2019-07-18-23-37-25
1.0,30.87621230604601,121.53911831974602,2019-07-18-23-37-25
1.0,30.876216767757217,121.54112381312336,2019-07-18-23-37-25
1.0,30.876468261112834,121.54187581372459,2019-07-18-23-37-25
1.0,30.876468803123537,121.54212648266696,2019-07-18-23-37-25
1.0,30.87646934300065,121.5423771491989,2019-07-18-23-37-25
1.0,30.876708004625947,121.5373633515184,2019-07-18-23-37-25
1.0,30.876709160474437,121.53786477046658,2019-07-18-23-37-25
1.0,30.876710308393893,121.53836618047544,2019-07-18-23-37-25
1.0,30.87671481931507,121.54037172941585,2019-07-18-23-37-25
1.0,30.87671811570251,121.54187579314038,2019-07-18-23-37-25
1.0,30.87676144902178,121.56768053943817,2019-07-18-23-37-25
1.0,30.87695493537961,121.53610974498301,2019-07-18-23-37-25
1.0,30.87695669549648,121.53686190309821,2019-07-18-23-37-25
1.0,30.877141623097273,121.51228306601189,2019-07-18-23-37-25
1.0,30.877171100015794,121.52281868378917,2019-07-18-23-37-25
1.0,30.87717245084285,121.52332032142537,2019-07-18-23-37-25
1.0,30.877234540189548,121.55014650292813,2019-07-18-23-37-25
1.0,30.87742095455864,121.52281866306122,2019-07-18-23-37-25
1.0,30.877522500101655,121.58119642272216,2019-07-18-23-37-25
1.0,30.87771143343056,121.53911819612635,2019-07-18-23-37-25
1.0,30.877733307357733,121.54964528478175,2019-07-18-23-37-25
1.0,30.878247306553018,121.55791324749983,2019-07-18-23-37-25
1.0,30.87827370438409,121.58469897390462,2019-07-18-23-37-25
1.0,30.878273893728128,121.58519929584241,2019-07-18-23-37-25
1.0,30.878419016300754,121.52231693645226,2019-07-18-23-37-25
1.0,30.87845049074233,121.53460524696254,2019-07-18-23-37-25
1.0,30.878460996886126,121.53911813431398,2019-07-18-23-37-25
1.0,30.87846268548284,121.53987021182327,2019-07-18-23-37-25
1.0,30.878501673854295,121.56091899818804,2019-07-18-23-37-25
1.0,30.87867022701094,121.52281855941862,2019-07-18-23-37-25
1.0,30.87872434272381,121.54538477097275,2019-07-18-23-37-25
1.0,30.878924117277823,121.52432343314648,2019-07-18-23-37-25
1.0,30.87897002610626,121.54337958527468,2019-07-18-23-37-25
1.0,30.878971082086057,121.54388089150427,2019-07-18-23-37-25
1.0,30.879175305693973,121.52482503135043,2019-07-18-23-37-25
1.0,30.879494588485784,121.55666061564041,2019-07-18-23-37-25
1.0,30.879681595825538,121.52733298562862,2019-07-18-23-37-25
1.0,30.879931450193936,121.52733296493527,2019-07-18-23-37-25
1.0,30.88042985472479,121.52683133792955,2019-07-18-23-37-25
1.0,30.88043439181383,121.52858685687806,2019-07-18-23-37-25
1.0,30.880491533705744,121.5551574030799,2019-07-18-23-37-25
1.0,30.880650332533627,121.51604573766603,2019-07-18-23-37-25
1.0,30.88065104117224,121.51629659328106,2019-07-18-23-37-25
1.0,30.88074180635685,121.5554079114951,2019-07-18-23-37-25
1.0,30.880773082516555,121.58720025171459,2019-07-18-23-37-25
1.0,30.881174140444823,121.52482486564048,2019-07-18-23-37-25
1.0,30.881901726638688,121.5167981971264,2019-07-18-23-37-25
1.0,30.882203052775463,121.53661075282112,2019-07-18-23-37-25
1.0,30.882743097217066,121.5569108608338,2019-07-18-23-37-25
1.0,30.8827727796451,121.59370245554581,2019-07-18-23-37-25
1.0,30.88326901111961,121.58094574253997,2019-07-18-23-37-25
1.0,30.883431354107284,121.5280850406062,2019-07-18-23-37-25
1.0,30.883451148260267,121.53610920867996,2019-07-18-23-37-25
1.0,30.88363420852194,121.51102815480913,2019-07-18-23-37-25
1.0,30.884517699985185,121.5799447656933,2019-07-18-23-37-25
1.0,30.88472033080615,121.54513364050189,2019-07-18-23-37-25
1.0,30.885431475014315,121.52858644316142,2019-07-18-23-37-25
1.0,30.88567874582316,121.5275832791792,2019-07-18-23-37-25
1.0,30.886949693058423,121.53635964146581,2019-07-18-23-37-25
1.0,30.88695027976405,121.53661036091331,2019-07-18-23-37-25
1.0,30.886951447359703,121.53711179325529,2019-07-18-23-37-25
1.0,30.887011361447094,121.57343762615001,2019-07-18-23-37-25
1.0,30.887676276136943,121.5270815313455,2019-07-18-23-37-25
1.0,30.887760923049346,121.57343756483675,2019-07-18-23-37-25
1.0,30.88776158277757,121.57418847526178,2019-07-18-23-37-25
1.0,30.888761838472274,121.57518956284186,2019-07-18-23-37-25
1.0,30.888910160767555,121.52131276007216,2019-07-18-23-37-25
1.0,30.88899142377254,121.55816286335798,2019-07-18-23-37-25
1.0,30.888991811535448,121.5584133576202,2019-07-18-23-37-25
1.0,30.888994453251488,121.5601667349945,2019-07-18-23-37-25
1.0,30.889266414768162,121.58269665985163,2019-07-18-23-37-25
1.0,30.889409182952967,121.52106188860424,2019-07-18-23-37-25
1.0,30.88976041304278,121.57418831176894,2019-07-18-23-37-25
1.0,30.88992102033277,121.52557655701757,2019-07-18-23-37-25
1.0,30.88998723350478,121.5559082019918,2019-07-18-23-37-25
1.0,30.890007477171977,121.5711844781627,2019-07-18-23-37-25
1.0,30.890158744146593,121.52106182634827,2019-07-18-23-37-25
1.0,30.89017087404758,121.52557653630242,2019-07-18-23-37-25
1.0,30.890232841401357,121.55340282094798,2019-07-18-23-37-25
1.0,30.89024184797797,121.5589142348607,2019-07-18-23-37-25
1.0,30.89024260537226,121.5594152028111,2019-07-18-23-37-25
1.0,30.89048313088223,121.5536533491931,2019-07-18-23-37-25
1.0,30.890673868493366,121.52683048916013,2019-07-18-23-37-25
1.0,30.890987467245306,121.55640915784811,2019-07-18-23-37-25
1.0,30.891412782512674,121.52281750199333,2019-07-18-23-37-25
1.0,30.891658551485527,121.52131253181912,2019-07-18-23-37-25
1.0,30.891740969895526,121.55891411188037,2019-07-18-23-37-25
2.0,30.892498282894977,121.56442404030493,2019-07-18-23-37-25
1.0,30.89250393152733,121.56918147870776,2019-07-18-23-37-25
1.0,30.892740001626354,121.5586635414818,2019-07-18-23-37-25
2.0,30.893003908546405,121.56943179817078,2019-07-18-23-37-25
1.0,30.89326650406105,121.59095085737403,2019-07-18-23-37-25
1.0,30.89339570992272,121.51704809317005,2019-07-18-23-37-25
1.0,30.89339641428201,121.51729894419337,2019-07-18-23-37-25
1.0,30.893636312272314,121.51378690528988,2019-07-18-23-37-25
1.0,30.893637029814354,121.51403777077114,2019-07-18-23-37-25
1.0,30.89376626121052,121.59545183251281,2019-07-18-23-37-25
1.0,30.893766212054754,121.59595188313824,2019-07-18-23-37-25
1.0,30.893765954756134,121.59770196335673,2019-07-18-23-37-25
1.0,30.893873835623456,121.50952202804591,2019-07-18-23-37-25
1.0,30.893886883315922,121.51403774995622,2019-07-18-23-37-25
1.0,30.89388759991709,121.51428861441268,2019-07-18-23-37-25
1.0,30.89388903024793,121.51479034018759,2019-07-18-23-37-25
1.0,30.89389541693794,121.51704805159234,2019-07-18-23-37-25
1.0,30.893950235311618,121.53836475805205,2019-07-18-23-37-25
1.0,30.89399189268524,121.56041679582557,2019-07-18-23-37-25
1.0,30.89416853150202,121.5255762048343,2019-07-18-23-37-25
1.0,30.894411025095216,121.52281725311566,2019-07-18-23-37-25
1.0,30.894515907809936,121.59320138990061,2019-07-18-23-37-25
1.0,30.894752340340673,121.56893093108935,2019-07-18-23-37-25
1.0,30.89500219376956,121.56893091063145,2019-07-18-23-37-25
1.0,30.895015603676786,121.59270123002642,2019-07-18-23-37-25
1.0,30.89518085769585,121.53059183593525,2019-07-18-23-37-25
1.0,30.89525231986169,121.56918125368874,2019-07-18-23-37-25
1.0,30.895252589783077,121.56943161407048,2019-07-18-23-37-25
1.0,30.895502443184213,121.56943159361396,2019-07-18-23-37-25
2.0,30.895502974748897,121.5699323049656,2019-07-18-23-37-25
1.0,30.895503236386965,121.57018265592846,2019-07-18-23-37-25
1.0,30.895515185123735,121.5909506736675,2019-07-18-23-37-25
1.0,30.895751753973435,121.56893084925665,2019-07-18-23-37-25
1.0,30.895752026650378,121.56918121277377,2019-07-18-23-37-25
1.0,30.895752296571633,121.56943157315725,2019-07-18-23-37-25
1.0,30.895752563734458,121.56968193040392,2019-07-18-23-37-25
1.0,30.89588499328607,121.51378671792901,2019-07-18-23-37-25
1.0,30.895956869984307,121.54187420759222,2019-07-18-23-37-25
1.0,30.896001053737738,121.56843009237414,2019-07-18-23-37-25
1.0,30.89601453103434,121.58869974281977,2019-07-18-23-37-25
1.0,30.89625406315358,121.57143430214512,2019-07-18-23-37-25
1.0,30.896262432680594,121.58294627631591,2019-07-18-23-37-25
1.0,30.89640370785204,121.52055964319169,2019-07-18-23-37-25
1.0,30.896488943297218,121.55941469040832,2019-07-18-23-37-25
1.0,30.896695738215733,121.53711098873994,2019-07-18-23-37-25
1.0,30.896901343392255,121.51980709483573,2019-07-18-23-37-25
1.0,30.897254203124152,121.5721852070022,2019-07-18-23-37-25
1.0,30.89725443978009,121.57243552955741,2019-07-18-23-37-25
1.0,30.897638969242223,121.51554260874073,2019-07-18-23-37-25
1.0,30.897957316155072,121.54262604281178,2019-07-18-23-37-25
1.0,30.897959445479472,121.54362867542541,2019-07-18-23-37-25
1.0,30.897959972371595,121.5438793274295,2019-07-18-23-37-25
1.0,30.898459151987392,121.54362863424765,2019-07-18-23-37-25
1.0,30.89873570992533,121.55816206376046,2019-07-18-23-37-25
1.0,30.89873686545008,121.55891353788333,2019-07-18-23-37-25
1.0,30.90012961956898,121.51278289184619,2019-07-18-23-37-25
1.0,30.900262522466345,121.59420112102177,2019-07-18-23-37-25
1.0,30.901724328939476,121.55239965338356,2019-07-18-23-37-25
1.0,30.902257740395342,121.58069397644779,2019-07-18-23-37-25
1.0,30.845293357492142,121.58645273644464,2019-07-18-23-37-25
1.0,30.85676670713559,121.6256873794766,2019-07-18-23-37-25
1.0,30.86101696960511,121.62343962965072,2019-07-18-23-37-25
1.0,30.861265939374682,121.6241887633795,2019-07-18-23-37-25
1.0,30.862533116318367,121.5854507371763,2019-07-18-23-37-25
1.0,30.86251308174388,121.6259366097736,2019-07-18-23-37-25
1.0,30.862782971969672,121.58545071678262,2019-07-18-23-37-25
1.0,30.863032025165644,121.58344935758471,2019-07-18-23-37-25
1.0,30.863532711286755,121.58595095831171,2019-07-18-23-37-25
1.0,30.863782566855882,121.58595093791794,2019-07-18-23-37-25
1.0,30.86403273369217,121.58695148462937,2019-07-18-23-37-25
1.0,30.865282924721196,121.59245359346016,2019-07-18-23-37-25
1.0,30.86577931753356,121.5811973818632,2019-07-18-23-37-25
1.0,30.865753187882138,121.63192852969327,2019-07-18-23-37-25
1.0,30.865740619443006,121.640166044723,2019-07-18-23-37-25
1.0,30.866996575544764,121.63592260371765,2019-07-18-23-37-25
1.0,30.86753004176498,121.58495001375778,2019-07-18-23-37-25
1.0,30.868248107758674,121.63442473873256,2019-07-18-23-37-25
1.0,30.868498333496227,121.63417508504398,2019-07-18-23-37-25
1.0,30.86849608676148,121.63567285803495,2019-07-18-23-37-25
1.0,30.868495706921426,121.63592248082129,2019-07-18-23-37-25
1.0,30.86924489099704,121.63617204045947,2019-07-18-23-37-25
1.0,30.869494746100305,121.6361720199745,2019-07-18-23-37-25
1.0,30.86974574069442,121.63542313113358,2019-07-18-23-37-25
1.0,30.86994493268998,121.6641219904404,2019-07-18-23-37-25
1.0,30.870520631792722,121.61444733502672,2019-07-18-23-37-25
1.0,30.870767259985925,121.61794439477025,2019-07-18-23-37-25
1.0,30.87074591287542,121.63492379506646,2019-07-18-23-37-25
1.0,30.870996141558553,121.6346741449085,2019-07-18-23-37-25
1.0,30.871245996528756,121.63467412442844,2019-07-18-23-37-25
1.0,30.8717457064127,121.63467408346776,2019-07-18-23-37-25
1.0,30.872021007580944,121.61294830867439,2019-07-18-23-37-25
1.0,30.87224541622171,121.63467404250632,2019-07-18-23-37-25
1.0,30.872745125956204,121.63467400154414,2019-07-18-23-37-25
1.0,30.87399477210054,121.63442426771456,2019-07-18-23-37-25
1.0,30.87500128927313,121.62943117007906,2019-07-18-23-37-25
1.0,30.876966519352905,121.65039742295302,2019-07-18-23-37-25
1.0,30.87722170076471,121.64740278589414,2019-07-18-23-37-25
1.0,30.877522500101655,121.58119642272216,2019-07-18-23-37-25
1.0,30.877747282118683,121.63117858687038,2019-07-18-23-37-25
1.0,30.87827370438409,121.58469897390462,2019-07-18-23-37-25
1.0,30.878273893728128,121.58519929584241,2019-07-18-23-37-25
1.0,30.87899759663267,121.63042950692406,2019-07-18-23-37-25
1.0,30.880773082516555,121.58720025171459,2019-07-18-23-37-25
1.0,30.88147009965746,121.64690331929683,2019-07-18-23-37-25
1.0,30.8827727796451,121.59370245554581,2019-07-18-23-37-25
1.0,30.882737040388324,121.63617093400347,2019-07-18-23-37-25
1.0,30.88326901111961,121.58094574253997,2019-07-18-23-37-25
1.0,30.883452199034362,121.65613621706134,2019-07-18-23-37-25
1.0,30.884517699985185,121.5799447656933,2019-07-18-23-37-25
1.0,30.884766327032942,121.60919958516165,2019-07-18-23-37-25
1.0,30.88551211421956,121.61419629913537,2019-07-18-23-37-25
1.0,30.886256459721462,121.61969148374433,2019-07-18-23-37-25
1.0,30.887223166024487,121.64315931682776,2019-07-18-23-37-25
1.0,30.8872000086882,121.65613590817924,2019-07-18-23-37-25
1.0,30.8871981421609,121.65713401478814,2019-07-18-23-37-25
1.0,30.889266414768162,121.58269665985163,2019-07-18-23-37-25
1.0,30.890758615052672,121.61469548894586,2019-07-18-23-37-25
1.0,30.890744745437203,121.62743245538391,2019-07-18-23-37-25
1.0,30.89174790259756,121.62443598250279,2019-07-18-23-37-25
1.0,30.89326650406105,121.59095085737403,2019-07-18-23-37-25
1.0,30.89323573760334,121.63292486448904,2019-07-18-23-37-25
1.0,30.893232792380772,121.6349219510385,2019-07-18-23-37-25
1.0,30.89376626121052,121.59545183251281,2019-07-18-23-37-25
1.0,30.893766212054754,121.59595188313824,2019-07-18-23-37-25
1.0,30.893765954756134,121.59770196335673,2019-07-18-23-37-25
1.0,30.894231831041104,121.635171496884,2019-07-18-23-37-25
1.0,30.894515907809936,121.59320138990061,2019-07-18-23-37-25
1.0,30.895015603676786,121.59270123002642,2019-07-18-23-37-25
1.0,30.89525417033049,121.6166934927702,2019-07-18-23-37-25
1.0,30.895234565203978,121.63292470056709,2019-07-18-23-37-25
1.0,30.89520764728927,121.64939773267967,2019-07-18-23-37-25
1.0,30.895515185123735,121.5909506736675,2019-07-18-23-37-25
1.0,30.895483326119237,121.63367360098329,2019-07-18-23-37-25
1.0,30.895461037395556,121.6474012858237,2019-07-18-23-37-25
1.0,30.8954605986422,121.64765084278837,2019-07-18-23-37-25
1.0,30.895705114156588,121.65064542560799,2019-07-18-23-37-25
1.0,30.89601453103434,121.58869974281977,2019-07-18-23-37-25
1.0,30.896003015330102,121.61744277877109,2019-07-18-23-37-25
1.0,30.895966777490642,121.64390732638655,2019-07-18-23-37-25
1.0,30.896262432680594,121.58294627631591,2019-07-18-23-37-25
1.0,30.896251632703553,121.61869162055096,2019-07-18-23-37-25
1.0,30.89621747504864,121.64340815501905,2019-07-18-23-37-25
1.0,30.896699069572428,121.65363981521278,2019-07-18-23-37-25
1.0,30.89749078884395,121.62743190270669,2019-07-18-23-37-25
1.0,30.89745228037755,121.65164345229815,2019-07-18-23-37-25
1.0,30.897679692006808,121.66362066839949,2019-07-18-23-37-25
1.0,30.89825702695119,121.6111973223577,2019-07-18-23-37-25
1.0,30.898438265036635,121.65887975329866,2019-07-18-23-37-25
1.0,30.89843732213804,121.6593787963845,2019-07-18-23-37-25
1.0,30.899260397499326,121.6047003552393,2019-07-18-23-37-25
1.0,30.899678994525278,121.66337098712876,2019-07-18-23-37-25
1.0,30.90000722880891,121.60944820415615,2019-07-18-23-37-25
1.0,30.900007060434913,121.60969806601241,2019-07-18-23-37-25
1.0,30.900006889626134,121.60994792510394,2019-07-18-23-37-25
1.0,30.900001616374304,121.61644331693536,2019-07-18-23-37-25
1.0,30.900262522466345,121.59420112102177,2019-07-18-23-37-25
1.0,30.90025943967577,121.60545001210076,2019-07-18-23-37-25
1.0,30.900258910218717,121.60644962314228,2019-07-18-23-37-25
1.0,30.900247463224968,121.62043959749705,2019-07-18-23-37-25
1.0,30.90021845567736,121.64141116985387,2019-07-18-23-37-25
1.0,30.900217630820887,121.64191034220933,2019-07-18-23-37-25
1.0,30.90017679205669,121.66436900939115,2019-07-18-23-37-25
1.0,30.900497047659538,121.62068932512959,2019-07-18-23-37-25
1.0,30.901006970711993,121.60894839041603,2019-07-18-23-37-25
1.0,30.900963418026606,121.64415648902414,2019-07-18-23-37-25
1.0,30.90096299304378,121.64440606121914,2019-07-18-23-37-25
1.0,30.901255806303997,121.61044753288037,2019-07-18-23-37-25
1.0,30.901254891917542,121.61169675981807,2019-07-18-23-37-25
1.0,30.901250648021136,121.61669300220649,2019-07-18-23-37-25
1.0,30.901178113198004,121.66337086327982,2019-07-18-23-37-25
1.0,30.901676388034634,121.66411936986569,2019-07-18-23-37-25
1.0,30.902257740395342,121.58069397644779,2019-07-18-23-37-25
1.0,30.90225539419688,121.6101975975823,2019-07-18-23-37-25
1.0,30.902250755281216,121.61594355037703,2019-07-18-23-37-25
1.0,30.902508946013345,121.60370039772631,2019-07-18-23-37-25
1.0,30.902503579916463,121.61244616131764,2019-07-18-23-37-25
1.0,30.902500147197625,121.6164431125177,2019-07-18-23-37-25
1.0,30.902491293139633,121.62468481386017,2019-07-18-23-37-25
1.0,30.902470381175586,121.63941423813378,2019-07-18-23-37-25
1.0,30.902455607620634,121.64814937775961,2019-07-18-23-37-25
1.0,30.84763732081896,121.70405392631208,2019-07-18-23-37-25
1.0,30.84867038779193,121.68358666081879,2019-07-18-23-37-25
1.0,30.850138781285597,121.70205645426172,2019-07-18-23-37-25
1.0,30.851638659694295,121.70155703193387,2019-07-18-23-37-25
1.0,30.857112535839935,121.72028584290119,2019-07-18-23-37-25
1.0,30.857608967508977,121.72403320601401,2019-07-18-23-37-25
1.0,30.857608765883114,121.72428305313709,2019-07-18-23-37-25
1.0,30.85911648120507,121.7152899903368,2019-07-18-23-37-25
1.0,30.860371951979072,121.71004540822,2019-07-18-23-37-25
1.0,30.861670264501175,121.67959293859056,2019-07-18-23-37-25
1.0,30.862140322417,121.69656356565783,2019-07-18-23-37-25
1.0,30.863176897337265,121.67560035414375,2019-07-18-23-37-25
1.0,30.863426752910684,121.67560033346565,2019-07-18-23-37-25
1.0,30.86438783101706,121.69731222504188,2019-07-18-23-37-25
1.0,30.864387436530503,121.69756184372245,2019-07-18-23-37-25
2.0,30.864931102265302,121.67285547109516,2019-07-18-23-37-25
1.0,30.864850112134146,121.7307793832251,2019-07-18-23-37-25
1.0,30.865101843974813,121.7277805569346,2019-07-18-23-37-25
1.0,30.865101675271948,121.72803044285392,2019-07-18-23-37-25
1.0,30.865100710016563,121.72952981370086,2019-07-18-23-37-25
1.0,30.865351870305737,121.72753065276422,2019-07-18-23-37-25
1.0,30.865351364201075,121.72828031052582,2019-07-18-23-37-25
1.0,30.86535041240593,121.72977969722884,2019-07-18-23-37-25
1.0,30.865349822957874,121.73077934146964,2019-07-18-23-37-25
1.0,30.865674508328173,121.6760991966646,2019-07-18-23-37-25
1.0,30.86560455374273,121.7237826937721,2019-07-18-23-37-25
1.0,30.865603948865378,121.7245322351026,2019-07-18-23-37-25
1.0,30.86559996853606,121.73027949313884,2019-07-18-23-37-25
1.0,30.865849972393818,121.7300295625369,2019-07-18-23-37-25
1.0,30.866109033149055,121.71853649339113,2019-07-18-23-37-25
1.0,30.866106647047367,121.72103452811811,2019-07-18-23-37-25
1.0,30.866100766048383,121.72853013907766,2019-07-18-23-37-25
1.0,30.86610060404632,121.72878003289108,2019-07-18-23-37-25
1.0,30.866099389043395,121.730779278835,2019-07-18-23-37-25
1.0,30.86637582175702,121.70455170070656,2019-07-18-23-37-25
1.0,30.866355387517363,121.72228361690894,2019-07-18-23-37-25
1.0,30.86635474402569,121.72303311269236,2019-07-18-23-37-25
1.0,30.866353317597525,121.72478202470802,2019-07-18-23-37-25
1.0,30.866634959772053,121.69831052247174,2019-07-18-23-37-25
1.0,30.866601852905966,121.72653104134478,2019-07-18-23-37-25
1.0,30.866600476673526,121.72853009732593,2019-07-18-23-37-25
1.0,30.86660031467136,121.72877999113867,2019-07-18-23-37-25
1.0,30.866600154910763,121.7290298875923,2019-07-18-23-37-25
1.0,30.86659938986442,121.73027940962717,2019-07-18-23-37-25
1.0,30.86685488147903,121.7225334045935,2019-07-18-23-37-25
1.0,30.866849852678335,121.72927976581414,2019-07-18-23-37-25
1.0,30.866848813256194,121.73102913393343,2019-07-18-23-37-25
1.0,30.867181705840082,121.67185720994873,2019-07-18-23-37-25
1.0,30.86709881021278,121.7307791953195,2019-07-18-23-37-25
1.0,30.86742585797863,121.67485143238706,2019-07-18-23-37-25
1.0,30.867401995085512,121.68782755598139,2019-07-18-23-37-25
1.0,30.867354591988065,121.72253336286104,2019-07-18-23-37-25
1.0,30.867353135455318,121.72428223936015,2019-07-18-23-37-25
1.0,30.867352935990255,121.7245320890155,2019-07-18-23-37-25
1.0,30.867349407918624,121.72952962580702,2019-07-18-23-37-25
1.0,30.867349254905513,121.72977953020882,2019-07-18-23-37-25
1.0,30.867348665455836,121.73077917444014,2019-07-18-23-37-25
1.0,30.867604447213136,121.72253334199452,2019-07-18-23-37-25
1.0,30.86760423271393,121.72278317391782,2019-07-18-23-37-25
1.0,30.86760279121494,121.72453206814515,2019-07-18-23-37-25
1.0,30.867600568033023,121.72753046489343,2019-07-18-23-37-25
1.0,30.867902145157306,121.68757795004858,2019-07-18-23-37-25
1.0,30.86785345723721,121.7235326639361,2019-07-18-23-37-25
1.0,30.867853047513076,121.72403235051604,2019-07-18-23-37-25
1.0,30.867852646420058,121.72453204727461,2019-07-18-23-37-25
1.0,30.86785077175567,121.72703068528118,2019-07-18-23-37-25
1.0,30.86810310648448,121.72378248508723,2019-07-18-23-37-25
1.0,30.868398365857963,121.68957445722484,2019-07-18-23-37-25
1.0,30.868397073961788,121.69032318317157,2019-07-18-23-37-25
1.0,30.868353585904977,121.72303294575298,2019-07-18-23-37-25
1.0,30.868616869041958,121.71029443583524,2019-07-18-23-37-25
1.0,30.868897644465882,121.68982398977253,2019-07-18-23-37-25
1.0,30.869192500580144,121.66561914548048,2019-07-18-23-37-25
1.0,30.869138285256316,121.69531493802347,2019-07-18-23-37-25
1.0,30.86942754579753,121.67335413868732,2019-07-18-23-37-25
1.0,30.869387331579734,121.69581413089833,2019-07-18-23-37-25
1.0,30.86994493268998,121.6641219904404,2019-07-18-23-37-25
1.0,30.86992251868004,121.67584932014357,2019-07-18-23-37-25
1.0,30.870143082944484,121.6920701104932,2019-07-18-23-37-25
1.0,30.870138519377974,121.69481564735425,2019-07-18-23-37-25
1.0,30.870385948163243,121.69631326760391,2019-07-18-23-37-25
1.0,30.870382398069136,121.69855983584054,2019-07-18-23-37-25
1.0,30.870673974497652,121.67485116356606,2019-07-18-23-37-25
1.0,30.870892647941734,121.69207004819857,2019-07-18-23-37-25
1.0,30.870892227170913,121.6923196353727,2019-07-18-23-37-25
1.0,30.87117605575486,121.67360351433142,2019-07-18-23-37-25
1.0,30.871146339804604,121.68982380298554,2019-07-18-23-37-25
1.0,30.871143772004512,121.69132127407582,2019-07-18-23-37-25
1.0,30.871143347849713,121.69157085718027,2019-07-18-23-37-25
1.0,30.87114124404787,121.69281879310579,2019-07-18-23-37-25
2.0,30.871395764111238,121.69007335752791,2019-07-18-23-37-25
2.0,30.871394052208725,121.69107167154228,2019-07-18-23-37-25
1.0,30.871393626947032,121.6913212533138,2019-07-18-23-37-25
12.0,30.871393202792195,121.69157083641711,2019-07-18-23-37-25
2.0,30.87139277975479,121.69182042086439,2019-07-18-23-37-25
1.0,30.871392357845373,121.69207000666788,2019-07-18-23-37-25
1.0,30.87139193707447,121.69231959383971,2019-07-18-23-37-25
1.0,30.871387794276647,121.6948155434674,2019-07-18-23-37-25
1.0,30.871646049671334,121.68982376147524,2019-07-18-23-37-25
1.0,30.87164561903517,121.69007333677149,2019-07-18-23-37-25
2.0,30.871645189452487,121.69032291333782,2019-07-18-23-37-25
2.0,30.871644760934014,121.69057249118666,2019-07-18-23-37-25
4.0,30.871643907132494,121.69107165078123,2019-07-18-23-37-25
1.0,30.871643057715886,121.69157081565376,2019-07-18-23-37-25
1.0,30.87164263467844,121.6918204000999,2019-07-18-23-37-25
3.0,30.871642212768986,121.69206998590224,2019-07-18-23-37-25
4.0,30.87164179199804,121.69231957307295,2019-07-18-23-37-25
1.0,30.871895044357647,121.69032289258004,2019-07-18-23-37-25
1.0,30.87189418839554,121.69082204957024,2019-07-18-23-37-25
1.0,30.871893336775766,121.6913212117892,2019-07-18-23-37-25
3.0,30.871892912620847,121.69157079489021,2019-07-18-23-37-25
1.0,30.871892489583363,121.69182037933521,2019-07-18-23-37-25
3.0,30.871892067673866,121.69206996513641,2019-07-18-23-37-25
4.0,30.871891646902885,121.69231955230599,2019-07-18-23-37-25
1.0,30.872144899244123,121.69032287182209,2019-07-18-23-37-25
1.0,30.872144470725573,121.69057244966861,2019-07-18-23-37-25
1.0,30.87214404328194,121.69082202880996,2019-07-18-23-37-25
1.0,30.872143616923893,121.69107160925854,2019-07-18-23-37-25
1.0,30.872143191662083,121.69132119102662,2019-07-18-23-37-25
2.0,30.872142767507125,121.69157077412649,2019-07-18-23-37-25
2.0,30.872142344469598,121.69182035857034,2019-07-18-23-37-25
3.0,30.87214192256006,121.69206994437039,2019-07-18-23-37-25
1.0,30.87214024641183,121.69306830137539,2019-07-18-23-37-25
1.0,30.872394754111976,121.69032285106394,2019-07-18-23-37-25
1.0,30.87239389814971,121.6908220080495,2019-07-18-23-37-25
3.0,30.872393471791625,121.69107158849692,2019-07-18-23-37-25
4.0,30.872393046529776,121.69132117026385,2019-07-18-23-37-25
2.0,30.872392622374775,121.69157075336257,2019-07-18-23-37-25
3.0,30.87239219933721,121.69182033780527,2019-07-18-23-37-25
2.0,30.872391777427634,121.6920699236042,2019-07-18-23-37-25
2.0,30.87239135665657,121.69231951077148,2019-07-18-23-37-25
1.0,30.872390937034517,121.69256909931927,2019-07-18-23-37-25
1.0,30.87266529241954,121.6788434291676,2019-07-18-23-37-25
1.0,30.87264418044262,121.69057240814979,2019-07-18-23-37-25
1.0,30.872643752998904,121.69082198728884,2019-07-18-23-37-25
3.0,30.87264332664078,121.69107156773512,2019-07-18-23-37-25
1.0,30.87264290137889,121.6913211495009,2019-07-18-23-37-25
2.0,30.87264247722385,121.69157073259845,2019-07-18-23-37-25
1.0,30.872642054186244,121.69182031704001,2019-07-18-23-37-25
1.0,30.87264163227663,121.6920699028378,2019-07-18-23-37-25
2.0,30.872641211505524,121.69231949000395,2019-07-18-23-37-25
1.0,30.87264079188343,121.6925690785506,2019-07-18-23-37-25
1.0,30.87263829886367,121.69406663949555,2019-07-18-23-37-25
1.0,30.872894463791994,121.69032280954707,2019-07-18-23-37-25
1.0,30.872894035273323,121.6905723873901,2019-07-18-23-37-25
1.0,30.872893607829567,121.69082196652799,2019-07-18-23-37-25
6.0,30.872893181471404,121.69107154697312,2019-07-18-23-37-25
6.0,30.872892756209474,121.69132112873774,2019-07-18-23-37-25
1.0,30.872892332054395,121.69157071183416,2019-07-18-23-37-25
1.0,30.87289106633595,121.69231946923624,2019-07-18-23-37-25
1.0,30.872890646713813,121.69256905778175,2019-07-18-23-37-25
1.0,30.872890228251148,121.69281864771988,2019-07-18-23-37-25
1.0,30.87314604321375,121.68932449012178,2019-07-18-23-37-25
1.0,30.87314517882359,121.68982363693976,2019-07-18-23-37-25
1.0,30.873144318604268,121.69032278878835,2019-07-18-23-37-25
2.0,30.873143890085558,121.69057236663022,2019-07-18-23-37-25
2.0,30.873143462641764,121.69082194576696,2019-07-18-23-37-25
4.0,30.873143036283558,121.69107152621092,2019-07-18-23-37-25
2.0,30.87314261102159,121.69132110797439,2019-07-18-23-37-25
1.0,30.87314218686647,121.69157069106966,2019-07-18-23-37-25
1.0,30.873141763828784,121.69182027550895,2019-07-18-23-37-25
1.0,30.873403850800372,121.68483235775274,2019-07-18-23-37-25
1.0,30.873396766482404,121.68882532748265,2019-07-18-23-37-25
4.0,30.873394173398122,121.69032276802945,2019-07-18-23-37-25
4.0,30.873393744879372,121.69057234587015,2019-07-18-23-37-25
1.0,30.87339331743554,121.69082192500574,2019-07-18-23-37-25
1.0,30.873392891077295,121.69107150544853,2019-07-18-23-37-25
4.0,30.873392465815282,121.69132108721087,2019-07-18-23-37-25
5.0,30.873392041660125,121.69157067030498,2019-07-18-23-37-25
1.0,30.8733916186224,121.69182025474312,2019-07-18-23-37-25
1.0,30.873676983011634,121.67235570955528,2019-07-18-23-37-25
1.0,30.87364532007228,121.68957402139716,2019-07-18-23-37-25
1.0,30.873644457756605,121.69007317071333,2019-07-18-23-37-25
10.0,30.873644028173604,121.69032274727034,2019-07-18-23-37-25
4.0,30.873643599654812,121.6905723251099,2019-07-18-23-37-25
3.0,30.87364317221094,121.69082190424432,2019-07-18-23-37-25
3.0,30.873642745852656,121.69107148468596,2019-07-18-23-37-25
3.0,30.873642320590605,121.69132106644713,2019-07-18-23-37-25
1.0,30.873641896435405,121.69157064954011,2019-07-18-23-37-25
1.0,30.873641051487866,121.69206981977032,2019-07-18-23-37-25
1.0,30.8736406307166,121.69231940693193,2019-07-18-23-37-25
2.0,30.873925409790647,121.67310424662524,2019-07-18-23-37-25
1.0,30.873909473299868,121.68158821971367,2019-07-18-23-37-25
1.0,30.87389474315033,121.68982357466946,2019-07-18-23-37-25
2.0,30.873894312513812,121.6900731499552,2019-07-18-23-37-25
4.0,30.87389388293077,121.69032272651106,2019-07-18-23-37-25
6.0,30.87389345441194,121.69057230434944,2019-07-18-23-37-25
6.0,30.873893026968027,121.6908218834827,2019-07-18-23-37-25
4.0,30.873892600609704,121.69107146392321,2019-07-18-23-37-25
4.0,30.873892175347613,121.69132104568322,2019-07-18-23-37-25
1.0,30.873891751192374,121.69157062877505,2019-07-18-23-37-25
1.0,30.87389048547345,121.69231938616345,2019-07-18-23-37-25
1.0,30.873872179774814,121.70405174152945,2019-07-18-23-37-25
1.0,30.874179554426966,121.67085856103489,2019-07-18-23-37-25
1.0,30.874179076971455,121.67110807822505,2019-07-18-23-37-25
1.0,30.874176692513277,121.67235566821704,2019-07-18-23-37-25
1.0,30.874145896012102,121.68907483555472,2019-07-18-23-37-25
1.0,30.874144597889313,121.68982355391232,2019-07-18-23-37-25
4.0,30.874143737669673,121.69032270575158,2019-07-18-23-37-25
5.0,30.874143309150803,121.6905722835888,2019-07-18-23-37-25
4.0,30.87414288170685,121.69082186272091,2019-07-18-23-37-25
3.0,30.874142455348487,121.69107144316025,2019-07-18-23-37-25
12.0,30.874142030086357,121.69132102491912,2019-07-18-23-37-25
2.0,30.874141605931076,121.69157060800981,2019-07-18-23-37-25
1.0,30.874141182893233,121.69182019244451,2019-07-18-23-37-25
2.0,30.874140760983376,121.69206977823544,2019-07-18-23-37-25
1.0,30.874408723558265,121.68183771881286,2019-07-18-23-37-25
5.0,30.874397057948066,121.68832610742814,2019-07-18-23-37-25
1.0,30.874395317000637,121.68932438634873,2019-07-18-23-37-25
1.0,30.87439445261008,121.68982353315498,2019-07-18-23-37-25
1.0,30.87439402197348,121.69007310843838,2019-07-18-23-37-25
4.0,30.87439359239036,121.69032268499191,2019-07-18-23-37-25
7.0,30.87439316387145,121.69057226282797,2019-07-18-23-37-25
4.0,30.874392736427456,121.69082184195892,2019-07-18-23-37-25
3.0,30.87439231006905,121.69107142239712,2019-07-18-23-37-25
2.0,30.874391884806883,121.69132100415483,2019-07-18-23-37-25
2.0,30.874391460651562,121.69157058724437,2019-07-18-23-37-25
1.0,30.874391037613677,121.69182017167792,2019-07-18-23-37-25
1.0,30.87438605212973,121.6948152941196,2019-07-18-23-37-25
1.0,30.874670233343867,121.67559940275567,2019-07-18-23-37-25
1.0,30.874650885894916,121.68608002704285,2019-07-18-23-37-25
1.0,30.874649996520493,121.68657914360533,2019-07-18-23-37-25
4.0,30.87464691265091,121.68832608667769,2019-07-18-23-37-25
1.0,30.874646475920397,121.68857565460158,2019-07-18-23-37-25
1.0,30.874646040178362,121.68882522372044,2019-07-18-23-37-25
1.0,30.874644738992043,121.68957393837289,2019-07-18-23-37-25
1.0,30.87464387667605,121.69007308767969,2019-07-18-23-37-25
1.0,30.87464344709289,121.69032266423206,2019-07-18-23-37-25
3.0,30.874643018573938,121.69057224206696,2019-07-18-23-37-25
1.0,30.874642591129906,121.69082182119675,2019-07-18-23-37-25
1.0,30.87464173950925,121.69132098339036,2019-07-18-23-37-25
2.0,30.874640892315966,121.69182015091116,2019-07-18-23-37-25
1.0,30.874622816724198,121.70330269132324,2019-07-18-23-37-25
1.0,30.874899407863126,121.68682868277627,2019-07-18-23-37-25
1.0,30.87489852392368,121.68732780593317,2019-07-18-23-37-25
1.0,30.87489676733565,121.68832606592706,2019-07-18-23-37-25
1.0,30.874896330605093,121.68857563384975,2019-07-18-23-37-25
1.0,30.874894593676583,121.68957391761634,2019-07-18-23-37-25
1.0,30.874894161997187,121.68982349163974,2019-07-18-23-37-25
1.0,30.874892445814247,121.69082180043438,2019-07-18-23-37-25
1.0,30.87488990431871,121.69231930308763,2019-07-18-23-37-25
1.0,30.875176111298412,121.6723555855383,2019-07-18-23-37-25
1.0,30.87514926253004,121.68682866203262,2019-07-18-23-37-25
1.0,30.875148820099028,121.6870782230505,2019-07-18-23-37-25
1.0,30.875147938015566,121.68757734845526,2019-07-18-23-37-25
2.0,30.87514705971047,121.6880764784371,2019-07-18-23-37-25
2.0,30.875142300480526,121.69082177967182,2019-07-18-23-37-25
7.0,30.875139339362253,121.69256887085352,2019-07-18-23-37-25
1.0,30.875138920899225,121.69281846078147,2019-07-18-23-37-25
1.0,30.87513439729119,121.69556404532331,2019-07-18-23-37-25
1.0,30.87512434547625,121.70205437413586,2019-07-18-23-37-25
1.0,30.875398674747903,121.68707820230546,2019-07-18-23-37-25
1.0,30.875398233239352,121.68732776444087,2019-07-18-23-37-25
1.0,30.87539691435919,121.68807645768727,2019-07-18-23-37-25
2.0,30.875389194010253,121.69256885008276,2019-07-18-23-37-25
1.0,30.875388775547183,121.69281844000959,2019-07-18-23-37-25
1.0,30.87538547082851,121.6948152109976,2019-07-18-23-37-25
1.0,30.875370953519102,121.70430128299994,2019-07-18-23-37-25
1.0,30.875647647295203,121.6875773069602,2019-07-18-23-37-25
1.0,30.875647207664773,121.6878268713702,2019-07-18-23-37-25
1.0,30.875646768989952,121.68807643693725,2019-07-18-23-37-25
1.0,30.875641583400533,121.69107131857857,2019-07-18-23-37-25
1.0,30.87562223534521,121.70330260806095,2019-07-18-23-37-25
1.0,30.875924247216187,121.67310408123473,2019-07-18-23-37-25
1.0,30.875897501908145,121.68757728621237,2019-07-18-23-37-25
1.0,30.875897062277673,121.68782685062119,2019-07-18-23-37-25
1.0,30.87589618589455,121.68832598292259,2019-07-18-23-37-25
1.0,30.875895313421605,121.68882511995349,2019-07-18-23-37-25
1.0,30.875894012234692,121.68957383458827,2019-07-18-23-37-25
1.0,30.87589058859495,121.69157046264775,2019-07-18-23-37-25
1.0,30.87588682273952,121.6938167723304,2019-07-18-23-37-25
1.0,30.87588641022954,121.69406636939823,2019-07-18-23-37-25
1.0,30.875885998941136,121.69431596793046,2019-07-18-23-37-25
1.0,30.875885588884547,121.69456556793895,2019-07-18-23-37-25
1.0,30.875885180069975,121.69481516943546,2019-07-18-23-37-25
3.0,30.87587354238081,121.7023039631238,2019-07-18-23-37-25
1.0,30.875859921900954,121.71254136421966,2019-07-18-23-37-25
1.0,30.876180303006937,121.66986032924268,2019-07-18-23-37-25
1.0,30.876160934262256,121.68009080707265,2019-07-18-23-37-25
1.0,30.87614779707835,121.687327702201,2019-07-18-23-37-25
1.0,30.876645749626146,121.68832592066727,2019-07-18-23-37-25
1.0,30.876966519352905,121.65039742295302,2019-07-18-23-37-25
1.0,30.87722170076471,121.64740278589414,2019-07-18-23-37-25
1.0,30.877185462583476,121.66686606082779,2019-07-18-23-37-25
1.0,30.877179243200217,121.67010976292383,2019-07-18-23-37-25
1.0,30.877178765302443,121.67035927943108,2019-07-18-23-37-25
1.0,30.877929284696364,121.66986018463462,2019-07-18-23-37-25
2.0,30.878394731049806,121.68832577539818,2019-07-18-23-37-25
4.0,30.878894003140104,121.68857530179473,2019-07-18-23-37-25
1.0,30.879098871570637,121.72128325995232,2019-07-18-23-37-25
1.0,30.8793572965199,121.71304054822822,2019-07-18-23-37-25
1.0,30.8796435662432,121.688575239529,2019-07-18-23-37-25
1.0,30.880605414720666,121.71403942265523,2019-07-18-23-37-25
1.0,30.8805926743074,121.72802914828563,2019-07-18-23-37-25
1.0,30.88113753141123,121.69157002650577,2019-07-18-23-37-25
1.0,30.88147009965746,121.64690331929683,2019-07-18-23-37-25
1.0,30.882141673075903,121.68882460104761,2019-07-18-23-37-25
1.0,30.882657611343937,121.67984073356108,2019-07-18-23-37-25
1.0,30.88264051291332,121.68932370132767,2019-07-18-23-37-25
1.0,30.883452199034362,121.65613621706134,2019-07-18-23-37-25
1.0,30.883372150867334,121.7003061779816,2019-07-18-23-37-25
1.0,30.88359987264296,121.71753588697106,2019-07-18-23-37-25
1.0,30.884338497570575,121.73127759230488,2019-07-18-23-37-25
1.0,30.884663463409886,121.67609762424976,2019-07-18-23-37-25
1.0,30.884662521228847,121.67659667548438,2019-07-18-23-37-25
1.0,30.884590173984982,121.72827870260306,2019-07-18-23-37-25
1.0,30.884912846111778,121.6763471288967,2019-07-18-23-37-25
1.0,30.885348594757886,121.71778552380422,2019-07-18-23-37-25
1.0,30.88534390678959,121.72278169187084,2019-07-18-23-37-25
1.0,30.88560453508528,121.71229081642097,2019-07-18-23-37-25
1.0,30.885601374157865,121.71503802045311,2019-07-18-23-37-25
1.0,30.885891232717537,121.68782602050509,2019-07-18-23-37-25
1.0,30.8872000086882,121.65613590817924,2019-07-18-23-37-25
1.0,30.8871981421609,121.65713401478814,2019-07-18-23-37-25
1.0,30.887095124220235,121.720283339071,2019-07-18-23-37-25
1.0,30.887094202927898,121.7212825919249,2019-07-18-23-37-25
1.0,30.887086890827536,121.73127736247024,2019-07-18-23-37-25
1.0,30.88734360870206,121.72178221232063,2019-07-18-23-37-25
1.0,30.88734338783312,121.72203203669237,2019-07-18-23-37-25
1.0,30.88733792354102,121.72927805323683,2019-07-18-23-37-25
1.0,30.887875355324212,121.6965614244747,2019-07-18-23-37-25
1.0,30.887835917410417,121.73227700821201,2019-07-18-23-37-25
1.0,30.888371912625185,121.69855833824502,2019-07-18-23-37-25
1.0,30.88833866155108,121.72727885093347,2019-07-18-23-37-25
3.0,30.88939006645714,121.68732660234876,2019-07-18-23-37-25
1.0,30.891641411989845,121.68582905971192,2019-07-18-23-37-25
1.0,30.891879983225724,121.69231789033387,2019-07-18-23-37-25
1.0,30.89309069094906,121.7212820907759,2019-07-18-23-37-25
1.0,30.89333441116898,121.72927755175141,2019-07-18-23-37-25
1.0,30.89333380361619,121.73027717455454,2019-07-18-23-37-25
1.0,30.893332827688248,121.73202661729925,2019-07-18-23-37-25
1.0,30.8935833668774,121.73077698104365,2019-07-18-23-37-25
1.0,30.893583225178087,121.73102689874857,2019-07-18-23-37-25
1.0,30.89383351054003,121.73027713275664,2019-07-18-23-37-25
1.0,30.89383280206026,121.73152672129946,2019-07-18-23-37-25
1.0,30.89408794933441,121.72378031363182,2019-07-18-23-37-25
1.0,30.894083663244263,121.7297772951397,2019-07-18-23-37-25
1.0,30.894083073772897,121.7307769392442,2019-07-18-23-37-25
1.0,30.89408225775679,121.73227648573464,2019-07-18-23-37-25
1.0,30.8943335166712,121.72977727424087,2019-07-18-23-37-25
1.0,30.8943319831786,121.7325263986689,2019-07-18-23-37-25
1.0,30.89488076653853,121.69082013883018,2019-07-18-23-37-25
1.0,30.894832352886475,121.7312767146299,2019-07-18-23-37-25
1.0,30.89520764728927,121.64939773267967,2019-07-18-23-37-25
1.0,30.895461037395556,121.6474012858237,2019-07-18-23-37-25
1.0,30.8954605986422,121.64765084278837,2019-07-18-23-37-25
1.0,30.89533308325886,121.72952728627699,2019-07-18-23-37-25
1.0,30.895705114156588,121.65064542560799,2019-07-18-23-37-25
1.0,30.895582632835726,121.73002707676929,2019-07-18-23-37-25
2.0,30.89558233809588,121.73052689881389,2019-07-18-23-37-25
1.0,30.895966777490642,121.64390732638655,2019-07-18-23-37-25
1.0,30.896080956775954,121.73252625235081,2019-07-18-23-37-25
1.0,30.896331335842778,121.73152651228447,2019-07-18-23-37-25
1.0,30.896699069572428,121.65363981521278,2019-07-18-23-37-25
1.0,30.89745228037755,121.65164345229815,2019-07-18-23-37-25
1.0,30.8973313112195,121.73052675250376,2019-07-18-23-37-25
1.0,30.89733022322323,121.73252614783213,2019-07-18-23-37-25
1.0,30.897679692006808,121.66362066839949,2019-07-18-23-37-25
1.0,30.897656323415617,121.67584702301109,2019-07-18-23-37-25
1.0,30.897582561806498,121.72827761609175,2019-07-18-23-37-25
1.0,30.897581762991685,121.72952709817487,2019-07-18-23-37-25
1.0,30.89758007647258,121.73252612692782,2019-07-18-23-37-25
1.0,30.89788730118262,121.68607809742834,2019-07-18-23-37-25
1.0,30.897832415043467,121.72827759519222,2019-07-18-23-37-25
1.0,30.89783116394422,121.73027679834581,2019-07-18-23-37-25
1.0,30.898140294317226,121.68433120244592,2019-07-18-23-37-25
1.0,30.898085808486112,121.72353013741528,2019-07-18-23-37-25
1.0,30.898085602541766,121.72377997937821,2019-07-18-23-37-25
1.0,30.898082603456494,121.7277777999212,2019-07-18-23-37-25
1.0,30.89808146945194,121.72952705637229,2019-07-18-23-37-25
1.0,30.898438265036635,121.65887975329866,2019-07-18-23-37-25
1.0,30.89843732213804,121.6593787963845,2019-07-18-23-37-25
1.0,30.89834308430271,121.71578624147348,2019-07-18-23-37-25
1.0,30.898334458422028,121.72502920650778,2019-07-18-23-37-25
1.0,30.898331169642965,121.72977693983363,2019-07-18-23-37-25
1.0,30.898592399599885,121.71628575571101,2019-07-18-23-37-25
1.0,30.89858300691712,121.72677824082568,2019-07-18-23-37-25
1.0,30.89858029166488,121.73102648071404,2019-07-18-23-37-25
1.0,30.898580015090396,121.73152632415461,2019-07-18-23-37-25
1.0,30.898905589514047,121.67584691948184,2019-07-18-23-37-25
1.0,30.898843336459233,121.71528667391554,2019-07-18-23-37-25
1.0,30.89883378107856,121.72552888185979,2019-07-18-23-37-25
1.0,30.898832333984704,121.727527853976,2019-07-18-23-37-25
1.0,30.89883028654925,121.73077654211124,2019-07-18-23-37-25
1.0,30.898830144848866,121.7310264598103,2019-07-18-23-37-25
1.0,30.898829733406725,121.73177622899895,2019-07-18-23-37-25
1.0,30.898829600823344,121.73202615743823,2019-07-18-23-37-25
1.0,30.89909430455842,121.71428762908282,2019-07-18-23-37-25
1.0,30.899085015309613,121.72377989580716,2019-07-18-23-37-25
1.0,30.899083075069296,121.72627845602632,2019-07-18-23-37-25
1.0,30.899080139720304,121.73077652120759,2019-07-18-23-37-25
1.0,30.89907919569247,121.73252600149796,2019-07-18-23-37-25
1.0,30.899337023948743,121.72128156862858,2019-07-18-23-37-25
1.0,30.899331869379942,121.72777769542336,2019-07-18-23-37-25
1.0,30.899330431591153,121.73002676324498,2019-07-18-23-37-25
1.0,30.89932943973551,121.73177618718931,2019-07-18-23-37-25
1.0,30.899678994525278,121.66337098712876,2019-07-18-23-37-25
1.0,30.89958999231225,121.71803411919534,2019-07-18-23-37-25
1.0,30.899587564941214,121.72053210448574,2019-07-18-23-37-25
1.0,30.899586429024883,121.72178118896286,2019-07-18-23-37-25
1.0,30.899585989398982,121.72228084015342,2019-07-18-23-37-25
1.0,30.89958492756044,121.72353001206041,2019-07-18-23-37-25
1.0,30.899584517823996,121.72402969852037,2019-07-18-23-37-25
1.0,30.899584316189973,121.72427954556576,2019-07-18-23-37-25
1.0,30.899580901313552,121.72902713019778,2019-07-18-23-37-25
1.0,30.899580435499537,121.72977683532132,2019-07-18-23-37-25
1.0,30.899580284736576,121.73002674234182,2019-07-18-23-37-25
1.0,30.899579704323177,121.73102639709795,2019-07-18-23-37-25
1.0,30.899579427748282,121.73152624053637,2019-07-18-23-37-25
1.0,30.899579292880578,121.7317761662842,2019-07-18-23-37-25
1.0,30.89984113542103,121.71678519579734,2019-07-18-23-37-25
1.0,30.899833969852327,121.7245293742673,2019-07-18-23-37-25
1.0,30.899832452507805,121.72652826353364,2019-07-18-23-37-25
1.0,30.899832272712086,121.7267781363335,2019-07-18-23-37-25
1.0,30.899831240468934,121.72827742798917,2019-07-18-23-37-25
1.0,30.89983075444636,121.72902710929571,2019-07-18-23-37-25
1.0,30.89983028863219,121.72977681441827,2019-07-18-23-37-25
1.0,30.899829699156165,121.7307764584955,2019-07-18-23-37-25
1.0,30.90017679205669,121.66436900939115,2019-07-18-23-37-25
1.0,30.90009125254222,121.71653540151235,2019-07-18-23-37-25
1.0,30.900090988543443,121.7167851749193,2019-07-18-23-37-25
1.0,30.900090208529654,121.71753450930248,2019-07-18-23-37-25
1.0,30.900084841908022,121.72328013084886,2019-07-18-23-37-25
1.0,30.900082671828493,121.72602850482824,2019-07-18-23-37-25
1.0,30.900082305628352,121.72652824263503,2019-07-18-23-37-25
1.0,30.900082125832583,121.72677811543448,2019-07-18-23-37-25
1.0,30.900079552275862,121.73077643759108,2019-07-18-23-37-25
2.0,30.90034110565197,121.71653538063477,2019-07-18-23-37-25
1.0,30.90033929973209,121.7182838442005,2019-07-18-23-37-25
1.0,30.90033904981586,121.71853363424829,2019-07-18-23-37-25
1.0,30.900334486923896,121.72352994938039,2019-07-18-23-37-25
1.0,30.9003336760815,121.7245293324767,2019-07-18-23-37-25
1.0,30.90033180135325,121.72702796993846,2019-07-18-23-37-25
1.0,30.900331113176875,121.72802749768998,2019-07-18-23-37-25
1.0,30.900328719655416,121.7320260320055,2019-07-18-23-37-25
1.0,30.900593992381065,121.71378800558698,2019-07-18-23-37-25
1.0,30.900590694750196,121.71678513316262,2019-07-18-23-37-25
1.0,30.900589658746817,121.71778425041363,2019-07-18-23-37-25
1.0,30.900585841485455,121.72178110540318,2019-07-18-23-37-25
1.0,30.90058372864862,121.7242794619864,2019-07-18-23-37-25
1.0,30.900583331873072,121.7247791637326,2019-07-18-23-37-25
1.0,30.90058313674138,121.72502901844635,2019-07-18-23-37-25
1.0,30.900963418026606,121.64415648902414,2019-07-18-23-37-25
1.0,30.90096299304378,121.64440606121914,2019-07-18-23-37-25
1.0,30.9008717900637,121.69406429065306,2019-07-18-23-37-25
1.0,30.900837776757896,121.71953277679808,2019-07-18-23-37-25
1.0,30.9008375370847,121.71978257894378,2019-07-18-23-37-25
1.0,30.900834193102845,121.72352990759275,2019-07-18-23-37-25
1.0,30.9008313321566,121.72727780615014,2019-07-18-23-37-25
1.0,30.90083115899961,121.72752768677552,2019-07-18-23-37-25
1.0,30.900829401769627,121.73027654750553,2019-07-18-23-37-25
1.0,30.900828969858136,121.73102629257352,2019-07-18-23-37-25
1.0,30.90082842583098,121.73202599019307,2019-07-18-23-37-25
1.0,30.901178113198004,121.66337086327982,2019-07-18-23-37-25
1.0,30.901088858984664,121.71828378155324,2019-07-18-23-37-25
1.0,30.901083636436454,121.72402957315293,2019-07-18-23-37-25
1.0,30.901081012069458,121.72752766587459,2019-07-18-23-37-25
1.0,30.90108001992008,121.72902700478247,2019-07-18-23-37-25
1.0,30.901079707125085,121.72952680554077,2019-07-18-23-37-25
1.0,30.90133846212738,121.71853355071578,2019-07-18-23-37-25
1.0,30.901334317559975,121.72303018948733,2019-07-18-23-37-25
1.0,30.90133086512681,121.72752764497348,2019-07-18-23-37-25
1.0,30.901329560182038,121.72952678463689,2019-07-18-23-37-25
1.0,30.901329256398746,121.7300265960144,2019-07-18-23-37-25
1.0,30.901676388034634,121.66411936986569,2019-07-18-23-37-25
1.0,30.901589845006722,121.71703482540549,2019-07-18-23-37-25
1.0,30.90158958499973,121.71728460352692,2019-07-18-23-37-25
1.0,30.901585032872788,121.72203084618245,2019-07-18-23-37-25
2.0,30.901583960370164,121.7232800054877,2019-07-18-23-37-25
1.0,30.901579413226557,121.72952676373284,2019-07-18-23-37-25
1.0,30.901838418124818,121.71828371890426,2019-07-18-23-37-25
1.0,30.901832018302866,121.72552863109279,2019-07-18-23-37-25
1.0,30.90215841717264,121.67335142917004,2019-07-18-23-37-25
1.0,30.90209007706896,121.71653523448629,2019-07-18-23-37-25
1.0,30.90208903305491,121.71753434225577,2019-07-18-23-37-25
1.0,30.902088523093877,121.71803391037635,2019-07-18-23-37-25
1.0,30.902083252386504,121.72377964507562,2019-07-18-23-37-25
1.0,30.902080772756182,121.72702782363598,2019-07-18-23-37-25
1.0,30.902079274551582,121.72927682022092,2019-07-18-23-37-25
1.0,30.9020788154949,121.73002653329976,2019-07-18-23-37-25
1.0,30.902077823635338,121.7317759572226,2019-07-18-23-37-25
1.0,30.902455607620634,121.64814937775961,2019-07-18-23-37-25
1.0,30.902339930078995,121.71653521360717,2019-07-18-23-37-25
1.0,30.90233888606476,121.71753432137407,2019-07-18-23-37-25
1.0,30.902337626359923,121.71878325962916,2019-07-18-23-37-25
1.0,30.90232912755916,121.72927679931661,2019-07-18-23-37-25
2.0,30.902580656347588,121.72677790643387,2019-07-18-23-37-25
1.0,30.90257808278284,121.7307762285364,2019-07-18-23-37-25
1.0,30.842655700212934,121.798354357641,2019-07-18-23-37-25
1.0,30.842656521450735,121.79885549260865,2019-07-18-23-37-25
1.0,30.851901641471777,121.79910529670485,2019-07-18-23-37-25
1.0,30.852402598421428,121.79985697224629,2019-07-18-23-37-25
1.0,30.853386738281046,121.79008561581924,2019-07-18-23-37-25
1.0,30.853636960457923,121.79033610967495,2019-07-18-23-37-25
1.0,30.856124294812282,121.78206991345084,2019-07-18-23-37-25
1.0,30.856130542236706,121.78682886304135,2019-07-18-23-37-25
1.0,30.85614314030008,121.79534655015536,2019-07-18-23-37-25
1.0,30.85662216492948,121.78056719960682,2019-07-18-23-37-25
1.0,30.856871421494397,121.78006630513858,2019-07-18-23-37-25
1.0,30.857112535839935,121.72028584290119,2019-07-18-23-37-25
1.0,30.857608967508977,121.72403320601401,2019-07-18-23-37-25
1.0,30.857608765883114,121.72428305313709,2019-07-18-23-37-25
1.0,30.85911648120507,121.7152899903368,2019-07-18-23-37-25
1.0,30.859388925011956,121.79384301756681,2019-07-18-23-37-25
1.0,30.86064054753249,121.79534617724768,2019-07-18-23-37-25
1.0,30.86088576545697,121.79233968778368,2019-07-18-23-37-25
1.0,30.861135243704695,121.79208913861032,2019-07-18-23-37-25
1.0,30.861137145243422,121.79334179744916,2019-07-18-23-37-25
1.0,30.86138472336103,121.79183859112118,2019-07-18-23-37-25
1.0,30.861385099418854,121.79208911787376,2019-07-18-23-37-25
1.0,30.861385476906047,121.79233964631334,2019-07-18-23-37-25
1.0,30.86163762700213,121.79384283102586,2019-07-18-23-37-25
1.0,30.861641159858145,121.7960977469804,2019-07-18-23-37-25
1.0,30.861643167556096,121.79735053125705,2019-07-18-23-37-25
1.0,30.86164769016439,121.80010678170389,2019-07-18-23-37-25
1.0,30.861891414564678,121.79634828016019,2019-07-18-23-37-25
1.0,30.86213733832541,121.79384278957022,2019-07-18-23-37-25
1.0,30.862147401484076,121.80010674031737,2019-07-18-23-37-25
1.0,30.862647112720985,121.80010669893012,2019-07-18-23-37-25
1.0,30.862892850949024,121.79760098895687,2019-07-18-23-37-25
1.0,30.863137536522455,121.7943437881431,2019-07-18-23-37-25
1.0,30.863383568328626,121.7918384252114,2019-07-18-23-37-25
1.0,30.863385081095686,121.7928405423412,2019-07-18-23-37-25
1.0,30.8633881732377,121.79484485524814,2019-07-18-23-37-25
1.0,30.863389751361577,121.79584704956828,2019-07-18-23-37-25
1.0,30.86339460625041,121.79885377503543,2019-07-18-23-37-25
1.0,30.86363304923875,121.79158787940568,2019-07-18-23-37-25
1.0,30.863636859023266,121.79409320514617,2019-07-18-23-37-25
1.0,30.863639606888874,121.79584702885005,2019-07-18-23-37-25
1.0,30.86364201234617,121.7973503655825,2019-07-18-23-37-25
1.0,30.86364241759077,121.79760092683168,2019-07-18-23-37-25
1.0,30.8636461180579,121.79985604111725,2019-07-18-23-37-25
1.0,30.863882159864808,121.79108681366816,2019-07-18-23-37-25
1.0,30.86388327936512,121.79183838373206,2019-07-18-23-37-25
1.0,30.86388365542223,121.79208891049765,2019-07-18-23-37-25
1.0,30.863884411815036,121.79258996907892,2019-07-18-23-37-25
1.0,30.86388555695705,121.79334156940878,2019-07-18-23-37-25
1.0,30.863885941446586,121.79359210612928,2019-07-18-23-37-25
1.0,30.863887493022908,121.79459426909526,2019-07-18-23-37-25
1.0,30.86389106103856,121.79684922671838,2019-07-18-23-37-25
1.0,30.8638914638297,121.79709978506685,2019-07-18-23-37-25
1.0,30.864140114678953,121.79634809372405,2019-07-18-23-37-25
1.0,30.864140916524846,121.79684920600525,2019-07-18-23-37-25
1.0,30.864380764524554,121.79033521768807,2019-07-18-23-37-25
1.0,30.864388776869156,121.79559641580548,2019-07-18-23-37-25
1.0,30.864391578804653,121.79735030345144,2019-07-18-23-37-25
1.0,30.86439198404904,121.79760086470478,2019-07-18-23-37-25
1.0,30.864392390504733,121.79785142739125,2019-07-18-23-37-25
1.0,30.864597313446993,121.7547840484262,2019-07-18-23-37-25
1.0,30.864850112134146,121.7307793832251,2019-07-18-23-37-25
1.0,30.865101843974813,121.7277805569346,2019-07-18-23-37-25
1.0,30.865101675271948,121.72803044285392,2019-07-18-23-37-25
1.0,30.865100710016563,121.72952981370086,2019-07-18-23-37-25
1.0,30.865351870305737,121.72753065276422,2019-07-18-23-37-25
1.0,30.865351364201075,121.72828031052582,2019-07-18-23-37-25
1.0,30.86535041240593,121.72977969722884,2019-07-18-23-37-25
1.0,30.865349822957874,121.73077934146964,2019-07-18-23-37-25
1.0,30.865387803346128,121.79534578355647,2019-07-18-23-37-25
1.0,30.86538819853279,121.7955963329229,2019-07-18-23-37-25
1.0,30.86560455374273,121.7237826937721,2019-07-18-23-37-25
1.0,30.865603948865378,121.7245322351026,2019-07-18-23-37-25
1.0,30.86559996853606,121.73027949313884,2019-07-18-23-37-25
1.0,30.865638053898504,121.79559631220177,2019-07-18-23-37-25
1.0,30.865849972393818,121.7300295625369,2019-07-18-23-37-25
1.0,30.866109033149055,121.71853649339113,2019-07-18-23-37-25
1.0,30.866106647047367,121.72103452811811,2019-07-18-23-37-25
1.0,30.866100766048383,121.72853013907766,2019-07-18-23-37-25
1.0,30.86610060404632,121.72878003289108,2019-07-18-23-37-25
1.0,30.866099389043395,121.730779278835,2019-07-18-23-37-25
1.0,30.866130119517994,121.79058558887156,2019-07-18-23-37-25
1.0,30.866355387517363,121.72228361690894,2019-07-18-23-37-25
1.0,30.86635474402569,121.72303311269236,2019-07-18-23-37-25
1.0,30.866353317597525,121.72478202470802,2019-07-18-23-37-25
1.0,30.86637924175641,121.79008453703695,2019-07-18-23-37-25
1.0,30.866601852905966,121.72653104134478,2019-07-18-23-37-25
1.0,30.866600476673526,121.72853009732593,2019-07-18-23-37-25
1.0,30.86660031467136,121.72877999113867,2019-07-18-23-37-25
1.0,30.866600154910763,121.7290298875923,2019-07-18-23-37-25
1.0,30.86659938986442,121.73027940962717,2019-07-18-23-37-25
1.0,30.86685488147903,121.7225334045935,2019-07-18-23-37-25
1.0,30.866849852678335,121.72927976581414,2019-07-18-23-37-25
1.0,30.866848813256194,121.73102913393343,2019-07-18-23-37-25
1.0,30.866848126230167,121.75978803531346,2019-07-18-23-37-25
1.0,30.86709881021278,121.7307791953195,2019-07-18-23-37-25
1.0,30.86709456252288,121.74878027936144,2019-07-18-23-37-25
1.0,30.86709458972931,121.74903039580197,2019-07-18-23-37-25
1.0,30.867094619304275,121.74928051502695,2019-07-18-23-37-25
1.0,30.86709465124696,121.74953063703535,2019-07-18-23-37-25
1.0,30.867354591988065,121.72253336286104,2019-07-18-23-37-25
1.0,30.867353135455318,121.72428223936015,2019-07-18-23-37-25
1.0,30.867352935990255,121.7245320890155,2019-07-18-23-37-25
1.0,30.867349407918624,121.72952962580702,2019-07-18-23-37-25
1.0,30.867349254905513,121.72977953020882,2019-07-18-23-37-25
1.0,30.867348665455836,121.73077917444014,2019-07-18-23-37-25
1.0,30.867604447213136,121.72253334199452,2019-07-18-23-37-25
1.0,30.86760423271393,121.72278317391782,2019-07-18-23-37-25
1.0,30.86760279121494,121.72453206814515,2019-07-18-23-37-25
1.0,30.867600568033023,121.72753046489343,2019-07-18-23-37-25
1.0,30.867597206472613,121.73327845187931,2019-07-18-23-37-25
1.0,30.867594172502624,121.74752969719053,2019-07-18-23-37-25
1.0,30.867594205581167,121.74802990499134,2019-07-18-23-37-25
1.0,30.867619561743727,121.78357170525017,2019-07-18-23-37-25
1.0,30.86785345723721,121.7235326639361,2019-07-18-23-37-25
1.0,30.867853047513076,121.72403235051604,2019-07-18-23-37-25
1.0,30.867852646420058,121.72453204727461,2019-07-18-23-37-25
1.0,30.86785077175567,121.72703068528118,2019-07-18-23-37-25
1.0,30.86810310648448,121.72378248508723,2019-07-18-23-37-25
1.0,30.868353585904977,121.72303294575298,2019-07-18-23-37-25
1.0,30.868346310638444,121.73427818426181,2019-07-18-23-37-25
1.0,30.86834620106893,121.7345281398199,2019-07-18-23-37-25
1.0,30.868344267905602,121.75153160877117,2019-07-18-23-37-25
1.0,30.86837076335357,121.78482398897091,2019-07-18-23-37-25
1.0,30.868371095672295,121.78507446419215,2019-07-18-23-37-25
1.0,30.86859616578322,121.73427816337824,2019-07-18-23-37-25
1.0,30.868619958923617,121.78432302372634,2019-07-18-23-37-25
1.0,30.86884602090865,121.73427814249446,2019-07-18-23-37-25
1.0,30.869095876014768,121.7342781216105,2019-07-18-23-37-25
1.0,30.869095766445103,121.73452807716805,2019-07-18-23-37-25
1.0,30.86934584298483,121.73402814789235,2019-07-18-23-37-25
1.0,30.8698775797898,121.79033476118731,2019-07-18-23-37-25
1.0,30.869877947070826,121.79058527763023,2019-07-18-23-37-25
2.0,30.86987831583765,121.79083579582608,2019-07-18-23-37-25
1.0,30.870127069019475,121.7900842257546,2019-07-18-23-37-25
1.0,30.870127434805354,121.79033474043509,2019-07-18-23-37-25
1.0,30.87013003664665,121.79208839197459,2019-07-18-23-37-25
1.0,30.870131555066145,121.79309051592753,2019-07-18-23-37-25
1.0,30.8701366403866,121.7963475964862,2019-07-18-23-37-25
1.0,30.87134332195304,121.75453330470681,2019-07-18-23-37-25
1.0,30.87163339516484,121.79484417126702,2019-07-18-23-37-25
1.0,30.872114116943415,121.7813172371899,2019-07-18-23-37-25
1.0,30.872347963573777,121.76479282273307,2019-07-18-23-37-25
1.0,30.87236458944913,121.78181811154782,2019-07-18-23-37-25
1.0,30.872390218584744,121.79935417045368,2019-07-18-23-37-25
1.0,30.872390633226985,121.79960474287952,2019-07-18-23-37-25
1.0,30.872615069079494,121.78231899432055,2019-07-18-23-37-25
1.0,30.87262345533656,121.78858096768829,2019-07-18-23-37-25
1.0,30.872640488051783,121.79960472217539,2019-07-18-23-37-25
1.0,30.872847673223816,121.76479278102138,2019-07-18-23-37-25
1.0,30.872847847950986,121.76504307087382,2019-07-18-23-37-25
1.0,30.872848024878092,121.76529336331231,2019-07-18-23-37-25
1.0,30.872862768477777,121.78056584798966,2019-07-18-23-37-25
1.0,30.872889102357792,121.79885298824271,2019-07-18-23-37-25
1.0,30.87288951471237,121.7991035579622,2019-07-18-23-37-25
1.0,30.873364948516816,121.78256938686046,2019-07-18-23-37-25
1.0,30.873389224269836,121.79910351654732,2019-07-18-23-37-25
1.0,30.87409189003283,121.75503343803489,2019-07-18-23-37-25
1.0,30.874139616613355,121.79960459794668,2019-07-18-23-37-25
1.0,30.874591515725516,121.75478321341049,2019-07-18-23-37-25
1.0,30.87536222854003,121.78131696681977,2019-07-18-23-37-25
1.0,30.875859921900954,121.71254136421966,2019-07-18-23-37-25
1.0,30.875862866909934,121.78206827115793,2019-07-18-23-37-25
1.0,30.876113034773404,121.78231870320778,2019-07-18-23-37-25
1.0,30.876113349831904,121.78256915813813,2019-07-18-23-37-25
1.0,30.876589426775297,121.751280775413,2019-07-18-23-37-25
1.0,30.87683933215065,121.7515308987711,2019-07-18-23-37-25
1.0,30.876841590414713,121.758285834198,2019-07-18-23-37-25
1.0,30.877338527727094,121.74427780388811,2019-07-18-23-37-25
1.0,30.877339094360334,121.75178100401575,2019-07-18-23-37-25
1.0,30.878338152626203,121.7497798220253,2019-07-18-23-37-25
1.0,30.87833996877182,121.75653423780592,2019-07-18-23-37-25
1.0,30.8783400687573,121.75678443981725,2019-07-18-23-37-25
1.0,30.87858993187652,121.73527716645239,2019-07-18-23-37-25
1.0,30.878839492373707,121.73602705319968,2019-07-18-23-37-25
1.0,30.878839399066337,121.73627702789565,2019-07-18-23-37-25
1.0,30.878839126431707,121.75503304131037,2019-07-18-23-37-25
1.0,30.879098871570637,121.72128325995232,2019-07-18-23-37-25
1.0,30.879087651549845,121.74277731883514,2019-07-18-23-37-25
1.0,30.87908747933061,121.74727863666207,2019-07-18-23-37-25
1.0,30.879092564925838,121.76253976794548,2019-07-18-23-37-25
1.0,30.8793572965199,121.71304054822822,2019-07-18-23-37-25
1.0,30.87983940185142,121.75728472673485,2019-07-18-23-37-25
1.0,30.880338434092135,121.73652687997657,2019-07-18-23-37-25
1.0,30.880338345452188,121.73677686016569,2019-07-18-23-37-25
1.0,30.880605414720666,121.71403942265523,2019-07-18-23-37-25
1.0,30.8805926743074,121.72802914828563,2019-07-18-23-37-25
1.0,30.881086483923838,121.74927934540959,2019-07-18-23-37-25
1.0,30.88134797171958,121.77130043459287,2019-07-18-23-37-25
1.0,30.881608282439593,121.78106600234611,2019-07-18-23-37-25
1.0,30.88184549168426,121.76879697542968,2019-07-18-23-37-25
1.0,30.882088428108037,121.73402708255657,2019-07-18-23-37-25
1.0,30.88359987264296,121.71753588697106,2019-07-18-23-37-25
1.0,30.88408463079309,121.7437771156367,2019-07-18-23-37-25
1.0,30.884338497570575,121.73127759230488,2019-07-18-23-37-25
1.0,30.884590173984982,121.72827870260306,2019-07-18-23-37-25
1.0,30.885120928522742,121.79183662016017,2019-07-18-23-37-25
1.0,30.885348594757886,121.71778552380422,2019-07-18-23-37-25
1.0,30.88534390678959,121.72278169187084,2019-07-18-23-37-25
1.0,30.88533392338104,121.7435269532839,2019-07-18-23-37-25
1.0,30.88560453508528,121.71229081642097,2019-07-18-23-37-25
1.0,30.885601374157865,121.71503802045311,2019-07-18-23-37-25
2.0,30.88558408758286,121.74127653706842,2019-07-18-23-37-25
1.0,30.885583734453462,121.74402705090287,2019-07-18-23-37-25
1.0,30.88658307461985,121.74627763880541,2019-07-18-23-37-25
1.0,30.886583754326338,121.75203038091333,2019-07-18-23-37-25
1.0,30.887095124220235,121.720283339071,2019-07-18-23-37-25
1.0,30.887094202927898,121.7212825919249,2019-07-18-23-37-25
1.0,30.887086890827536,121.73127736247024,2019-07-18-23-37-25
1.0,30.88734360870206,121.72178221232063,2019-07-18-23-37-25
1.0,30.88734338783312,121.72203203669237,2019-07-18-23-37-25
1.0,30.88733792354102,121.72927805323683,2019-07-18-23-37-25
1.0,30.88758248999207,121.74627755521172,2019-07-18-23-37-25
1.0,30.887582493476312,121.7465276437815,2019-07-18-23-37-25
1.0,30.887835917410417,121.73227700821201,2019-07-18-23-37-25
1.0,30.88833866155108,121.72727885093347,2019-07-18-23-37-25
1.0,30.888332849233784,121.75253054256677,2019-07-18-23-37-25
1.0,30.890582915311366,121.75678341653612,2019-07-18-23-37-25
1.0,30.89309069094906,121.7212820907759,2019-07-18-23-37-25
1.0,30.89333441116898,121.72927755175141,2019-07-18-23-37-25
1.0,30.89333380361619,121.73027717455454,2019-07-18-23-37-25
1.0,30.893332827688248,121.73202661729925,2019-07-18-23-37-25
1.0,30.893332320263795,121.7330263580559,2019-07-18-23-37-25
1.0,30.89333057624166,121.73727574203238,2019-07-18-23-37-25
1.0,30.893330121669877,121.738775714096,2019-07-18-23-37-25
1.0,30.8935833668774,121.73077698104365,2019-07-18-23-37-25
1.0,30.893583225178087,121.73102689874857,2019-07-18-23-37-25
1.0,30.89383351054003,121.73027713275664,2019-07-18-23-37-25
1.0,30.89383280206026,121.73152672129946,2019-07-18-23-37-25
1.0,30.89383202718651,121.7330263162523,2019-07-18-23-37-25
1.0,30.893830201536968,121.73752568866594,2019-07-18-23-37-25
1.0,30.893830122254336,121.73777567986625,2019-07-18-23-37-25
1.0,30.89382989848275,121.73852567003435,2019-07-18-23-37-25
1.0,30.893829828590164,121.73877567228605,2019-07-18-23-37-25
1.0,30.893829761049325,121.73902567730542,2019-07-18-23-37-25
1.0,30.893829514434085,121.74002572509397,2019-07-18-23-37-25
1.0,30.89408794933441,121.72378031363182,2019-07-18-23-37-25
1.0,30.894083663244263,121.7297772951397,2019-07-18-23-37-25
1.0,30.894083073772897,121.7307769392442,2019-07-18-23-37-25
1.0,30.89408225775679,121.73227648573464,2019-07-18-23-37-25
1.0,30.894080395517385,121.73652573051527,2019-07-18-23-37-25
1.0,30.89407968202922,121.73877565138079,2019-07-18-23-37-25
1.0,30.894082374214108,121.76003599720762,2019-07-18-23-37-25
1.0,30.89408580116622,121.76554188505604,2019-07-18-23-37-25
1.0,30.8943335166712,121.72977727424087,2019-07-18-23-37-25
1.0,30.8943319831786,121.7325263986689,2019-07-18-23-37-25
1.0,30.894331734053047,121.73302627444795,2019-07-18-23-37-25
1.0,30.894329677589777,121.73827562873797,2019-07-18-23-37-25
1.0,30.894329402725706,121.7392756432833,2019-07-18-23-37-25
1.0,30.894581587465378,121.73302625354549,2019-07-18-23-37-25
1.0,30.894579074708513,121.74002566237706,2019-07-18-23-37-25
1.0,30.89457901894873,121.74027568126002,2019-07-18-23-37-25
1.0,30.894832352886475,121.7312767146299,2019-07-18-23-37-25
1.0,30.894830433947483,121.73527580806791,2019-07-18-23-37-25
1.0,30.894829867109227,121.73677564798307,2019-07-18-23-37-25
1.0,30.89482904670096,121.73952561203141,2019-07-18-23-37-25
1.0,30.895079237781864,121.73827556602085,2019-07-18-23-37-25
1.0,30.89507878148862,121.74002562056482,2019-07-18-23-37-25
1.0,30.89533308325886,121.72952728627699,2019-07-18-23-37-25
1.0,30.895329942436582,121.73577570192555,2019-07-18-23-37-25
1.0,30.895329662506242,121.73652562599007,2019-07-18-23-37-25
1.0,30.89532948755703,121.73702558910529,2019-07-18-23-37-25
1.0,30.895329321964084,121.73752556323373,2019-07-18-23-37-25
1.0,30.8953290911516,121.73827554511476,2019-07-18-23-37-25
1.0,30.895582632835726,121.73002707676929,2019-07-18-23-37-25
2.0,30.89558233809588,121.73052689881389,2019-07-18-23-37-25
1.0,30.895579096037252,121.7377755335274,2019-07-18-23-37-25
1.0,30.895830054961543,121.73477579972499,2019-07-18-23-37-25
1.0,30.895828399674684,121.73977554173813,2019-07-18-23-37-25
1.0,30.896080956775954,121.73252625235081,2019-07-18-23-37-25
1.0,30.89608083106453,121.73277618888633,2019-07-18-23-37-25
1.0,30.89608046772146,121.73352601473528,2019-07-18-23-37-25
1.0,30.896331335842778,121.73152651228447,2019-07-18-23-37-25
1.0,30.896328166794838,121.73952548659159,2019-07-18-23-37-25
1.0,30.896328106317924,121.73977549992402,2019-07-18-23-37-25
1.0,30.89658017434028,121.73352597292663,2019-07-18-23-37-25
1.0,30.89657802009622,121.73952546568428,2019-07-18-23-37-25
1.0,30.896604949367852,121.785322592552,2019-07-18-23-37-25
1.0,30.896830146442518,121.73327600736259,2019-07-18-23-37-25
1.0,30.89683002762947,121.73352595202202,2019-07-18-23-37-25
1.0,30.89682968503306,121.73427580230181,2019-07-18-23-37-25
1.0,30.89682946819823,121.73477571610393,2019-07-18-23-37-25
1.0,30.896828285675436,121.73802542295306,2019-07-18-23-37-25
1.0,30.89707999971836,121.73327598645798,2019-07-18-23-37-25
1.0,30.89707965019767,121.73402582858327,2019-07-18-23-37-25
1.0,30.8970795383087,121.73427578139642,2019-07-18-23-37-25
1.0,30.89707715680913,121.74252576727146,2019-07-18-23-37-25
1.0,30.897096251704557,121.77856038562417,2019-07-18-23-37-25
1.0,30.89709770886158,121.77981252167521,2019-07-18-23-37-25
1.0,30.897101392612186,121.7828178678728,2019-07-18-23-37-25
1.0,30.8973313112195,121.73052675250376,2019-07-18-23-37-25
1.0,30.89733022322323,121.73252614783213,2019-07-18-23-37-25
1.0,30.897329617659828,121.73377585758605,2019-07-18-23-37-25
1.0,30.89732950346001,121.73402580767788,2019-07-18-23-37-25
1.0,30.897346682219005,121.77906121262725,2019-07-18-23-37-25
1.0,30.897582561806498,121.72827761609175,2019-07-18-23-37-25
1.0,30.897581762991685,121.72952709817487,2019-07-18-23-37-25
1.0,30.89758007647258,121.73252612692782,2019-07-18-23-37-25
1.0,30.897579950760846,121.73277606346197,2019-07-18-23-37-25
1.0,30.89757913524436,121.734525695122,2019-07-18-23-37-25
1.0,30.897576934641624,121.74202564039498,2019-07-18-23-37-25
1.0,30.89757667188855,121.74752718990038,2019-07-18-23-37-25
1.0,30.897832415043467,121.72827759519222,2019-07-18-23-37-25
1.0,30.89783116394422,121.73027679834581,2019-07-18-23-37-25
2.0,30.89782932414477,121.73377581577509,2019-07-18-23-37-25
1.0,30.897828988480057,121.73452567421586,2019-07-18-23-37-25
1.0,30.897870440465816,121.79634529534441,2019-07-18-23-37-25
1.0,30.898085808486112,121.72353013741528,2019-07-18-23-37-25
1.0,30.898085602541766,121.72377997937821,2019-07-18-23-37-25
1.0,30.898082603456494,121.7277777999212,2019-07-18-23-37-25
1.0,30.89808146945194,121.72952705637229,2019-07-18-23-37-25
1.0,30.898077551916696,121.73802531841437,2019-07-18-23-37-25
1.0,30.89834308430271,121.71578624147348,2019-07-18-23-37-25
1.0,30.898334458422028,121.72502920650778,2019-07-18-23-37-25
1.0,30.898331169642965,121.72977693983363,2019-07-18-23-37-25
1.0,30.898329510429505,121.73277600074721,2019-07-18-23-37-25
1.0,30.898329030576956,121.73377577396336,2019-07-18-23-37-25
1.0,30.898327642974234,121.7372753239078,2019-07-18-23-37-25
1.0,30.89832712085423,121.73902530098054,2019-07-18-23-37-25
1.0,30.898375445335674,121.79960258863883,2019-07-18-23-37-25
1.0,30.89837586109837,121.7998531625491,2019-07-18-23-37-25
1.0,30.898592399599885,121.71628575571101,2019-07-18-23-37-25
1.0,30.89858300691712,121.72677824082568,2019-07-18-23-37-25
1.0,30.89858029166488,121.73102648071404,2019-07-18-23-37-25
1.0,30.898580015090396,121.73152632415461,2019-07-18-23-37-25
1.0,30.898579000281536,121.73352580568437,2019-07-18-23-37-25
1.0,30.898577258320874,121.73802527659755,2019-07-18-23-37-25
1.0,30.898577111485032,121.73852527280285,2019-07-18-23-37-25
1.0,30.898576908861024,121.73927528785971,2019-07-18-23-37-25
1.0,30.898843336459233,121.71528667391554,2019-07-18-23-37-25
1.0,30.89883378107856,121.72552888185979,2019-07-18-23-37-25
1.0,30.898832333984704,121.727527853976,2019-07-18-23-37-25
1.0,30.89883028654925,121.73077654211124,2019-07-18-23-37-25
1.0,30.898830144848866,121.7310264598103,2019-07-18-23-37-25
1.0,30.898829733406725,121.73177622899895,2019-07-18-23-37-25
1.0,30.898829600823344,121.73202615743823,2019-07-18-23-37-25
1.0,30.89882862275669,121.73402568224151,2019-07-18-23-37-25
1.0,30.898826964667446,121.738525251894,2019-07-18-23-37-25
1.0,30.898826762043278,121.73927526695073,2019-07-18-23-37-25
1.0,30.898829329408134,121.7595351286792,2019-07-18-23-37-25
1.0,30.898850048273882,121.78256726509876,2019-07-18-23-37-25
3.0,30.898868659968887,121.79559355460755,2019-07-18-23-37-25
1.0,30.89886905643849,121.79584410568464,2019-07-18-23-37-25
1.0,30.898869454190596,121.79609465827832,2019-07-18-23-37-25
1.0,30.898869853215132,121.79634521237686,2019-07-18-23-37-25
1.0,30.898871867069428,121.797598005029,2019-07-18-23-37-25
1.0,30.89887227351517,121.79784856790809,2019-07-18-23-37-25
1.0,30.89909430455842,121.71428762908282,2019-07-18-23-37-25
1.0,30.899085015309613,121.72377989580716,2019-07-18-23-37-25
1.0,30.899083075069296,121.72627845602632,2019-07-18-23-37-25
1.0,30.899080139720304,121.73077652120759,2019-07-18-23-37-25
1.0,30.89907919569247,121.73252600149796,2019-07-18-23-37-25
1.0,30.899079069980427,121.73277593803071,2019-07-18-23-37-25
1.0,30.899078475927077,121.73402566133477,2019-07-18-23-37-25
1.0,30.89907681783688,121.73852523098498,2019-07-18-23-37-25
1.0,30.899075792042293,121.7445260517998,2019-07-18-23-37-25
1.0,30.89911890959339,121.79584408493953,2019-07-18-23-37-25
1.0,30.89912542059859,121.79985310038148,2019-07-18-23-37-25
1.0,30.899337023948743,121.72128156862858,2019-07-18-23-37-25
1.0,30.899331869379942,121.72777769542336,2019-07-18-23-37-25
1.0,30.899330431591153,121.73002676324498,2019-07-18-23-37-25
1.0,30.89932943973551,121.73177618718931,2019-07-18-23-37-25
1.0,30.899328799722632,121.73302585636229,2019-07-18-23-37-25
1.0,30.899348505022118,121.78156541588535,2019-07-18-23-37-25
1.0,30.89936876273537,121.79584406419424,2019-07-18-23-37-25
1.0,30.899369559511726,121.79634517089195,2019-07-18-23-37-25
1.0,30.8993723874575,121.79809909074339,2019-07-18-23-37-25
1.0,30.899373206312312,121.79860022356726,2019-07-18-23-37-25
1.0,30.89937527373942,121.79985307965858,2019-07-18-23-37-25
1.0,30.89958999231225,121.71803411919534,2019-07-18-23-37-25
1.0,30.899587564941214,121.72053210448574,2019-07-18-23-37-25
1.0,30.899586429024883,121.72178118896286,2019-07-18-23-37-25
1.0,30.899585989398982,121.72228084015342,2019-07-18-23-37-25
1.0,30.89958492756044,121.72353001206041,2019-07-18-23-37-25
1.0,30.899584517823996,121.72402969852037,2019-07-18-23-37-25
1.0,30.899584316189973,121.72427954556576,2019-07-18-23-37-25
1.0,30.899580901313552,121.72902713019778,2019-07-18-23-37-25
1.0,30.899580435499537,121.72977683532132,2019-07-18-23-37-25
1.0,30.899580284736576,121.73002674234182,2019-07-18-23-37-25
1.0,30.899579704323177,121.73102639709795,2019-07-18-23-37-25
1.0,30.899579427748282,121.73152624053637,2019-07-18-23-37-25
1.0,30.899579292880578,121.7317761662842,2019-07-18-23-37-25
1.0,30.8995757965319,121.75027830378352,2019-07-18-23-37-25
1.0,30.899622240585966,121.79809907001038,2019-07-18-23-37-25
1.0,30.899622649423154,121.79834963572495,2019-07-18-23-37-25
1.0,30.89984113542103,121.71678519579734,2019-07-18-23-37-25
1.0,30.899833969852327,121.7245293742673,2019-07-18-23-37-25
1.0,30.899832452507805,121.72652826353364,2019-07-18-23-37-25
1.0,30.899832272712086,121.7267781363335,2019-07-18-23-37-25
1.0,30.899831240468934,121.72827742798917,2019-07-18-23-37-25
1.0,30.89983075444636,121.72902710929571,2019-07-18-23-37-25
1.0,30.89983028863219,121.72977681441827,2019-07-18-23-37-25
1.0,30.899829699156165,121.7307764584955,2019-07-18-23-37-25
1.0,30.899825480103697,121.7430256334868,2019-07-18-23-37-25
1.0,30.899825366977296,121.74427592283163,2019-07-18-23-37-25
1.0,30.8998688667326,121.79609457530225,2019-07-18-23-37-25
1.0,30.899869666043426,121.79659568500341,2019-07-18-23-37-25
1.0,30.899870067582185,121.79684624208184,2019-07-18-23-37-25
1.0,30.89987168605516,121.79784848497083,2019-07-18-23-37-25
1.0,30.899873736090214,121.79910132047783,2019-07-18-23-37-25
1.0,30.90009125254222,121.71653540151235,2019-07-18-23-37-25
1.0,30.900090988543443,121.7167851749193,2019-07-18-23-37-25
1.0,30.900090208529654,121.71753450930248,2019-07-18-23-37-25
1.0,30.900084841908022,121.72328013084886,2019-07-18-23-37-25
1.0,30.900082671828493,121.72602850482824,2019-07-18-23-37-25
1.0,30.900082305628352,121.72652824263503,2019-07-18-23-37-25
1.0,30.900082125832583,121.72677811543448,2019-07-18-23-37-25
1.0,30.900079552275862,121.73077643759108,2019-07-18-23-37-25
1.0,30.900076377222447,121.73802515114251,2019-07-18-23-37-25
2.0,30.900119920685437,121.7968462213415,2019-07-18-23-37-25
1.0,30.90012524996453,121.80010359273325,2019-07-18-23-37-25
2.0,30.90034110565197,121.71653538063477,2019-07-18-23-37-25
1.0,30.90033929973209,121.7182838442005,2019-07-18-23-37-25
1.0,30.90033904981586,121.71853363424829,2019-07-18-23-37-25
1.0,30.900334486923896,121.72352994938039,2019-07-18-23-37-25
1.0,30.9003336760815,121.7245293324767,2019-07-18-23-37-25
1.0,30.90033180135325,121.72702796993846,2019-07-18-23-37-25
1.0,30.900331113176875,121.72802749768998,2019-07-18-23-37-25
1.0,30.900328719655416,121.7320260320055,2019-07-18-23-37-25
1.0,30.90032594605512,121.73902513370513,2019-07-18-23-37-25
1.0,30.900369372237368,121.79659564351975,2019-07-18-23-37-25
1.0,30.90037058056906,121.79734731915977,2019-07-18-23-37-25
1.0,30.900373442282714,121.79910127902214,2019-07-18-23-37-25
1.0,30.900375103054138,121.80010357201101,2019-07-18-23-37-25
1.0,30.900593992381065,121.71378800558698,2019-07-18-23-37-25
1.0,30.900590694750196,121.71678513316262,2019-07-18-23-37-25
1.0,30.900589658746817,121.71778425041363,2019-07-18-23-37-25
1.0,30.900585841485455,121.72178110540318,2019-07-18-23-37-25
1.0,30.90058372864862,121.7242794619864,2019-07-18-23-37-25
1.0,30.900583331873072,121.7247791637326,2019-07-18-23-37-25
1.0,30.90058313674138,121.72502901844635,2019-07-18-23-37-25
1.0,30.900577161012333,121.73502536348985,2019-07-18-23-37-25
1.0,30.90057658019066,121.736525186932,2019-07-18-23-37-25
1.0,30.900575799147727,121.73902511279485,2019-07-18-23-37-25
1.0,30.900578175987253,121.75928475062717,2019-07-18-23-37-25
1.0,30.900618028253334,121.79584396046494,2019-07-18-23-37-25
1.0,30.900837776757896,121.71953277679808,2019-07-18-23-37-25
1.0,30.9008375370847,121.71978257894378,2019-07-18-23-37-25
1.0,30.900834193102845,121.72352990759275,2019-07-18-23-37-25
1.0,30.9008313321566,121.72727780615014,2019-07-18-23-37-25
1.0,30.90083115899961,121.72752768677552,2019-07-18-23-37-25
1.0,30.900829401769627,121.73027654750553,2019-07-18-23-37-25
1.0,30.900828969858136,121.73102629257352,2019-07-18-23-37-25
1.0,30.90082842583098,121.73202599019307,2019-07-18-23-37-25
1.0,30.90082791840035,121.73302573092165,2019-07-18-23-37-25
1.0,30.900826713205028,121.7357752419665,2019-07-18-23-37-25
1.0,30.900826617562448,121.73602521390715,2019-07-18-23-37-25
1.0,30.900865911999023,121.79459119967778,2019-07-18-23-37-25
1.0,30.90086867809441,121.79634504643269,2019-07-18-23-37-25
1.0,30.900872324891107,121.79860009918323,2019-07-18-23-37-25
1.0,30.900874809195447,121.80010353056596,2019-07-18-23-37-25
1.0,30.901088858984664,121.71828378155324,2019-07-18-23-37-25
1.0,30.901083636436454,121.72402957315293,2019-07-18-23-37-25
1.0,30.901081012069458,121.72752766587459,2019-07-18-23-37-25
1.0,30.90108001992008,121.72902700478247,2019-07-18-23-37-25
1.0,30.901079707125085,121.72952680554077,2019-07-18-23-37-25
1.0,30.901077531538796,121.73352559661431,2019-07-18-23-37-25
1.0,30.901123414972112,121.79935178807762,2019-07-18-23-37-25
1.0,30.90133846212738,121.71853355071578,2019-07-18-23-37-25
1.0,30.901334317559975,121.72303018948733,2019-07-18-23-37-25
1.0,30.90133086512681,121.72752764497348,2019-07-18-23-37-25
1.0,30.901329560182038,121.72952678463689,2019-07-18-23-37-25
1.0,30.901329256398746,121.7300265960144,2019-07-18-23-37-25
1.0,30.901327268086224,121.73377552307686,2019-07-18-23-37-25
1.0,30.90136561809332,121.79459115817077,2019-07-18-23-37-25
1.0,30.901589845006722,121.71703482540549,2019-07-18-23-37-25
1.0,30.90158958499973,121.71728460352692,2019-07-18-23-37-25
1.0,30.901585032872788,121.72203084618245,2019-07-18-23-37-25
2.0,30.901583960370164,121.7232800054877,2019-07-18-23-37-25
1.0,30.901579413226557,121.72952676373284,2019-07-18-23-37-25
1.0,30.901615081215354,121.7943405940826,2019-07-18-23-37-25
1.0,30.901615471121787,121.79459113741699,2019-07-18-23-37-25
1.0,30.901623121038746,121.79935174662288,2019-07-18-23-37-25
1.0,30.901838418124818,121.71828371890426,2019-07-18-23-37-25
1.0,30.901832018302866,121.72552863109279,2019-07-18-23-37-25
1.0,30.901862623322423,121.79283734702213,2019-07-18-23-37-25
1.0,30.901863005028833,121.7930878806698,2019-07-18-23-37-25
1.0,30.90187256055827,121.79910115465054,2019-07-18-23-37-25
1.0,30.90187297405346,121.79935172589522,2019-07-18-23-37-25
1.0,30.90209007706896,121.71653523448629,2019-07-18-23-37-25
1.0,30.90208903305491,121.71753434225577,2019-07-18-23-37-25
1.0,30.902088523093877,121.71803391037635,2019-07-18-23-37-25
1.0,30.902083252386504,121.72377964507562,2019-07-18-23-37-25
1.0,30.902080772756182,121.72702782363598,2019-07-18-23-37-25
1.0,30.902079274551582,121.72927682022092,2019-07-18-23-37-25
1.0,30.9020788154949,121.73002653329976,2019-07-18-23-37-25
1.0,30.902077823635338,121.7317759572226,2019-07-18-23-37-25
1.0,30.902077062503068,121.73327556832588,2019-07-18-23-37-25
1.0,30.90207694368893,121.73352551298092,2019-07-18-23-37-25
1.0,30.902339930078995,121.71653521360717,2019-07-18-23-37-25
1.0,30.90233888606476,121.71753432137407,2019-07-18-23-37-25
1.0,30.902337626359923,121.71878325962916,2019-07-18-23-37-25
1.0,30.90232912755916,121.72927679931661,2019-07-18-23-37-25
1.0,30.902355707282798,121.78832799335306,2019-07-18-23-37-25
1.0,30.902373927320014,121.80010340622627,2019-07-18-23-37-25
1.0,30.842655700212934,121.798354357641,2019-07-18-23-37-25
1.0,30.842656521450735,121.79885549260865,2019-07-18-23-37-25
1.0,30.84844364908795,121.82141021350144,2019-07-18-23-37-25
1.0,30.848451658693584,121.82567109808818,2019-07-18-23-37-25
1.0,30.84892113386233,121.80937992521565,2019-07-18-23-37-25
1.0,30.849984586533516,121.84421717923503,2019-07-18-23-37-25
1.0,30.85067834880402,121.81389098019251,2019-07-18-23-37-25
1.0,30.85140526773004,121.80110994281546,2019-07-18-23-37-25
1.0,30.85143023220271,121.8151440665658,2019-07-18-23-37-25
1.0,30.851901641471777,121.79910529670485,2019-07-18-23-37-25
1.0,30.852402598421428,121.79985697224629,2019-07-18-23-37-25
1.0,30.853153421764592,121.80060863903317,2019-07-18-23-37-25
1.0,30.853386738281046,121.79008561581924,2019-07-18-23-37-25
1.0,30.853636960457923,121.79033610967495,2019-07-18-23-37-25
1.0,30.85520154944804,121.827675662918,2019-07-18-23-37-25
1.0,30.85595064802223,121.82742496199229,2019-07-18-23-37-25
1.0,30.856124294812282,121.78206991345084,2019-07-18-23-37-25
1.0,30.856130542236706,121.78682886304135,2019-07-18-23-37-25
1.0,30.85614314030008,121.79534655015536,2019-07-18-23-37-25
1.0,30.856184032805714,121.81865255393281,2019-07-18-23-37-25
1.0,30.856475170931127,121.84095881666272,2019-07-18-23-37-25
1.0,30.85662216492948,121.78056719960682,2019-07-18-23-37-25
1.0,30.856871421494397,121.78006630513858,2019-07-18-23-37-25
1.0,30.856974439859258,121.84070816631923,2019-07-18-23-37-25
1.0,30.85697708667713,121.84221180865337,2019-07-18-23-37-25
1.0,30.856979267887052,121.84346481609082,2019-07-18-23-37-25
1.0,30.85722385183815,121.84045753547548,2019-07-18-23-37-25
1.0,30.85723128132353,121.84471777595618,2019-07-18-23-37-25
1.0,30.858468196112327,121.83770066114174,2019-07-18-23-37-25
1.0,30.858975055741855,121.8417104349993,2019-07-18-23-37-25
1.0,30.8589815555129,121.84546940750239,2019-07-18-23-37-25
1.0,30.859231411401325,121.84546938709104,2019-07-18-23-37-25
1.0,30.859388925011956,121.79384301756681,2019-07-18-23-37-25
1.0,30.85943968315068,121.82266250884936,2019-07-18-23-37-25
1.0,30.85948126726844,121.84546936667952,2019-07-18-23-37-25
1.0,30.85973026923095,121.8449681644649,2019-07-18-23-37-25
1.0,30.85997840509227,121.8439657665215,2019-07-18-23-37-25
1.0,30.860151079923185,121.80161038306238,2019-07-18-23-37-25
1.0,30.860442405342535,121.82441691006146,2019-07-18-23-37-25
1.0,30.86047940815817,121.84471751055379,2019-07-18-23-37-25
1.0,30.86064054753249,121.79534617724768,2019-07-18-23-37-25
1.0,30.860730546286153,121.84546926461908,2019-07-18-23-37-25
1.0,30.86088576545697,121.79233968778368,2019-07-18-23-37-25
1.0,30.860979975603193,121.84521865388895,2019-07-18-23-37-25
1.0,30.861135243704695,121.79208913861032,2019-07-18-23-37-25
1.0,30.861137145243422,121.79334179744916,2019-07-18-23-37-25
1.0,30.861206973819783,121.83243726624501,2019-07-18-23-37-25
1.0,30.861229831322646,121.84521863347466,2019-07-18-23-37-25
1.0,30.86123195284406,121.8464715729709,2019-07-18-23-37-25
1.0,30.86123321271639,121.8472233217697,2019-07-18-23-37-25
1.0,30.86138472336103,121.79183859112118,2019-07-18-23-37-25
1.0,30.861385099418854,121.79208911787376,2019-07-18-23-37-25
1.0,30.861385476906047,121.79233964631334,2019-07-18-23-37-25
1.0,30.86147449250629,121.84221144090033,2019-07-18-23-37-25
1.0,30.86147536775275,121.84271264707763,2019-07-18-23-37-25
1.0,30.86163762700213,121.79384283102586,2019-07-18-23-37-25
1.0,30.861641159858145,121.7960977469804,2019-07-18-23-37-25
1.0,30.861643167556096,121.79735053125705,2019-07-18-23-37-25
1.0,30.86164769016439,121.80010678170389,2019-07-18-23-37-25
1.0,30.861891414564678,121.79634828016019,2019-07-18-23-37-25
1.0,30.86213733832541,121.79384278957022,2019-07-18-23-37-25
1.0,30.862147401484076,121.80010674031737,2019-07-18-23-37-25
1.0,30.862148238575294,121.80060789429452,2019-07-18-23-37-25
1.0,30.86222925399197,121.84521855181563,2019-07-18-23-37-25
1.0,30.862474353171887,121.84246196277944,2019-07-18-23-37-25
1.0,30.86248165219413,121.84672205514204,2019-07-18-23-37-25
1.0,30.862647112720985,121.80010669893012,2019-07-18-23-37-25
1.0,30.86264753071833,121.80035727527199,2019-07-18-23-37-25
1.0,30.862725082189662,121.84296314646407,2019-07-18-23-37-25
1.0,30.862892850949024,121.79760098895687,2019-07-18-23-37-25
1.0,30.863137536522455,121.7943437881431,2019-07-18-23-37-25
1.0,30.863237797700194,121.85073116025919,2019-07-18-23-37-25
1.0,30.863383568328626,121.7918384252114,2019-07-18-23-37-25
1.0,30.863385081095686,121.7928405423412,2019-07-18-23-37-25
1.0,30.8633881732377,121.79484485524814,2019-07-18-23-37-25
1.0,30.863389751361577,121.79584704956828,2019-07-18-23-37-25
1.0,30.86339460625041,121.79885377503543,2019-07-18-23-37-25
2.0,30.863488053928563,121.8509817007747,2019-07-18-23-37-25
1.0,30.863489248169603,121.85173337447758,2019-07-18-23-37-25
1.0,30.86363304923875,121.79158787940568,2019-07-18-23-37-25
1.0,30.863636859023266,121.79409320514617,2019-07-18-23-37-25
1.0,30.863639606888874,121.79584702885005,2019-07-18-23-37-25
1.0,30.86364201234617,121.7973503655825,2019-07-18-23-37-25
1.0,30.86364241759077,121.79760092683168,2019-07-18-23-37-25
1.0,30.8636461180579,121.79985604111725,2019-07-18-23-37-25
1.0,30.863647372038454,121.80060777014765,2019-07-18-23-37-25
1.0,30.863677367955155,121.81739875610607,2019-07-18-23-37-25
1.0,30.863730929960646,121.84672195310692,2019-07-18-23-37-25
1.0,30.863731768764065,121.84722311773301,2019-07-18-23-37-25
1.0,30.863737508742968,121.85073111949006,2019-07-18-23-37-25
1.0,30.86373790943966,121.85098168039143,2019-07-18-23-37-25
1.0,30.863739103680484,121.85173335409846,2019-07-18-23-37-25
1.0,30.863882159864808,121.79108681366816,2019-07-18-23-37-25
1.0,30.86388327936512,121.79183838373206,2019-07-18-23-37-25
1.0,30.86388365542223,121.79208891049765,2019-07-18-23-37-25
1.0,30.863884411815036,121.79258996907892,2019-07-18-23-37-25
1.0,30.86388555695705,121.79334156940878,2019-07-18-23-37-25
1.0,30.863885941446586,121.79359210612928,2019-07-18-23-37-25
1.0,30.863887493022908,121.79459426909526,2019-07-18-23-37-25
1.0,30.86389106103856,121.79684922671838,2019-07-18-23-37-25
1.0,30.8638914638297,121.79709978506685,2019-07-18-23-37-25
1.0,30.863989354597376,121.85198388858032,2019-07-18-23-37-25
1.0,30.863992084285194,121.85373772868101,2019-07-18-23-37-25
1.0,30.864140114678953,121.79634809372405,2019-07-18-23-37-25
1.0,30.864140916524846,121.79684920600525,2019-07-18-23-37-25
1.0,30.864200112233526,121.82968003141217,2019-07-18-23-37-25
1.0,30.864229797696513,121.84622074260281,2019-07-18-23-37-25
1.0,30.864231479727312,121.84722307692344,2019-07-18-23-37-25
1.0,30.864239604148256,121.8522344215218,2019-07-18-23-37-25
1.0,30.864380764524554,121.79033521768807,2019-07-18-23-37-25
1.0,30.864388776869156,121.79559641580548,2019-07-18-23-37-25
1.0,30.864391578804653,121.79735030345144,2019-07-18-23-37-25
1.0,30.86439198404904,121.79760086470478,2019-07-18-23-37-25
1.0,30.864392390504733,121.79785142739125,2019-07-18-23-37-25
1.0,30.864482169464072,121.8477242159881,2019-07-18-23-37-25
1.0,30.86449102224313,121.85323659873985,2019-07-18-23-37-25
1.0,30.86473035180659,121.84672187147551,2019-07-18-23-37-25
1.0,30.864730771766887,121.84697245443321,2019-07-18-23-37-25
1.0,30.86473612533439,121.85022991171584,2019-07-18-23-37-25
1.0,30.86473652859842,121.85048047556499,2019-07-18-23-37-25
1.0,30.864745797838985,121.85649353871814,2019-07-18-23-37-25
1.0,30.864979363990255,121.8462206813697,2019-07-18-23-37-25
1.0,30.86498020721749,121.84672185106719,2019-07-18-23-37-25
1.0,30.864980627177715,121.84697243402634,2019-07-18-23-37-25
1.0,30.864981046020183,121.84722301570771,2019-07-18-23-37-25
1.0,30.864987586085977,121.85123213788982,2019-07-18-23-37-25
1.0,30.86498877635622,121.85198380706676,2019-07-18-23-37-25
1.0,30.8649891704368,121.85223436039045,2019-07-18-23-37-25
1.0,30.86499341335048,121.8549903414252,2019-07-18-23-37-25
1.0,30.8651901326557,121.82466716032859,2019-07-18-23-37-25
1.0,30.865229219381174,121.8462206609583,2019-07-18-23-37-25
1.0,30.865230062608266,121.84672183065868,2019-07-18-23-37-25
1.0,30.865230901410815,121.8472229953021,2019-07-18-23-37-25
1.0,30.86523863174548,121.85198378668791,2019-07-18-23-37-25
1.0,30.865387803346128,121.79534578355647,2019-07-18-23-37-25
1.0,30.86538819853279,121.7955963329229,2019-07-18-23-37-25
1.0,30.86548033793904,121.84697239321206,2019-07-18-23-37-25
1.0,30.865482420741447,121.8482252885859,2019-07-18-23-37-25
1.0,30.865638053898504,121.79559631220177,2019-07-18-23-37-25
1.0,30.865726803290674,121.84496767445775,2019-07-18-23-37-25
1.0,30.86574029918789,121.85323649687965,2019-07-18-23-37-25
1.0,30.865744849827394,121.85624293216146,2019-07-18-23-37-25
1.0,30.86593828485218,121.82391517683864,2019-07-18-23-37-25
1.0,30.865990927476812,121.85373756572697,2019-07-18-23-37-25
1.0,30.865991311827898,121.85398810789357,2019-07-18-23-37-25
1.0,30.865994705155366,121.85624291180478,2019-07-18-23-37-25
1.0,30.865997617573953,121.85824706261003,2019-07-18-23-37-25
1.0,30.866130119517994,121.79058558887156,2019-07-18-23-37-25
1.0,30.866229483971093,121.84672174902282,2019-07-18-23-37-25
1.0,30.866242311542383,121.85473970410204,2019-07-18-23-37-25
1.0,30.86624418940883,121.85599236454902,2019-07-18-23-37-25
1.0,30.86624456046341,121.85624289144792,2019-07-18-23-37-25
1.0,30.86637924175641,121.79008453703695,2019-07-18-23-37-25
1.0,30.86647933926199,121.84672172861339,2019-07-18-23-37-25
1.0,30.866492545380755,121.85499021924633,2019-07-18-23-37-25
1.0,30.866729614492783,121.84697229117307,2019-07-18-23-37-25
1.0,30.866730033334743,121.84722287286455,2019-07-18-23-37-25
1.0,30.866733342443855,121.84922747878055,2019-07-18-23-37-25
1.0,30.86673933179704,121.85298586835637,2019-07-18-23-37-25
1.0,30.866936763400176,121.82341381348013,2019-07-18-23-37-25
1.0,30.866979049784376,121.84672168779399,2019-07-18-23-37-25
1.0,30.86698030629844,121.84747343285929,2019-07-18-23-37-25
1.0,30.866981552544253,121.84822516618169,2019-07-18-23-37-25
1.0,30.86698360595714,121.84947802797309,2019-07-18-23-37-25
1.0,30.866984012987064,121.84972859614939,2019-07-18-23-37-25
1.0,30.867182379565218,121.82115803192718,2019-07-18-23-37-25
1.0,30.867240203822377,121.85373746387471,2019-07-18-23-37-25
1.0,30.867240588173107,121.85398800604801,2019-07-18-23-37-25
1.0,30.867410928057996,121.80962901412235,2019-07-18-23-37-25
1.0,30.867477493759118,121.8459698905215,2019-07-18-23-37-25
1.0,30.86748001674152,121.8474733920478,2019-07-18-23-37-25
1.0,30.86748167606631,121.84847570048353,2019-07-18-23-37-25
1.0,30.86749120777156,121.85448906507696,2019-07-18-23-37-25
1.0,30.867492718992917,121.85549120371644,2019-07-18-23-37-25
1.0,30.867619561743727,121.78357170525017,2019-07-18-23-37-25
1.0,30.867730288505,121.84772395074293,2019-07-18-23-37-25
1.0,30.867731118178774,121.84822510497709,2019-07-18-23-37-25
1.0,30.86773398440583,121.84997910172586,2019-07-18-23-37-25
1.0,30.86797847059295,121.84672160615294,2019-07-18-23-37-25
1.0,30.867980143677457,121.84772393033816,2019-07-18-23-37-25
1.0,30.86798821787153,121.85273521784777,2019-07-18-23-37-25
1.0,30.868227904680765,121.84647100149996,2019-07-18-23-37-25
1.0,30.868229582259165,121.84747333082917,2019-07-18-23-37-25
1.0,30.86837076335357,121.78482398897091,2019-07-18-23-37-25
1.0,30.868371095672295,121.78507446419215,2019-07-18-23-37-25
1.0,30.868480269382577,121.8479744673153,2019-07-18-23-37-25
1.0,30.868619958923617,121.78432302372634,2019-07-18-23-37-25
1.0,30.868714526986064,121.83895291337748,2019-07-18-23-37-25
1.0,30.8687381732439,121.8529857053537,2019-07-18-23-37-25
1.0,30.86874010205534,121.85423842436259,2019-07-18-23-37-25
1.0,30.86874236883109,121.85574163229836,2019-07-18-23-37-25
1.0,30.868978729889726,121.84722268919573,2019-07-18-23-37-25
1.0,30.868991849839304,121.85549108154231,2019-07-18-23-37-25
1.0,30.86922774616507,121.84672150409747,2019-07-18-23-37-25
1.0,30.869228584965295,121.84722266878717,2019-07-18-23-37-25
1.0,30.869237493435,121.85273511596107,2019-07-18-23-37-25
1.0,30.869240573708762,121.85473945971071,2019-07-18-23-37-25
1.0,30.869241329329277,121.85524052906158,2019-07-18-23-37-25
1.0,30.869440497795203,121.82617065396713,2019-07-18-23-37-25
1.0,30.869479274304293,121.84772380790567,2019-07-18-23-37-25
1.0,30.869491934050526,121.8557415712133,2019-07-18-23-37-25
1.0,30.86949230662476,121.85599209987606,2019-07-18-23-37-25
1.0,30.869492677678423,121.85624262679188,2019-07-18-23-37-25
1.0,30.869731194677605,121.84897666302057,2019-07-18-23-37-25
1.0,30.8697368121705,121.8524845249804,2019-07-18-23-37-25
1.0,30.869737593501146,121.85298562384793,2019-07-18-23-37-25
1.0,30.86973952231116,121.85423834288375,2019-07-18-23-37-25
1.0,30.869741789085204,121.85574155085125,2019-07-18-23-37-25
1.0,30.869742161659367,121.8559920795153,2019-07-18-23-37-25
1.0,30.86974253271296,121.85624260643243,2019-07-18-23-37-25
1.0,30.8698775797898,121.79033476118731,2019-07-18-23-37-25
1.0,30.869877947070826,121.79058527763023,2019-07-18-23-37-25
2.0,30.86987831583765,121.79083579582608,2019-07-18-23-37-25
1.0,30.869975195123974,121.8454685092281,2019-07-18-23-37-25
1.0,30.86997981403156,121.84822492135329,2019-07-18-23-37-25
1.0,30.86998627446448,121.85223395280572,2019-07-18-23-37-25
1.0,30.869987058541643,121.85273505482684,2019-07-18-23-37-25
1.0,30.8699912700168,121.85549100008922,2019-07-18-23-37-25
1.0,30.870127069019475,121.7900842257546,2019-07-18-23-37-25
1.0,30.870127434805354,121.79033474043509,2019-07-18-23-37-25
1.0,30.87013003664665,121.79208839197459,2019-07-18-23-37-25
1.0,30.870131555066145,121.79309051592753,2019-07-18-23-37-25
1.0,30.8701366403866,121.7963475964862,2019-07-18-23-37-25
1.0,30.870238079285304,121.8534866755878,2019-07-18-23-37-25
1.0,30.870241499097162,121.85574151012658,2019-07-18-23-37-25
1.0,30.870464409030095,121.83945400090592,2019-07-18-23-37-25
1.0,30.87047146538998,121.84346371305527,2019-07-18-23-37-25
1.0,30.87048754707857,121.85323610976876,2019-07-18-23-37-25
1.0,30.87048984878808,121.85473935787316,2019-07-18-23-37-25
1.0,30.87068223408065,121.82216030329651,2019-07-18-23-37-25
1.0,30.87072729617542,121.84697196461727,2019-07-18-23-37-25
1.0,30.870728132727667,121.8474731267551,2019-07-18-23-37-25
1.0,30.870978404239924,121.84772368546652,2019-07-18-23-37-25
1.0,30.871226165017497,121.84647075653945,2019-07-18-23-37-25
1.0,30.87122700604046,121.84697192379446,2019-07-18-23-37-25
1.0,30.871227424881113,121.84722250551194,2019-07-18-23-37-25
1.0,30.871228259162784,121.84772366505935,2019-07-18-23-37-25
1.0,30.871228674580667,121.84797424286235,2019-07-18-23-37-25
1.0,30.87163339516484,121.79484417126702,2019-07-18-23-37-25
1.0,30.871734469545533,121.85173270186912,2019-07-18-23-37-25
1.0,30.872114116943415,121.7813172371899,2019-07-18-23-37-25
1.0,30.872216065005755,121.8409575288125,2019-07-18-23-37-25
1.0,30.87236458944913,121.78181811154782,2019-07-18-23-37-25
1.0,30.872390218584744,121.79935417045368,2019-07-18-23-37-25
1.0,30.872390633226985,121.79960474287952,2019-07-18-23-37-25
1.0,30.87248830791536,121.85448865769831,2019-07-18-23-37-25
1.0,30.872615069079494,121.78231899432055,2019-07-18-23-37-25
1.0,30.87262345533656,121.78858096768829,2019-07-18-23-37-25
1.0,30.872640488051783,121.79960472217539,2019-07-18-23-37-25
1.0,30.872742623730243,121.8574949701286,2019-07-18-23-37-25
1.0,30.872862768477777,121.78056584798966,2019-07-18-23-37-25
1.0,30.872889102357792,121.79885298824271,2019-07-18-23-37-25
1.0,30.87288951471237,121.7991035579622,2019-07-18-23-37-25
1.0,30.873364948516816,121.78256938686046,2019-07-18-23-37-25
1.0,30.873389224269836,121.79910351654732,2019-07-18-23-37-25
1.0,30.873478195375185,121.84847521082548,2019-07-18-23-37-25
1.0,30.873723443510393,121.84571879211222,2019-07-18-23-37-25
1.0,30.873725973083666,121.84722230140125,2019-07-18-23-37-25
1.0,30.873973298229483,121.84571877169142,2019-07-18-23-37-25
1.0,30.873973722541752,121.84596935967876,2019-07-18-23-37-25
1.0,30.87397414578285,121.84621994644246,2019-07-18-23-37-25
1.0,30.8739745679411,121.84647053196889,2019-07-18-23-37-25
1.0,30.87397995218323,121.84972802508,2019-07-18-23-37-25
1.0,30.874139616613355,121.79960459794668,2019-07-18-23-37-25
1.0,30.87423380686599,121.85223360630063,2019-07-18-23-37-25
1.0,30.874237671203087,121.8547390523328,2019-07-18-23-37-25
1.0,30.87447343192504,121.84596931883952,2019-07-18-23-37-25
1.0,30.874475537184882,121.84722224016443,2019-07-18-23-37-25
1.0,30.874477201134532,121.84822455406078,2019-07-18-23-37-25
1.0,30.874478846276048,121.84922684643479,2019-07-18-23-37-25
1.0,30.874481277120307,121.85073024277509,2019-07-18-23-37-25
1.0,30.874487525883104,121.85473903196198,2019-07-18-23-37-25
1.0,30.87448828150064,121.85524010136838,2019-07-18-23-37-25
1.0,30.874726641545408,121.84797395716258,2019-07-18-23-37-25
1.0,30.87472910919995,121.8494773956654,2019-07-18-23-37-25
1.0,30.874733908930413,121.85248411735283,2019-07-18-23-37-25
1.0,30.874739629451536,121.85624219920476,2019-07-18-23-37-25
1.0,30.874743959607603,121.8592483817524,2019-07-18-23-37-25
1.0,30.874744309929458,121.85949888486262,2019-07-18-23-37-25
1.0,30.874972716923715,121.84571869000635,2019-07-18-23-37-25
1.0,30.874975246494806,121.84722219933896,2019-07-18-23-37-25
1.0,30.874975664205017,121.8474727797867,2019-07-18-23-37-25
1.0,30.874976080774303,121.84772335892956,2019-07-18-23-37-25
1.0,30.87497773541133,121.84872566218333,2019-07-18-23-37-25
1.0,30.874982184595194,121.85148188039513,2019-07-18-23-37-25
1.0,30.8749849334869,121.85323574297067,2019-07-18-23-37-25
1.0,30.874987613736078,121.854989526774,2019-07-18-23-37-25
1.0,30.87522468228316,121.84697159718536,2019-07-18-23-37-25
1.0,30.875225935402003,121.84772333851942,2019-07-18-23-37-25
1.0,30.875227590038744,121.84872564177891,2019-07-18-23-37-25
1.0,30.875229225499947,121.84972792308807,2019-07-18-23-37-25
1.0,30.87523517529642,121.85348626806137,2019-07-18-23-37-25
1.0,30.87523594541629,121.85398735412717,2019-07-18-23-37-25
1.0,30.87536222854003,121.78131696681977,2019-07-18-23-37-25
1.0,30.875436542792617,121.82591952064924,2019-07-18-23-37-25
1.0,30.875470288945568,121.8444656913045,2019-07-18-23-37-25
1.0,30.875472000790975,121.84546805995654,2019-07-18-23-37-25
1.0,30.8754749557325,121.84722215851275,2019-07-18-23-37-25
1.0,30.87547620542836,121.84797389593649,2019-07-18-23-37-25
1.0,30.8754822905879,121.85173239607153,2019-07-18-23-37-25
1.0,30.875485415675815,121.85373679153402,2019-07-18-23-37-25
1.0,30.875488822275436,121.85599161116717,2019-07-18-23-37-25
1.0,30.875670877261904,121.81764840302044,2019-07-18-23-37-25
1.0,30.875673218217496,121.8189015856094,2019-07-18-23-37-25
1.0,30.87572522803439,121.84747271855144,2019-07-18-23-37-25
1.0,30.8757297450112,121.85022901445271,2019-07-18-23-37-25
1.0,30.875730148272066,121.85047957836338,2019-07-18-23-37-25
1.0,30.87573293467903,121.85223348399197,2019-07-18-23-37-25
1.0,30.875735654614147,121.85398731337585,2019-07-18-23-37-25
1.0,30.875737554628667,121.85523999952467,2019-07-18-23-37-25
1.0,30.875747799262538,121.86250468783096,2019-07-18-23-37-25
1.0,30.875862866909934,121.78206827115793,2019-07-18-23-37-25
1.0,30.875923072799853,121.81890156502008,2019-07-18-23-37-25
1.0,30.875972982881237,121.8462197830927,2019-07-18-23-37-25
1.0,30.875974664898386,121.8472221176858,2019-07-18-23-37-25
1.0,30.875983573325307,121.85273456569317,2019-07-18-23-37-25
1.0,30.875983963299408,121.85298511436997,2019-07-18-23-37-25
1.0,30.87598473906676,121.85348620692604,2019-07-18-23-37-25
1.0,30.87598627356997,121.85448837248934,2019-07-18-23-37-25
1.0,30.87600207654815,121.866011156508,2019-07-18-23-37-25
1.0,30.876113034773404,121.78231870320778,2019-07-18-23-37-25
1.0,30.876113349831904,121.78256915813813,2019-07-18-23-37-25
1.0,30.876155397621634,121.80937767558311,2019-07-18-23-37-25
1.0,30.876171054038203,121.81789899764581,2019-07-18-23-37-25
1.0,30.876221564514534,121.84546799868531,2019-07-18-23-37-25
1.0,30.876227008368886,121.8487255601594,2019-07-18-23-37-25
1.0,30.87622741906024,121.84897613258354,2019-07-18-23-37-25
1.0,30.87623420643799,121.8532356410717,2019-07-18-23-37-25
1.0,30.876237263754213,121.8552399587859,2019-07-18-23-37-25
1.0,30.876440663228863,121.82842583550091,2019-07-18-23-37-25
1.0,30.87648328241664,121.85273452492723,2019-07-18-23-37-25
1.0,30.876484060974615,121.85323562069135,2019-07-18-23-37-25
1.0,30.876484448157658,121.85348616616822,2019-07-18-23-37-25
1.0,30.87648898109787,121.85649258185043,2019-07-18-23-37-25
1.0,30.876676394060308,121.82090661072807,2019-07-18-23-37-25
1.0,30.87672127357451,121.84546795783687,2019-07-18-23-37-25
1.0,30.876723809674434,121.84697147469473,2019-07-18-23-37-25
1.0,30.876730369132773,121.85098062020704,2019-07-18-23-37-25
1.0,30.87673734838968,121.8554904502036,2019-07-18-23-37-25
1.0,30.8767377224717,121.8557409806388,2019-07-18-23-37-25
1.0,30.87673809504388,121.85599150933945,2019-07-18-23-37-25
1.0,30.876751640147393,121.86601109555549,2019-07-18-23-37-25
1.0,30.876972401000423,121.84621970141339,2019-07-18-23-37-25
1.0,30.876975332710963,121.8479737734793,2019-07-18-23-37-25
1.0,30.876979017698876,121.85022891246835,2019-07-18-23-37-25
1.0,30.876979822941724,121.85073003883892,2019-07-18-23-37-25
1.0,30.876980223634607,121.85098059981398,2019-07-18-23-37-25
1.0,30.87698794954429,121.85599148897336,2019-07-18-23-37-25
1.0,30.877224355211247,121.8474725960759,2019-07-18-23-37-25
1.0,30.87723323589443,121.85298501246052,2019-07-18-23-37-25
1.0,30.877234397431913,121.85373664889046,2019-07-18-23-37-25
1.0,30.877234781779794,121.85398719111744,2019-07-18-23-37-25
1.0,30.87723516469375,121.85423773169826,2019-07-18-23-37-25
1.0,30.87724559722381,121.86150263630525,2019-07-18-23-37-25
1.0,30.877406933173383,121.8106306603912,2019-07-18-23-37-25
1.0,30.87746168040843,121.8402052677938,2019-07-18-23-37-25
1.0,30.877472953173942,121.84672083041536,2019-07-18-23-37-25
1.0,30.877479932585413,121.8509805590273,2019-07-18-23-37-25
1.0,30.8774834789442,121.85323553916811,2019-07-18-23-37-25
1.0,30.877484251897734,121.85373662851207,2019-07-18-23-37-25
1.0,30.87748728592027,121.85574091953603,2019-07-18-23-37-25
1.0,30.877724896113442,121.8479737122482,2019-07-18-23-37-25
1.0,30.877726955503178,121.84922658120465,2019-07-18-23-37-25
1.0,30.87773018642644,121.85123109812191,2019-07-18-23-37-25
1.0,30.87773294480897,121.85298497169546,2019-07-18-23-37-25
1.0,30.87773487360758,121.85423769094666,2019-07-18-23-37-25
1.0,30.87773639070544,121.85523983656515,2019-07-18-23-37-25
1.0,30.877736766286258,121.85549036872763,2019-07-18-23-37-25
1.0,30.877974335129974,121.84772311399574,2019-07-18-23-37-25
1.0,30.87797843553122,121.85022883087754,2019-07-18-23-37-25
1.0,30.87798043893789,121.851481635715,2019-07-18-23-37-25
1.0,30.877984728038243,121.85423767057058,2019-07-18-23-37-25
1.0,30.877986620716566,121.85549034835817,2019-07-18-23-37-25
1.0,30.878174580329006,121.82040520892092,2019-07-18-23-37-25
1.0,30.87822125001307,121.8459690125216,2019-07-18-23-37-25
1.0,30.878233042237103,121.85323547802373,2019-07-18-23-37-25
1.0,30.87823381519021,121.85373656737579,2019-07-18-23-37-25
1.0,30.8782349639203,121.85448818912161,2019-07-18-23-37-25
1.0,30.878235343933365,121.85473872637735,2019-07-18-23-37-25
1.0,30.87845296543713,121.83569403859762,2019-07-18-23-37-25
1.0,30.87847068010035,121.8457184040853,2019-07-18-23-37-25
1.0,30.878476927006623,121.84947708964629,2019-07-18-23-37-25
1.0,30.878483669586213,121.85373654699666,2019-07-18-23-37-25
1.0,30.878484053933736,121.85398708923036,2019-07-18-23-37-25
1.0,30.878484436847337,121.85423762981787,2019-07-18-23-37-25
1.0,30.878485198329084,121.85473870600356,2019-07-18-23-37-25
1.0,30.878729604048168,121.85123101655117,2019-07-18-23-37-25
1.0,30.878733138194473,121.85348598274894,2019-07-18-23-37-25
1.0,30.878733523964893,121.85373652661735,2019-07-18-23-37-25
1.0,30.878733908312345,121.85398706885238,2019-07-18-23-37-25
1.0,30.878950378772792,121.83444086015726,2019-07-18-23-37-25
1.0,30.878952216214,121.83544337137819,2019-07-18-23-37-25
1.0,30.878968251633435,121.84446540527534,2019-07-18-23-37-25
1.0,30.878969537056715,121.8452171835867,2019-07-18-23-37-25
1.0,30.878975407318734,121.84872533569047,2019-07-18-23-37-25
1.0,30.878980253246386,121.85173211062293,2019-07-18-23-37-25
1.0,30.878980648668485,121.8519826655666,2019-07-18-23-37-25
1.0,30.879228512671432,121.85072985528056,2019-07-18-23-37-25
1.0,30.87923089708967,121.85223319857923,2019-07-18-23-37-25
1.0,30.879466232458043,121.84346297739809,2019-07-18-23-37-25
1.0,30.879466665880752,121.84371357581571,2019-07-18-23-37-25
1.0,30.879468389800696,121.84471595834444,2019-07-18-23-37-25
1.0,30.879478767691477,121.85098039587324,2019-07-18-23-37-25
1.0,30.879479167082927,121.85123095537116,2019-07-18-23-37-25
1.0,30.879718672591327,121.84496653069296,2019-07-18-23-37-25
1.0,30.87972862200217,121.85098037547814,2019-07-18-23-37-25
1.0,30.879747727104974,121.86425765950491,2019-07-18-23-37-25
1.0,30.879968954340477,121.8452171018751,2019-07-18-23-37-25
1.0,30.87997482459843,121.84872525405986,2019-07-18-23-37-25
1.0,30.879976053027974,121.84947696722699,2019-07-18-23-37-25
1.0,30.880192225609065,121.83043062911736,2019-07-18-23-37-25
1.0,30.880229920220774,121.85198256361876,2019-07-18-23-37-25
1.0,30.880466946966983,121.84421468759928,2019-07-18-23-37-25
1.0,30.880475353306316,121.84922635675474,2019-07-18-23-37-25
1.0,30.880717231702768,121.84446526224713,2019-07-18-23-37-25
1.0,30.880717661193113,121.8447158561879,2019-07-18-23-37-25
1.0,30.880718517124514,121.84521704058945,2019-07-18-23-37-25
1.0,30.880724798069473,121.84897576528469,2019-07-18-23-37-25
1.0,30.880969647449483,121.84596878786199,2019-07-18-23-37-25
1.0,30.880985246616635,121.85574063436782,2019-07-18-23-37-25
1.0,30.881137211146793,121.80060632126555,2019-07-18-23-37-25
1.0,30.881148012991577,121.8068711504044,2019-07-18-23-37-25
1.0,30.88120949537982,121.84020496092747,2019-07-18-23-37-25
1.0,30.8814170609202,121.81739729376146,2019-07-18-23-37-25
1.0,30.88143915732421,121.82917734015382,2019-07-18-23-37-25
1.0,30.881608282439593,121.78106600234611,2019-07-18-23-37-25
1.0,30.88219245917973,121.83118237270381,2019-07-18-23-37-25
1.0,30.883433293550407,121.82667078399086,2019-07-18-23-37-25
1.0,30.88348815609292,121.85874665744602,2019-07-18-23-37-25
1.0,30.884433180147955,121.82692134184933,2019-07-18-23-37-25
1.0,30.884494320085555,121.86375634171806,2019-07-18-23-37-25
1.0,30.88492158388599,121.8209059315772,2019-07-18-23-37-25
1.0,30.884922054376936,121.8211565710895,2019-07-18-23-37-25
1.0,30.885120928522742,121.79183662016017,2019-07-18-23-37-25
1.0,30.88548734159935,121.85899700154948,2019-07-18-23-37-25
1.0,30.8859965470094,121.86626079095355,2019-07-18-23-37-25
1.0,30.886490536052097,121.86175236911673,2019-07-18-23-37-25
1.0,30.886997150171958,121.86726247641928,2019-07-18-23-37-25
1.0,30.887669976539698,121.82090570514826,2019-07-18-23-37-25
1.0,30.887904459403742,121.81263477378019,2019-07-18-23-37-25
1.0,30.887907684837817,121.81438916646944,2019-07-18-23-37-25
1.0,30.887932545051918,121.82767297344773,2019-07-18-23-37-25
1.0,30.88793395391802,121.82842489096198,2019-07-18-23-37-25
1.0,30.88813694215051,121.80286099795902,2019-07-18-23-37-25
1.0,30.88818380768477,121.82842487042414,2019-07-18-23-37-25
1.0,30.888385513509547,121.80210921406817,2019-07-18-23-37-25
1.0,30.888386367439875,121.80261038833964,2019-07-18-23-37-25
1.0,30.88840325010089,121.81213348314958,2019-07-18-23-37-25
1.0,30.888404166931355,121.81263473250418,2019-07-18-23-37-25
1.0,30.888636221183774,121.80261036764075,2019-07-18-23-37-25
1.0,30.888653103841992,121.81213346250819,2019-07-18-23-37-25
1.0,30.88865356197908,121.81238408685171,2019-07-18-23-37-25
1.0,30.888656783849534,121.81413847526461,2019-07-18-23-37-25
1.0,30.888682106307083,121.8276729118193,2019-07-18-23-37-25
1.0,30.88898973845373,121.86225313054861,2019-07-18-23-37-25
1.0,30.889156953540272,121.81438906333277,2019-07-18-23-37-25
1.0,30.889184629466772,121.82917670369251,2019-07-18-23-37-25
1.0,30.88940358180442,121.81263464994991,2019-07-18-23-37-25
1.0,30.88940404104179,121.81288527562569,2019-07-18-23-37-25
1.0,30.889654814782773,121.81338650825866,2019-07-18-23-37-25
1.0,30.889726714506782,121.85348508581707,2019-07-18-23-37-25
1.0,30.8897431349293,121.86525868363216,2019-07-18-23-37-25
1.0,30.889902830457867,121.81238398364968,2019-07-18-23-37-25
1.0,30.889903289150727,121.81263460867166,2019-07-18-23-37-25
1.0,30.88990512924764,121.81363711519128,2019-07-18-23-37-25
1.0,30.88997656816044,121.8534850654281,2019-07-18-23-37-25
1.0,30.889977721182223,121.85423669230167,2019-07-18-23-37-25
1.0,30.889990136680296,121.86300448112443,2019-07-18-23-37-25
1.0,30.89015268410872,121.81238396300871,2019-07-18-23-37-25
1.0,30.890153142801505,121.81263458803224,2019-07-18-23-37-25
1.0,30.890153602038648,121.81288521371269,2019-07-18-23-37-25
1.0,30.89015961626529,121.81614340106083,2019-07-18-23-37-25
1.0,30.89040253774473,121.81238394236756,2019-07-18-23-37-25
1.0,30.890402996437444,121.81263456739265,2019-07-18-23-37-25
1.0,30.8904043757345,121.81338644635449,2019-07-18-23-37-25
1.0,30.890652391365954,121.81238392172621,2019-07-18-23-37-25
1.0,30.89065285005859,121.81263454675286,2019-07-18-23-37-25
1.0,30.890902244972434,121.81238390108467,2019-07-18-23-37-25
1.0,30.8909036226714,121.81313577812634,2019-07-18-23-37-25
1.0,30.89115164042789,121.81213325608385,2019-07-18-23-37-25
1.0,30.891242869763754,121.86575946729381,2019-07-18-23-37-25
1.0,30.891401952141408,121.81238385980105,2019-07-18-23-37-25
1.0,30.891402870070596,121.81288511052061,2019-07-18-23-37-25
1.0,30.89144030483661,121.83293605086872,2019-07-18-23-37-25
1.0,30.89165226439634,121.81263446419183,2019-07-18-23-37-25
1.0,30.891652723633037,121.81288508988163,2019-07-18-23-37-25
1.0,30.891653643692283,121.81338634317709,2019-07-18-23-37-25
1.0,30.89174227124756,121.86550897490507,2019-07-18-23-37-25
1.0,30.891896201676357,121.80937637431789,2019-07-18-23-37-25
1.0,30.891941399813483,121.8336879044708,2019-07-18-23-37-25
1.0,30.892151971477855,121.81263442291018,2019-07-18-23-37-25
1.0,30.892152890483516,121.81313567493925,2019-07-18-23-37-25
1.0,30.892158910544165,121.81639386955324,2019-07-18-23-37-25
1.0,30.892187078048643,121.83143218712715,2019-07-18-23-37-25
1.0,30.89218800879868,121.83193345631267,2019-07-18-23-37-25
1.0,30.89219217620846,121.83418914439078,2019-07-18-23-37-25
1.0,30.892402284233434,121.81288502796356,2019-07-18-23-37-25
1.0,30.892403665090903,121.8136369088512,2019-07-18-23-37-25
1.0,30.89243879148273,121.8324347032371,2019-07-18-23-37-25
1.0,30.89243971897562,121.83293596882002,2019-07-18-23-37-25
1.0,30.8924401820621,121.83318660087802,2019-07-18-23-37-25
1.0,30.892651219809654,121.81238375658867,2019-07-18-23-37-25
1.0,30.8926516785017,121.81263438162779,2019-07-18-23-37-25
1.0,30.892653057796753,121.81338626063177,2019-07-18-23-37-25
1.0,30.892659083542107,121.8166444622087,2019-07-18-23-37-25
1.0,30.89266001654353,121.81714573128073,2019-07-18-23-37-25
1.0,30.89268864498159,121.8324346827213,2019-07-18-23-37-25
1.0,30.89268957247433,121.83293594830738,2019-07-18-23-37-25
1.0,30.892690035560737,121.83318658036696,2019-07-18-23-37-25
1.0,30.892729490264013,121.85649125785139,2019-07-18-23-37-25
1.0,30.892908471055094,121.81639380770004,2019-07-18-23-37-25
1.0,30.892908937031347,121.81664444159236,2019-07-18-23-37-25
1.0,30.89315368685684,121.81388747513485,2019-07-18-23-37-25
1.0,30.893217079162273,121.84872417217477,2019-07-18-23-37-25
1.0,30.893408177991002,121.81639376646363,2019-07-18-23-37-25
1.0,30.893408643967106,121.81664440035911,2019-07-18-23-37-25
1.0,30.89343959597098,121.83318651883265,2019-07-18-23-37-25
1.0,30.893650175550725,121.81213304964074,2019-07-18-23-37-25
1.0,30.89365109237808,121.81263429906073,2019-07-18-23-37-25
2.0,30.893651551614187,121.81288492476303,2019-07-18-23-37-25
1.0,30.893660832356865,121.81789755546995,2019-07-18-23-37-25
1.0,30.893661300273592,121.81814819176563,2019-07-18-23-37-25
1.0,30.893900945811794,121.8126342784185,2019-07-18-23-37-25
1.0,30.893903247199226,121.81388741323217,2019-07-18-23-37-25
1.0,30.893910218165615,121.81764689892812,2019-07-18-23-37-25
1.0,30.89415079923147,121.81263425777608,2019-07-18-23-37-25
1.0,30.894152639323337,121.81363676440195,2019-07-18-23-37-25
1.0,30.89415310061853,121.81388739259756,2019-07-18-23-37-25
1.0,30.89416100712371,121.81814815055027,2019-07-18-23-37-25
1.0,30.894401111873034,121.81288486284043,2019-07-18-23-37-25
1.0,30.894401571641474,121.81313548919063,2019-07-18-23-37-25
1.0,30.894402954023843,121.81388737196276,2019-07-18-23-37-25
1.0,30.89447956356112,121.85724268039593,2019-07-18-23-37-25
1.0,30.894651425033064,121.81313546855095,2019-07-18-23-37-25
1.0,30.89465280741521,121.81388735132779,2019-07-18-23-37-25
1.0,30.894659311060423,121.81739620153603,2019-07-18-23-37-25
1.0,30.894659778378255,121.81764683709473,2019-07-18-23-37-25
1.0,30.894660246001433,121.81789747303215,2019-07-18-23-37-25
1.0,30.894729052082244,121.85699214008966,2019-07-18-23-37-25
1.0,30.894983177561176,121.85999823682684,2019-07-18-23-37-25
1.0,30.895207022940937,121.84346168941983,2019-07-18-23-37-25
1.0,30.895490072741616,121.86550866991904,2019-07-18-23-37-25
1.0,30.895688276443316,121.83318633421963,2019-07-18-23-37-25
1.0,30.896425213250225,121.82641907511614,2019-07-18-23-37-25
1.0,30.896604949367852,121.785322592552,2019-07-18-23-37-25
1.0,30.896898727245397,121.81238340563145,2019-07-18-23-37-25
1.0,30.897096251704557,121.77856038562417,2019-07-18-23-37-25
1.0,30.89709770886158,121.77981252167521,2019-07-18-23-37-25
1.0,30.897101392612186,121.7828178678728,2019-07-18-23-37-25
1.0,30.897346682219005,121.77906121262725,2019-07-18-23-37-25
1.0,30.897870440465816,121.79634529534441,2019-07-18-23-37-25
1.0,30.898176067539413,121.8274214914069,2019-07-18-23-37-25
1.0,30.898375445335674,121.79960258863883,2019-07-18-23-37-25
1.0,30.89837586109837,121.7998531625491,2019-07-18-23-37-25
1.0,30.898638658277093,121.80737091851344,2019-07-18-23-37-25
1.0,30.898641341814717,121.80887458666159,2019-07-18-23-37-25
1.0,30.89864953773455,121.81338576529681,2019-07-18-23-37-25
1.0,30.898734351569082,121.86250281641857,2019-07-18-23-37-25
1.0,30.898850048273882,121.78256726509876,2019-07-18-23-37-25
3.0,30.898868659968887,121.79559355460755,2019-07-18-23-37-25
1.0,30.89886905643849,121.79584410568464,2019-07-18-23-37-25
1.0,30.898869454190596,121.79609465827832,2019-07-18-23-37-25
1.0,30.898869853215132,121.79634521237686,2019-07-18-23-37-25
1.0,30.898871867069428,121.797598005029,2019-07-18-23-37-25
1.0,30.89887227351517,121.79784856790809,2019-07-18-23-37-25
1.0,30.89888236434836,121.80386247535553,2019-07-18-23-37-25
1.0,30.89889939089731,121.8133857446555,2019-07-18-23-37-25
2.0,30.898913382420066,121.82090477861207,2019-07-18-23-37-25
1.0,30.898913852906837,121.82115541821375,2019-07-18-23-37-25
1.0,30.89911890959339,121.79584408493953,2019-07-18-23-37-25
1.0,30.89912542059859,121.79985310038148,2019-07-18-23-37-25
1.0,30.89912625546526,121.80035425217118,2019-07-18-23-37-25
1.0,30.899130923314452,121.80311067726107,2019-07-18-23-37-25
1.0,30.899140150618717,121.80837331901641,2019-07-18-23-37-25
1.0,30.899140599008994,121.80862393173278,2019-07-18-23-37-25
1.0,30.899141948517727,121.80937577507171,2019-07-18-23-37-25
1.0,30.89914375755406,121.8103782444654,2019-07-18-23-37-25
1.0,30.899162765228187,121.82065411860948,2019-07-18-23-37-25
3.0,30.899163235567613,121.82090475801807,2019-07-18-23-37-25
1.0,30.89916511827572,121.82190731745686,2019-07-18-23-37-25
1.0,30.899182038945774,121.83093034153737,2019-07-18-23-37-25
1.0,30.899348505022118,121.78156541588535,2019-07-18-23-37-25
1.0,30.89936876273537,121.79584406419424,2019-07-18-23-37-25
1.0,30.899369559511726,121.79634517089195,2019-07-18-23-37-25
1.0,30.8993723874575,121.79809909074339,2019-07-18-23-37-25
1.0,30.899373206312312,121.79860022356726,2019-07-18-23-37-25
1.0,30.89937527373942,121.79985307965858,2019-07-18-23-37-25
1.0,30.899380346999386,121.8028600663963,2019-07-18-23-37-25
1.0,30.899390452147262,121.8086239110617,2019-07-18-23-37-25
1.0,30.899390901268113,121.8088745246535,2019-07-18-23-37-25
1.0,30.899391801655774,121.80937575440522,2019-07-18-23-37-25
1.0,30.899400943305086,121.81438821743494,2019-07-18-23-37-25
1.0,30.899401406018573,121.81463884738618,2019-07-18-23-37-25
1.0,30.899406522899614,121.81739580985519,2019-07-18-23-37-25
1.0,30.89940699021603,121.81764644544403,2019-07-18-23-37-25
3.0,30.89941261836289,121.8206540980137,2019-07-18-23-37-25
1.0,30.899413088702243,121.82090473742389,2019-07-18-23-37-25
1.0,30.899413559188865,121.82115537702875,2019-07-18-23-37-25
1.0,30.899414029810533,121.82140601681405,2019-07-18-23-37-25
1.0,30.89941450055501,121.82165665676558,2019-07-18-23-37-25
1.0,30.899414971410053,121.82190729686906,2019-07-18-23-37-25
1.0,30.89942580333753,121.82767202829372,2019-07-18-23-37-25
1.0,30.899622240585966,121.79809907001038,2019-07-18-23-37-25
1.0,30.899622649423154,121.79834963572495,2019-07-18-23-37-25
1.0,30.899628492300657,121.80185769691013,2019-07-18-23-37-25
1.0,30.89962977166008,121.80260945670256,2019-07-18-23-37-25
1.0,30.899633226454654,121.80461420076753,2019-07-18-23-37-25
1.0,30.899638070857584,121.80737083579906,2019-07-18-23-37-25
1.0,30.899650796428784,121.81438819679934,2019-07-18-23-37-25
1.0,30.89965637602242,121.81739578923853,2019-07-18-23-37-25
1.0,30.899662471484728,121.82065407741773,2019-07-18-23-37-25
1.0,30.899662941824005,121.8209047168295,2019-07-18-23-37-25
1.0,30.89966482453152,121.82190727628107,2019-07-18-23-37-25
1.0,30.899665295484805,121.82215791652385,2019-07-18-23-37-25
1.0,30.89966670881195,121.82290983793555,2019-07-18-23-37-25
1.0,30.8998688667326,121.79609457530225,2019-07-18-23-37-25
1.0,30.899869666043426,121.79659568500341,2019-07-18-23-37-25
1.0,30.899870067582185,121.79684624208184,2019-07-18-23-37-25
1.0,30.89987168605516,121.79784848497083,2019-07-18-23-37-25
1.0,30.899873736090214,121.79910132047783,2019-07-18-23-37-25
1.0,30.899876233931522,121.8006047678652,2019-07-18-23-37-25
1.0,30.899885268792772,121.8058671807787,2019-07-18-23-37-25
1.0,30.89989422539147,121.81087942192228,2019-07-18-23-37-25
1.0,30.899900187287713,121.81413754676954,2019-07-18-23-37-25
1.0,30.89990856864621,121.8186489502281,2019-07-18-23-37-25
1.0,30.89990903736815,121.81889958757277,2019-07-18-23-37-25
1.0,30.89991232459375,121.82065405682157,2019-07-18-23-37-25
1.0,30.899913736040943,121.8214059756315,2019-07-18-23-37-25
1.0,30.899915148593376,121.82215789593727,2019-07-18-23-37-25
2.0,30.900119920685437,121.7968462213415,2019-07-18-23-37-25
1.0,30.90012524996453,121.80010359273325,2019-07-18-23-37-25
1.0,30.900131197628127,121.80361177824528,2019-07-18-23-37-25
1.0,30.900137332505608,121.80712018628762,2019-07-18-23-37-25
1.0,30.900137777070732,121.80737079444074,2019-07-18-23-37-25
1.0,30.9001404606057,121.80887446264373,2019-07-18-23-37-25
1.0,30.90014317002807,121.81037816182294,2019-07-18-23-37-25
1.0,30.90014681853934,121.81238313721573,2019-07-18-23-37-25
1.0,30.900148656517544,121.81338564144616,2019-07-18-23-37-25
1.0,30.900149117313912,121.81363626907748,2019-07-18-23-37-25
1.0,30.900157485082165,121.81814765590754,2019-07-18-23-37-25
1.0,30.900157953278104,121.81839829259505,2019-07-18-23-37-25
1.0,30.900158421743072,121.818648929619,2019-07-18-23-37-25
1.0,30.900162648029138,121.8209046756402,2019-07-18-23-37-25
1.0,30.90016311851554,121.82115531524984,2019-07-18-23-37-25
1.0,30.900165001689192,121.82215787535051,2019-07-18-23-37-25
1.0,30.90016547272839,121.82240851571989,2019-07-18-23-37-25
1.0,30.90016594384138,121.82265915619843,2019-07-18-23-37-25
1.0,30.900369372237368,121.79659564351975,2019-07-18-23-37-25
1.0,30.90037058056906,121.79734731915977,2019-07-18-23-37-25
1.0,30.900373442282714,121.79910127902214,2019-07-18-23-37-25
1.0,30.900375103054138,121.80010357201101,2019-07-18-23-37-25
1.0,30.90038018888572,121.80311057373879,2019-07-18-23-37-25
1.0,30.900381050716714,121.8036117575434,2019-07-18-23-37-25
1.0,30.900383221824164,121.80486473670763,2019-07-18-23-37-25
1.0,30.90038674182726,121.80686955840568,2019-07-18-23-37-25
1.0,30.90039667162535,121.81238311656705,2019-07-18-23-37-25
1.0,30.90039943169289,121.81388687667139,2019-07-18-23-37-25
1.0,30.900618028253334,121.79584396046494,2019-07-18-23-37-25
1.0,30.900650671509084,121.81463874421416,2019-07-18-23-37-25
1.0,30.900652526736856,121.8156412693768,2019-07-18-23-37-25
1.0,30.9006628246697,121.82115527406297,2019-07-18-23-37-25
1.0,30.900665649994643,121.82265911503073,2019-07-18-23-37-25
1.0,30.900865911999023,121.79459119967778,2019-07-18-23-37-25
1.0,30.90086867809441,121.79634504643269,2019-07-18-23-37-25
1.0,30.900872324891107,121.79860009918323,2019-07-18-23-37-25
1.0,30.900874809195447,121.80010353056596,2019-07-18-23-37-25
1.0,30.900880756855987,121.80361171613906,2019-07-18-23-37-25
1.0,30.900897295683023,121.8128843261072,2019-07-18-23-37-25
1.0,30.900897755449535,121.813134952498,2019-07-18-23-37-25
1.0,30.900900061856134,121.81438809361852,2019-07-18-23-37-25
1.0,30.90091220724168,121.82090461385481,2019-07-18-23-37-25
1.0,30.900913148349076,121.82140589326414,2019-07-18-23-37-25
1.0,30.901123414972112,121.79935178807762,2019-07-18-23-37-25
1.0,30.901131475559733,121.80411288379351,2019-07-18-23-37-25
1.0,30.90114349076075,121.81087931863136,2019-07-18-23-37-25
1.0,30.90114991490376,121.8143880729818,2019-07-18-23-37-25
1.0,30.901150377616723,121.81463870294404,2019-07-18-23-37-25
1.0,30.901157365539312,121.81839821015043,2019-07-18-23-37-25
1.0,30.901157834003982,121.81864884718075,2019-07-18-23-37-25
1.0,30.901192838927642,121.83744653939597,2019-07-18-23-37-25
1.0,30.90136561809332,121.79459115817077,2019-07-18-23-37-25
1.0,30.90139198207301,121.81012743995,2019-07-18-23-37-25
1.0,30.90139288924694,121.81062867786105,2019-07-18-23-37-25
1.0,30.901395625710094,121.81213240954753,2019-07-18-23-37-25
1.0,30.901396542532854,121.8126336590641,2019-07-18-23-37-25
1.0,30.901397921820124,121.81338553823211,2019-07-18-23-37-25
1.0,30.901401157414043,121.81513994386202,2019-07-18-23-37-25
2.0,30.901402085878654,121.81564120749023,2019-07-18-23-37-25
1.0,30.901408155759334,121.81889946392494,2019-07-18-23-37-25
1.0,30.901418507953082,121.82441353853842,2019-07-18-23-37-25
1.0,30.90142039272523,121.82541610174184,2019-07-18-23-37-25
1.0,30.901420863764482,121.82566674242175,2019-07-18-23-37-25
1.0,30.901615081215354,121.7943405940826,2019-07-18-23-37-25
1.0,30.901615471121787,121.79459113741699,2019-07-18-23-37-25
1.0,30.901623121038746,121.79935174662288,2019-07-18-23-37-25
1.0,30.901628168754144,121.80235870322528,2019-07-18-23-37-25
1.0,30.901640479325593,121.80937556839838,2019-07-18-23-37-25
1.0,30.901650083674394,121.81463866167316,2019-07-18-23-37-25
1.0,30.901660825823445,121.82040327342757,2019-07-18-23-37-25
1.0,30.901662236827267,121.82115519168697,2019-07-18-23-37-25
1.0,30.90166741839029,121.82391223627054,2019-07-18-23-37-25
1.0,30.90166977463163,121.82516544043052,2019-07-18-23-37-25
1.0,30.901862623322423,121.79283734702213,2019-07-18-23-37-25
1.0,30.901863005028833,121.7930878806698,2019-07-18-23-37-25
1.0,30.90187256055827,121.79910115465054,2019-07-18-23-37-25
1.0,30.90187297405346,121.79935172589522,2019-07-18-23-37-25
1.0,30.901878877700085,121.80285985933045,2019-07-18-23-37-25
1.0,30.901890332337384,121.80937554773001,2019-07-18-23-37-25
1.0,30.901896707800553,121.81288424352157,2019-07-18-23-37-25
1.0,30.90189716756677,121.81313486991863,2019-07-18-23-37-25
1.0,30.901898088649567,121.81363612458745,2019-07-18-23-37-25
1.0,30.90190692460387,121.81839814831501,2019-07-18-23-37-25
1.0,30.901908330755756,121.81915006037309,2019-07-18-23-37-25
1.0,30.901910678831968,121.82040325282831,2019-07-18-23-37-25
1.0,30.901913031200216,121.8216564508613,2019-07-18-23-37-25
1.0,30.901919156464277,121.82491477906743,2019-07-18-23-37-25
1.0,30.9021278747695,121.80235866180436,2019-07-18-23-37-25
1.0,30.90214244828125,121.81062861587903,2019-07-18-23-37-25
1.0,30.90214335800723,121.81112985686407,2019-07-18-23-37-25
1.0,30.90214381379825,121.81138047847195,2019-07-18-23-37-25
1.0,30.90214610156539,121.81263359711936,2019-07-18-23-37-25
1.0,30.902147020565113,121.81313484927331,2019-07-18-23-37-25
1.0,30.90215818375232,121.81915003976569,2019-07-18-23-37-25
1.0,30.90216147234573,121.82090451087544,2019-07-18-23-37-25
1.0,30.9021642970414,121.82240835103181,2019-07-18-23-37-25
1.0,30.90216571055086,121.82316027277605,2019-07-18-23-37-25
1.0,30.902166653095758,121.823661554294,2019-07-18-23-37-25
1.0,30.90216712439291,121.8239121951166,2019-07-18-23-37-25
1.0,30.90216806697512,121.82441347681737,2019-07-18-23-37-25
1.0,30.902168538235554,121.82466411766691,2019-07-18-23-37-25
1.0,30.902355707282798,121.78832799335306,2019-07-18-23-37-25
1.0,30.902373927320014,121.80010340622627,2019-07-18-23-37-25
1.0,30.902390489566898,121.80962612254424,2019-07-18-23-37-25
1.0,30.90239458016434,121.81188170319697,2019-07-18-23-37-25
1.0,30.902407099049462,121.81864874412872,2019-07-18-23-37-25
1.0,30.902415092310875,121.82290961152566,2019-07-18-23-37-25
1.0,30.90245145853612,121.84270929416374,2019-07-18-23-37-25
1.0,30.859025421300995,121.87978355657542,2019-07-18-23-37-25
1.0,30.86002502746776,121.8800337854126,2019-07-18-23-37-25
1.0,30.860025734700834,121.88103499724663,2019-07-18-23-37-25
1.0,30.86027642029828,121.88228642914231,2019-07-18-23-37-25
1.0,30.8607764466999,121.88278694981908,2019-07-18-23-37-25
1.0,30.86123195284406,121.8464715729709,2019-07-18-23-37-25
1.0,30.86123321271639,121.8472233217697,2019-07-18-23-37-25
1.0,30.86248165219413,121.84672205514204,2019-07-18-23-37-25
1.0,30.862772206608554,121.91629641609431,2019-07-18-23-37-25
1.0,30.863237797700194,121.85073116025919,2019-07-18-23-37-25
1.0,30.863278977705,121.90329942482235,2019-07-18-23-37-25
2.0,30.863488053928563,121.8509817007747,2019-07-18-23-37-25
1.0,30.863489248169603,121.85173337447758,2019-07-18-23-37-25
1.0,30.863730929960646,121.84672195310692,2019-07-18-23-37-25
1.0,30.863731768764065,121.84722311773301,2019-07-18-23-37-25
1.0,30.863737508742968,121.85073111949006,2019-07-18-23-37-25
1.0,30.86373790943966,121.85098168039143,2019-07-18-23-37-25
1.0,30.863739103680484,121.85173335409846,2019-07-18-23-37-25
1.0,30.863989354597376,121.85198388858032,2019-07-18-23-37-25
1.0,30.863992084285194,121.85373772868101,2019-07-18-23-37-25
1.0,30.864229797696513,121.84622074260281,2019-07-18-23-37-25
1.0,30.864231479727312,121.84722307692344,2019-07-18-23-37-25
1.0,30.864239604148256,121.8522344215218,2019-07-18-23-37-25
1.0,30.864482169464072,121.8477242159881,2019-07-18-23-37-25
1.0,30.86449102224313,121.85323659873985,2019-07-18-23-37-25
1.0,30.86473035180659,121.84672187147551,2019-07-18-23-37-25
1.0,30.864730771766887,121.84697245443321,2019-07-18-23-37-25
1.0,30.86473612533439,121.85022991171584,2019-07-18-23-37-25
1.0,30.86473652859842,121.85048047556499,2019-07-18-23-37-25
1.0,30.864745797838985,121.85649353871814,2019-07-18-23-37-25
1.0,30.864979363990255,121.8462206813697,2019-07-18-23-37-25
1.0,30.86498020721749,121.84672185106719,2019-07-18-23-37-25
1.0,30.864980627177715,121.84697243402634,2019-07-18-23-37-25
1.0,30.864981046020183,121.84722301570771,2019-07-18-23-37-25
1.0,30.864987586085977,121.85123213788982,2019-07-18-23-37-25
1.0,30.86498877635622,121.85198380706676,2019-07-18-23-37-25
1.0,30.8649891704368,121.85223436039045,2019-07-18-23-37-25
1.0,30.86499341335048,121.8549903414252,2019-07-18-23-37-25
1.0,30.865229219381174,121.8462206609583,2019-07-18-23-37-25
1.0,30.865230062608266,121.84672183065868,2019-07-18-23-37-25
1.0,30.865230901410815,121.8472229953021,2019-07-18-23-37-25
1.0,30.86523863174548,121.85198378668791,2019-07-18-23-37-25
1.0,30.86548033793904,121.84697239321206,2019-07-18-23-37-25
1.0,30.865482420741447,121.8482252885859,2019-07-18-23-37-25
1.0,30.86574029918789,121.85323649687965,2019-07-18-23-37-25
1.0,30.865744849827394,121.85624293216146,2019-07-18-23-37-25
1.0,30.865771086212778,121.91554658897392,2019-07-18-23-37-25
1.0,30.865770884264577,121.9157964536698,2019-07-18-23-37-25
1.0,30.865990927476812,121.85373756572697,2019-07-18-23-37-25
1.0,30.865991311827898,121.85398810789357,2019-07-18-23-37-25
1.0,30.865994705155366,121.85624291180478,2019-07-18-23-37-25
1.0,30.865997617573953,121.85824706261003,2019-07-18-23-37-25
1.0,30.866021336991736,121.91504682958008,2019-07-18-23-37-25
1.0,30.866020941526372,121.91554656874098,2019-07-18-23-37-25
1.0,30.866229483971093,121.84672174902282,2019-07-18-23-37-25
1.0,30.866242311542383,121.85473970410204,2019-07-18-23-37-25
1.0,30.86624418940883,121.85599236454902,2019-07-18-23-37-25
1.0,30.86624456046341,121.85624289144792,2019-07-18-23-37-25
1.0,30.866270796820046,121.91554654850785,2019-07-18-23-37-25
1.0,30.86647933926199,121.84672172861339,2019-07-18-23-37-25
1.0,30.866492545380755,121.85499021924633,2019-07-18-23-37-25
1.0,30.866729614492783,121.84697229117307,2019-07-18-23-37-25
1.0,30.866730033334743,121.84722287286455,2019-07-18-23-37-25
1.0,30.866733342443855,121.84922747878055,2019-07-18-23-37-25
1.0,30.86673933179704,121.85298586835637,2019-07-18-23-37-25
1.0,30.86676265987555,121.92354057281783,2019-07-18-23-37-25
1.0,30.866979049784376,121.84672168779399,2019-07-18-23-37-25
1.0,30.86698030629844,121.84747343285929,2019-07-18-23-37-25
1.0,30.866981552544253,121.84822516618169,2019-07-18-23-37-25
1.0,30.86698360595714,121.84947802797309,2019-07-18-23-37-25
1.0,30.866984012987064,121.84972859614939,2019-07-18-23-37-25
1.0,30.86701251510826,121.92354055256666,2019-07-18-23-37-25
1.0,30.867240203822377,121.85373746387471,2019-07-18-23-37-25
1.0,30.867240588173107,121.85398800604801,2019-07-18-23-37-25
1.0,30.867477493759118,121.8459698905215,2019-07-18-23-37-25
1.0,30.86748001674152,121.8474733920478,2019-07-18-23-37-25
1.0,30.86748167606631,121.84847570048353,2019-07-18-23-37-25
1.0,30.86749120777156,121.85448906507696,2019-07-18-23-37-25
1.0,30.867492718992917,121.85549120371644,2019-07-18-23-37-25
1.0,30.867730288505,121.84772395074293,2019-07-18-23-37-25
1.0,30.867731118178774,121.84822510497709,2019-07-18-23-37-25
1.0,30.86773398440583,121.84997910172586,2019-07-18-23-37-25
1.0,30.867776173302126,121.90404912423489,2019-07-18-23-37-25
1.0,30.86797847059295,121.84672160615294,2019-07-18-23-37-25
1.0,30.867980143677457,121.84772393033816,2019-07-18-23-37-25
1.0,30.86798821787153,121.85273521784777,2019-07-18-23-37-25
1.0,30.868227904680765,121.84647100149996,2019-07-18-23-37-25
1.0,30.868229582259165,121.84747333082917,2019-07-18-23-37-25
1.0,30.868480269382577,121.8479744673153,2019-07-18-23-37-25
1.0,30.8687381732439,121.8529857053537,2019-07-18-23-37-25
1.0,30.86874010205534,121.85423842436259,2019-07-18-23-37-25
1.0,30.86874236883109,121.85574163229836,2019-07-18-23-37-25
1.0,30.868978729889726,121.84722268919573,2019-07-18-23-37-25
1.0,30.868991849839304,121.85549108154231,2019-07-18-23-37-25
1.0,30.86922774616507,121.84672150409747,2019-07-18-23-37-25
1.0,30.869228584965295,121.84722266878717,2019-07-18-23-37-25
1.0,30.869237493435,121.85273511596107,2019-07-18-23-37-25
1.0,30.869240573708762,121.85473945971071,2019-07-18-23-37-25
1.0,30.869241329329277,121.85524052906158,2019-07-18-23-37-25
1.0,30.869479274304293,121.84772380790567,2019-07-18-23-37-25
1.0,30.869491934050526,121.8557415712133,2019-07-18-23-37-25
1.0,30.86949230662476,121.85599209987606,2019-07-18-23-37-25
1.0,30.869492677678423,121.85624262679188,2019-07-18-23-37-25
1.0,30.869731194677605,121.84897666302057,2019-07-18-23-37-25
1.0,30.8697368121705,121.8524845249804,2019-07-18-23-37-25
1.0,30.869737593501146,121.85298562384793,2019-07-18-23-37-25
1.0,30.86973952231116,121.85423834288375,2019-07-18-23-37-25
1.0,30.869741789085204,121.85574155085125,2019-07-18-23-37-25
1.0,30.869742161659367,121.8559920795153,2019-07-18-23-37-25
1.0,30.86974253271296,121.85624260643243,2019-07-18-23-37-25
1.0,30.86997981403156,121.84822492135329,2019-07-18-23-37-25
1.0,30.86998627446448,121.85223395280572,2019-07-18-23-37-25
1.0,30.869987058541643,121.85273505482684,2019-07-18-23-37-25
1.0,30.8699912700168,121.85549100008922,2019-07-18-23-37-25
1.0,30.870238079285304,121.8534866755878,2019-07-18-23-37-25
1.0,30.870241499097162,121.85574151012658,2019-07-18-23-37-25
1.0,30.87048754707857,121.85323610976876,2019-07-18-23-37-25
1.0,30.87048984878808,121.85473935787316,2019-07-18-23-37-25
1.0,30.87072729617542,121.84697196461727,2019-07-18-23-37-25
1.0,30.870728132727667,121.8474731267551,2019-07-18-23-37-25
1.0,30.870978404239924,121.84772368546652,2019-07-18-23-37-25
1.0,30.871226165017497,121.84647075653945,2019-07-18-23-37-25
1.0,30.87122700604046,121.84697192379446,2019-07-18-23-37-25
1.0,30.871227424881113,121.84722250551194,2019-07-18-23-37-25
1.0,30.871228259162784,121.84772366505935,2019-07-18-23-37-25
1.0,30.871228674580667,121.84797424286235,2019-07-18-23-37-25
1.0,30.871273808304238,121.8900429342373,2019-07-18-23-37-25
1.0,30.871734469545533,121.85173270186912,2019-07-18-23-37-25
1.0,30.87201912907046,121.88153461431641,2019-07-18-23-37-25
1.0,30.87248830791536,121.85448865769831,2019-07-18-23-37-25
1.0,30.872742623730243,121.8574949701286,2019-07-18-23-37-25
1.0,30.872774100765824,121.89954790398075,2019-07-18-23-37-25
1.0,30.873023955544436,121.89954788375175,2019-07-18-23-37-25
1.0,30.873023907954813,121.90004802579116,2019-07-18-23-37-25
1.0,30.873023880014607,121.90029809201275,2019-07-18-23-37-25
1.0,30.873273787890643,121.89979793614076,2019-07-18-23-37-25
1.0,30.87327376271484,121.90004800556223,2019-07-18-23-37-25
1.0,30.87327370406733,121.90054813480283,2019-07-18-23-37-25
1.0,30.873273670590606,121.90079819461602,2019-07-18-23-37-25
1.0,30.873478195375185,121.84847521082548,2019-07-18-23-37-25
1.0,30.8735236650463,121.8995478432932,2019-07-18-23-37-25
1.0,30.873523642632307,121.89979791591152,2019-07-18-23-37-25
2.0,30.873523617456453,121.9000479853331,2019-07-18-23-37-25
1.0,30.87352358951614,121.9002980515549,2019-07-18-23-37-25
1.0,30.87352355880883,121.90054811457391,2019-07-18-23-37-25
2.0,30.87352352533205,121.90079817438719,2019-07-18-23-37-25
1.0,30.873523489083386,121.90104823099189,2019-07-18-23-37-25
1.0,30.87352345006047,121.90129828438519,2019-07-18-23-37-25
1.0,30.873725973083666,121.84722230140125,2019-07-18-23-37-25
1.0,30.873773519769646,121.89954782306367,2019-07-18-23-37-25
2.0,30.8737734973556,121.89979789568211,2019-07-18-23-37-25
1.0,30.87377347217969,121.9000479651038,2019-07-18-23-37-25
1.0,30.87377344423932,121.9002980313257,2019-07-18-23-37-25
1.0,30.873773413531957,121.90054809434481,2019-07-18-23-37-25
1.0,30.873773380055123,121.90079815415818,2019-07-18-23-37-25
1.0,30.873773343806402,121.90104821076297,2019-07-18-23-37-25
1.0,30.873773304783434,121.90129826415634,2019-07-18-23-37-25
1.0,30.873772828375127,121.90354859975574,2019-07-18-23-37-25
1.0,30.87377070888873,121.90904831438286,2019-07-18-23-37-25
1.0,30.873973722541752,121.84596935967876,2019-07-18-23-37-25
1.0,30.87397414578285,121.84621994644246,2019-07-18-23-37-25
1.0,30.8739745679411,121.84647053196889,2019-07-18-23-37-25
1.0,30.87397995218323,121.84972802508,2019-07-18-23-37-25
1.0,30.874023308950473,121.89504595295611,2019-07-18-23-37-25
1.0,30.87402341102794,121.89904764801923,2019-07-18-23-37-25
1.0,30.874023374474678,121.89954780283395,2019-07-18-23-37-25
1.0,30.87402335206058,121.8997978754525,2019-07-18-23-37-25
2.0,30.874023326884615,121.90004794487432,2019-07-18-23-37-25
1.0,30.874023298944188,121.90029801109633,2019-07-18-23-37-25
1.0,30.87402311768851,121.90154829410663,2019-07-18-23-37-25
1.0,30.874020303385464,121.9095481900029,2019-07-18-23-37-25
1.0,30.87423380686599,121.85223360630063,2019-07-18-23-37-25
1.0,30.874237671203087,121.8547390523328,2019-07-18-23-37-25
1.0,30.87427322916145,121.89954778260403,2019-07-18-23-37-25
1.0,30.874273206747294,121.89979785522273,2019-07-18-23-37-25
1.0,30.874273153630792,121.90029799086676,2019-07-18-23-37-25
1.0,30.87447343192504,121.84596931883952,2019-07-18-23-37-25
1.0,30.874475537184882,121.84722224016443,2019-07-18-23-37-25
1.0,30.874477201134532,121.84822455406078,2019-07-18-23-37-25
1.0,30.874478846276048,121.84922684643479,2019-07-18-23-37-25
1.0,30.874481277120307,121.85073024277509,2019-07-18-23-37-25
1.0,30.874487525883104,121.85473903196198,2019-07-18-23-37-25
1.0,30.87448828150064,121.85524010136838,2019-07-18-23-37-25
1.0,30.874523008299178,121.90029797063701,2019-07-18-23-37-25
1.0,30.87452297759165,121.90054803365642,2019-07-18-23-37-25
1.0,30.874726641545408,121.84797395716258,2019-07-18-23-37-25
1.0,30.87472910919995,121.8494773956654,2019-07-18-23-37-25
1.0,30.874733908930413,121.85248411735283,2019-07-18-23-37-25
1.0,30.874739629451536,121.85624219920476,2019-07-18-23-37-25
1.0,30.874743959607603,121.8592483817524,2019-07-18-23-37-25
1.0,30.874744309929458,121.85949888486262,2019-07-18-23-37-25
1.0,30.87477289089,121.90004788418476,2019-07-18-23-37-25
1.0,30.874975246494806,121.84722219933896,2019-07-18-23-37-25
1.0,30.874975664205017,121.8474727797867,2019-07-18-23-37-25
1.0,30.874976080774303,121.84772335892956,2019-07-18-23-37-25
1.0,30.87497773541133,121.84872566218333,2019-07-18-23-37-25
1.0,30.874982184595194,121.85148188039513,2019-07-18-23-37-25
1.0,30.8749849334869,121.85323574297067,2019-07-18-23-37-25
1.0,30.874987613736078,121.854989526774,2019-07-18-23-37-25
1.0,30.87522468228316,121.84697159718536,2019-07-18-23-37-25
1.0,30.875225935402003,121.84772333851942,2019-07-18-23-37-25
1.0,30.875227590038744,121.84872564177891,2019-07-18-23-37-25
1.0,30.875229225499947,121.84972792308807,2019-07-18-23-37-25
1.0,30.87523517529642,121.85348626806137,2019-07-18-23-37-25
1.0,30.87523594541629,121.85398735412717,2019-07-18-23-37-25
2.0,30.875269727353885,121.88578890247156,2019-07-18-23-37-25
1.0,30.8754749557325,121.84722215851275,2019-07-18-23-37-25
1.0,30.87547620542836,121.84797389593649,2019-07-18-23-37-25
1.0,30.8754822905879,121.85173239607153,2019-07-18-23-37-25
1.0,30.875485415675815,121.85373679153402,2019-07-18-23-37-25
1.0,30.875488822275436,121.85599161116717,2019-07-18-23-37-25
1.0,30.87572522803439,121.84747271855144,2019-07-18-23-37-25
1.0,30.8757297450112,121.85022901445271,2019-07-18-23-37-25
1.0,30.875730148272066,121.85047957836338,2019-07-18-23-37-25
1.0,30.87573293467903,121.85223348399197,2019-07-18-23-37-25
1.0,30.875735654614147,121.85398731337585,2019-07-18-23-37-25
1.0,30.875737554628667,121.85523999952467,2019-07-18-23-37-25
1.0,30.875747799262538,121.86250468783096,2019-07-18-23-37-25
1.0,30.875972982881237,121.8462197830927,2019-07-18-23-37-25
1.0,30.875974664898386,121.8472221176858,2019-07-18-23-37-25
1.0,30.875983573325307,121.85273456569317,2019-07-18-23-37-25
1.0,30.875983963299408,121.85298511436997,2019-07-18-23-37-25
1.0,30.87598473906676,121.85348620692604,2019-07-18-23-37-25
1.0,30.87598627356997,121.85448837248934,2019-07-18-23-37-25
1.0,30.87600207654815,121.866011156508,2019-07-18-23-37-25
1.0,30.87602226216102,121.89879740398183,2019-07-18-23-37-25
1.0,30.876227008368886,121.8487255601594,2019-07-18-23-37-25
1.0,30.87622741906024,121.84897613258354,2019-07-18-23-37-25
1.0,30.87623420643799,121.8532356410717,2019-07-18-23-37-25
1.0,30.876237263754213,121.8552399587859,2019-07-18-23-37-25
1.0,30.87627158463403,121.89254430405957,2019-07-18-23-37-25
1.0,30.87627212057663,121.89654650117922,2019-07-18-23-37-25
1.0,30.87627213108116,121.89679661189693,2019-07-18-23-37-25
1.0,30.876272138859438,121.89704671945987,2019-07-18-23-37-25
1.0,30.876272143908178,121.89729682386414,2019-07-18-23-37-25
1.0,30.876272142645213,121.89804711808746,2019-07-18-23-37-25
1.0,30.87648328241664,121.85273452492723,2019-07-18-23-37-25
1.0,30.876484060974615,121.85323562069135,2019-07-18-23-37-25
1.0,30.876484448157658,121.85348616616822,2019-07-18-23-37-25
1.0,30.87648898109787,121.85649258185043,2019-07-18-23-37-25
1.0,30.876521927264807,121.89579612990275,2019-07-18-23-37-25
1.0,30.876521961874655,121.89629636707677,2019-07-18-23-37-25
1.0,30.87652198560651,121.89679659166349,2019-07-18-23-37-25
1.0,30.87652199338473,121.89704669922662,2019-07-18-23-37-25
1.0,30.876521998433414,121.89729680363111,2019-07-18-23-37-25
1.0,30.87652198262289,121.89854727814303,2019-07-18-23-37-25
1.0,30.876723809674434,121.84697147469473,2019-07-18-23-37-25
1.0,30.876730369132773,121.85098062020704,2019-07-18-23-37-25
1.0,30.87673734838968,121.8554904502036,2019-07-18-23-37-25
1.0,30.8767377224717,121.8557409806388,2019-07-18-23-37-25
1.0,30.87673809504388,121.85599150933945,2019-07-18-23-37-25
1.0,30.876751640147393,121.86601109555549,2019-07-18-23-37-25
1.0,30.876771492182165,121.89354488751877,2019-07-18-23-37-25
1.0,30.876771760397197,121.89554598637089,2019-07-18-23-37-25
1.0,30.87677178177264,121.89579610966818,2019-07-18-23-37-25
1.0,30.876771800435534,121.89604622982682,2019-07-18-23-37-25
1.0,30.876771816382373,121.89629634684269,2019-07-18-23-37-25
1.0,30.876771847892275,121.8970466789932,2019-07-18-23-37-25
1.0,30.876771852940905,121.8972967833979,2019-07-18-23-37-25
1.0,30.876972401000423,121.84621970141339,2019-07-18-23-37-25
1.0,30.876975332710963,121.8479737734793,2019-07-18-23-37-25
1.0,30.876979017698876,121.85022891246835,2019-07-18-23-37-25
1.0,30.876979822941724,121.85073003883892,2019-07-18-23-37-25
1.0,30.876980223634607,121.85098059981398,2019-07-18-23-37-25
1.0,30.87698794954429,121.85599148897336,2019-07-18-23-37-25
1.0,30.87702159080304,121.89529583970386,2019-07-18-23-37-25
1.0,30.8770216148874,121.89554596613588,2019-07-18-23-37-25
1.0,30.877021636262782,121.89579608943343,2019-07-18-23-37-25
1.0,30.87702165492562,121.89604620959231,2019-07-18-23-37-25
1.0,30.877021707430707,121.8972967631645,2019-07-18-23-37-25
1.0,30.877021700265974,121.89829714912239,2019-07-18-23-37-25
1.0,30.877020494843606,121.90504841500358,2019-07-18-23-37-25
1.0,30.877224355211247,121.8474725960759,2019-07-18-23-37-25
1.0,30.87723323589443,121.85298501246052,2019-07-18-23-37-25
1.0,30.877234397431913,121.85373664889046,2019-07-18-23-37-25
1.0,30.877234781779794,121.85398719111744,2019-07-18-23-37-25
1.0,30.87723516469375,121.85423773169826,2019-07-18-23-37-25
1.0,30.87724559722381,121.86150263630525,2019-07-18-23-37-25
1.0,30.877269377084,121.88754037130228,2019-07-18-23-37-25
1.0,30.87727146935996,121.8955459459007,2019-07-18-23-37-25
1.0,30.87727149073529,121.8957960691985,2019-07-18-23-37-25
1.0,30.877271509398067,121.89604618935762,2019-07-18-23-37-25
1.0,30.877271556854357,121.89704663852582,2019-07-18-23-37-25
2.0,30.877271560639233,121.8980470371565,2019-07-18-23-37-25
1.0,30.877271554737916,121.89829712888954,2019-07-18-23-37-25
1.0,30.877472953173942,121.84672083041536,2019-07-18-23-37-25
1.0,30.877479932585413,121.8509805590273,2019-07-18-23-37-25
1.0,30.8774834789442,121.85323553916811,2019-07-18-23-37-25
1.0,30.877484251897734,121.85373662851207,2019-07-18-23-37-25
1.0,30.87748728592027,121.85574091953603,2019-07-18-23-37-25
1.0,30.877519440944123,121.88804079041074,2019-07-18-23-37-25
1.0,30.877521299730688,121.89529579923277,2019-07-18-23-37-25
1.0,30.877521323814936,121.89554592566532,2019-07-18-23-37-25
1.0,30.877521345190203,121.89579604896338,2019-07-18-23-37-25
2.0,30.877521363852928,121.89604616912276,2019-07-18-23-37-25
1.0,30.877521379799592,121.89629628613933,2019-07-18-23-37-25
1.0,30.87752139302675,121.89654640000903,2019-07-18-23-37-25
2.0,30.877521403530995,121.89679651072785,2019-07-18-23-37-25
1.0,30.87752141825291,121.8977969220166,2019-07-18-23-37-25
1.0,30.877521409192266,121.89829710865652,2019-07-18-23-37-25
1.0,30.877724896113442,121.8479737122482,2019-07-18-23-37-25
1.0,30.877726955503178,121.84922658120465,2019-07-18-23-37-25
1.0,30.87773018642644,121.85123109812191,2019-07-18-23-37-25
1.0,30.87773294480897,121.85298497169546,2019-07-18-23-37-25
1.0,30.87773487360758,121.85423769094666,2019-07-18-23-37-25
1.0,30.87773639070544,121.85523983656515,2019-07-18-23-37-25
1.0,30.877736766286258,121.85549036872763,2019-07-18-23-37-25
1.0,30.877770864418448,121.8932946552187,2019-07-18-23-37-25
1.0,30.87777112737865,121.89504564943394,2019-07-18-23-37-25
1.0,30.87777115416819,121.89529577899695,2019-07-18-23-37-25
1.0,30.877771178252377,121.89554590542976,2019-07-18-23-37-25
1.0,30.877771218290256,121.89604614888769,2019-07-18-23-37-25
2.0,30.877771234236864,121.89629626590452,2019-07-18-23-37-25
1.0,30.877771247463965,121.89654637977443,2019-07-18-23-37-25
1.0,30.877771263629082,121.89829708842332,2019-07-18-23-37-25
1.0,30.877974335129974,121.84772311399574,2019-07-18-23-37-25
1.0,30.87797843553122,121.85022883087754,2019-07-18-23-37-25
1.0,30.87798043893789,121.851481635715,2019-07-18-23-37-25
1.0,30.877984728038243,121.85423767057058,2019-07-18-23-37-25
1.0,30.877986620716566,121.85549034835817,2019-07-18-23-37-25
1.0,30.878020981798727,121.89504562919767,2019-07-18-23-37-25
3.0,30.878021008588206,121.89529575876095,2019-07-18-23-37-25
1.0,30.87802103267234,121.89554588519403,2019-07-18-23-37-25
1.0,30.8780210727101,121.89604612865246,2019-07-18-23-37-25
2.0,30.878021088656656,121.89629624566952,2019-07-18-23-37-25
1.0,30.87822125001307,121.8459690125216,2019-07-18-23-37-25
1.0,30.878233042237103,121.85323547802373,2019-07-18-23-37-25
1.0,30.87823381519021,121.85373656737579,2019-07-18-23-37-25
1.0,30.8782349639203,121.85448818912161,2019-07-18-23-37-25
1.0,30.878235343933365,121.85473872637735,2019-07-18-23-37-25
1.0,30.878267460848438,121.88478766314715,2019-07-18-23-37-25
1.0,30.878270739638094,121.89429520153276,2019-07-18-23-37-25
1.0,30.878270862990792,121.89529573852477,2019-07-18-23-37-25
1.0,30.878270887074866,121.8955458649581,2019-07-18-23-37-25
1.0,30.878270908449963,121.89579598825692,2019-07-18-23-37-25
1.0,30.878270943059015,121.89629622543434,2019-07-18-23-37-25
1.0,30.878270966790073,121.89679645002421,2019-07-18-23-37-25
1.0,30.878270981931713,121.89754676323821,2019-07-18-23-37-25
1.0,30.878270981511314,121.89779686131537,2019-07-18-23-37-25
1.0,30.878270978351868,121.89804695622263,2019-07-18-23-37-25
1.0,30.878476927006623,121.84947708964629,2019-07-18-23-37-25
1.0,30.878483669586213,121.85373654699666,2019-07-18-23-37-25
1.0,30.878484053933736,121.85398708923036,2019-07-18-23-37-25
1.0,30.878484436847337,121.85423762981787,2019-07-18-23-37-25
1.0,30.878485198329084,121.85473870600356,2019-07-18-23-37-25
1.0,30.87852062890664,121.89454532022356,2019-07-18-23-37-25
2.0,30.878520797443997,121.89629620519896,2019-07-18-23-37-25
1.0,30.878520810670924,121.89654631906959,2019-07-18-23-37-25
1.0,30.87852082117494,121.89679642978929,2019-07-18-23-37-25
1.0,30.878520834000945,121.89729664176028,2019-07-18-23-37-25
1.0,30.878520836316415,121.89754674300391,2019-07-18-23-37-25
1.0,30.878729604048168,121.85123101655117,2019-07-18-23-37-25
1.0,30.878733138194473,121.85348598274894,2019-07-18-23-37-25
1.0,30.878733523964893,121.85373652661735,2019-07-18-23-37-25
1.0,30.878733908312345,121.85398706885238,2019-07-18-23-37-25
1.0,30.8787673035073,121.88503787607401,2019-07-18-23-37-25
1.0,30.878770617202836,121.89579594778503,2019-07-18-23-37-25
1.0,30.878770635865276,121.89604606794565,2019-07-18-23-37-25
1.0,30.878770651811656,121.89629618496342,2019-07-18-23-37-25
1.0,30.878770665038527,121.89654629883427,2019-07-18-23-37-25
1.0,30.87877067554249,121.8967964095542,2019-07-18-23-37-25
1.0,30.878770688368377,121.89729662152561,2019-07-18-23-37-25
1.0,30.87877069068379,121.89754672276943,2019-07-18-23-37-25
1.0,30.878770690263277,121.89779682084698,2019-07-18-23-37-25
1.0,30.87877067255532,121.89854709604568,2019-07-18-23-37-25
1.0,30.878975407318734,121.84872533569047,2019-07-18-23-37-25
1.0,30.878980253246386,121.85173211062293,2019-07-18-23-37-25
1.0,30.878980648668485,121.8519826655666,2019-07-18-23-37-25
1.0,30.879016463384612,121.88378655977259,2019-07-18-23-37-25
1.0,30.879020136347076,121.89329455402489,2019-07-18-23-37-25
1.0,30.879020399305258,121.89504554825075,2019-07-18-23-37-25
1.0,30.879020490215716,121.89604604770967,2019-07-18-23-37-25
1.0,30.87902052989276,121.89679638931892,2019-07-18-23-37-25
1.0,30.879020537670414,121.8970464968842,2019-07-18-23-37-25
2.0,30.879020542718536,121.89729660129075,2019-07-18-23-37-25
1.0,30.87902054145371,121.89804689552031,2019-07-18-23-37-25
1.0,30.879020535551998,121.89829698725455,2019-07-18-23-37-25
1.0,30.879228512671432,121.85072985528056,2019-07-18-23-37-25
1.0,30.87923089708967,121.85223319857923,2019-07-18-23-37-25
1.0,30.87927003630133,121.89354468513716,2019-07-18-23-37-25
1.0,30.879270191959055,121.89454525951085,2019-07-18-23-37-25
1.0,30.87927022414785,121.89479539532296,2019-07-18-23-37-25
1.0,30.879270253638712,121.89504552801355,2019-07-18-23-37-25
1.0,30.879270344548942,121.89604602747353,2019-07-18-23-37-25
1.0,30.879270360495212,121.89629614449179,2019-07-18-23-37-25
1.0,30.87927037372197,121.89654625836309,2019-07-18-23-37-25
1.0,30.879270384225816,121.89679636908346,2019-07-18-23-37-25
1.0,30.879270392003413,121.89704647664895,2019-07-18-23-37-25
1.0,30.879270397051478,121.89729658105571,2019-07-18-23-37-25
1.0,30.879270389884717,121.89829696702024,2019-07-18-23-37-25
1.0,30.879478767691477,121.85098039587324,2019-07-18-23-37-25
1.0,30.879479167082927,121.85123095537116,2019-07-18-23-37-25
1.0,30.87952001139259,121.89429510034341,2019-07-18-23-37-25
1.0,30.87952004627546,121.89454523927292,2019-07-18-23-37-25
2.0,30.879520078464196,121.89479537508532,2019-07-18-23-37-25
1.0,30.879520158827923,121.89554576377574,2019-07-18-23-37-25
1.0,30.879520180202736,121.89579588707583,2019-07-18-23-37-25
1.0,30.879520198865002,121.89604600723719,2019-07-18-23-37-25
1.0,30.879520238541705,121.89679634884781,2019-07-18-23-37-25
1.0,30.87952025136725,121.89729656082048,2019-07-18-23-37-25
1.0,30.879520253682497,121.8975466620649,2019-07-18-23-37-25
1.0,30.879520253261813,121.89779676014301,2019-07-18-23-37-25
1.0,30.87952025010209,121.89804685505118,2019-07-18-23-37-25
1.0,30.87952023555335,121.89854703534327,2019-07-18-23-37-25
1.0,30.879519546131164,121.90329811007216,2019-07-18-23-37-25
1.0,30.879519197723116,121.90454819957367,2019-07-18-23-37-25
1.0,30.87951807552327,121.9075480831576,2019-07-18-23-37-25
1.0,30.87972862200217,121.85098037547814,2019-07-18-23-37-25
1.0,30.879747727104974,121.86425765950491,2019-07-18-23-37-25
1.0,30.879769238413655,121.8912931715271,2019-07-18-23-37-25
1.0,30.879769369561448,121.89179352039505,2019-07-18-23-37-25
1.0,30.879769865691934,121.89429508010501,2019-07-18-23-37-25
1.0,30.879769900574743,121.8945452190348,2019-07-18-23-37-25
1.0,30.87977001312698,121.89554574353873,2019-07-18-23-37-25
1.0,30.879770034501732,121.89579586683908,2019-07-18-23-37-25
1.0,30.879770053163945,121.89604598700068,2019-07-18-23-37-25
2.0,30.879770069110098,121.8962961040194,2019-07-18-23-37-25
1.0,30.87977008233674,121.89654621789117,2019-07-18-23-37-25
1.0,30.879770092840474,121.896796328612,2019-07-18-23-37-25
1.0,30.879770100617957,121.89704643617792,2019-07-18-23-37-25
1.0,30.87977010566591,121.89729654058507,2019-07-18-23-37-25
1.0,30.879770107560358,121.89779673990799,2019-07-18-23-37-25
1.0,30.879770104400578,121.89804683481634,2019-07-18-23-37-25
1.0,30.8797700984987,121.8982969265511,2019-07-18-23-37-25
1.0,30.879770089851725,121.89854701510876,2019-07-18-23-37-25
1.0,30.87976992151198,121.90054760879164,2019-07-18-23-37-25
1.0,30.87997482459843,121.84872525405986,2019-07-18-23-37-25
1.0,30.879976053027974,121.84947696722699,2019-07-18-23-37-25
1.0,30.88001902316098,121.8910429722675,2019-07-18-23-37-25
1.0,30.88001909269664,121.89129315128433,2019-07-18-23-37-25
1.0,30.880019719974218,121.89429505986641,2019-07-18-23-37-25
1.0,30.88001988878367,121.89579584660213,2019-07-18-23-37-25
1.0,30.880019907445824,121.89604596676398,2019-07-18-23-37-25
1.0,30.880019947122186,121.89679630837598,2019-07-18-23-37-25
1.0,30.880019959947507,121.89729652034949,2019-07-18-23-37-25
1.0,30.88001996226264,121.8975466215943,2019-07-18-23-37-25
1.0,30.880019961841846,121.8977967196728,2019-07-18-23-37-25
1.0,30.880019958682006,121.89804681458132,2019-07-18-23-37-25
8.0,30.88001755770158,121.90804797769556,2019-07-18-23-37-25
1.0,30.880229920220774,121.85198256361876,2019-07-18-23-37-25
1.0,30.880264819788387,121.8822848087444,2019-07-18-23-37-25
1.0,30.880268877427014,121.89104295202415,2019-07-18-23-37-25
1.0,30.880268946962616,121.89129313104138,2019-07-18-23-37-25
1.0,30.88026901385851,121.89154330700538,2019-07-18-23-37-25
1.0,30.88026957423949,121.89429503962764,2019-07-18-23-37-25
1.0,30.880269801386888,121.8967962881398,2019-07-18-23-37-25
1.0,30.88026980916426,121.89704639570614,2019-07-18-23-37-25
1.0,30.880269814212095,121.89729650011371,2019-07-18-23-37-25
1.0,30.880269816527175,121.89754660135873,2019-07-18-23-37-25
1.0,30.880269812946427,121.89804679434612,2019-07-18-23-37-25
1.0,30.880269807044435,121.89829688608121,2019-07-18-23-37-25
8.0,30.880268057383887,121.90654811332533,2019-07-18-23-37-25
1.0,30.880475353306316,121.84922635675474,2019-07-18-23-37-25
1.0,30.880518659505412,121.89079274971516,2019-07-18-23-37-25
1.0,30.880518731676087,121.89104293178062,2019-07-18-23-37-25
2.0,30.88051880121163,121.89129311079824,2019-07-18-23-37-25
1.0,30.880518868107465,121.89154328676264,2019-07-18-23-37-25
1.0,30.880519350655586,121.89379473219412,2019-07-18-23-37-25
1.0,30.88051949555895,121.89479529413289,2019-07-18-23-37-25
1.0,30.880515208877977,121.91179703349891,2019-07-18-23-37-25
1.0,30.880515049163336,121.91204694711472,2019-07-18-23-37-25
1.0,30.880724798069473,121.84897576528469,2019-07-18-23-37-25
1.0,30.880764843141897,121.88278532949795,2019-07-18-23-37-25
1.0,30.880767118240424,121.88703963658341,2019-07-18-23-37-25
2.0,30.880768513737646,121.89079272947104,2019-07-18-23-37-25
1.0,30.880768655443745,121.89129309055492,2019-07-18-23-37-25
1.0,30.880768907143676,121.8922937760421,2019-07-18-23-37-25
1.0,30.880769161945466,121.89354456369942,2019-07-18-23-37-25
1.0,30.88076934979025,121.89479527389433,2019-07-18-23-37-25
1.0,30.880769406069618,121.89529553615286,2019-07-18-23-37-25
1.0,30.88076423633849,121.91304654867024,2019-07-18-23-37-25
1.0,30.880969647449483,121.84596878786199,2019-07-18-23-37-25
1.0,30.880985246616635,121.85574063436782,2019-07-18-23-37-25
1.0,30.881018440123583,121.891042891293,2019-07-18-23-37-25
1.0,30.881018509659008,121.89129307031142,2019-07-18-23-37-25
1.0,30.8810190161602,121.89354454345916,2019-07-18-23-37-25
2.0,30.881019059101792,121.89379469171442,2019-07-18-23-37-25
1.0,30.881019171816305,121.89454511784146,2019-07-18-23-37-25
1.0,30.881019204004694,121.89479525365559,2019-07-18-23-37-25
1.0,30.881014261540496,121.91279662788122,2019-07-18-23-37-25
1.0,30.881013005440586,121.91454586316888,2019-07-18-23-37-25
1.0,30.881267989875884,121.8900421245496,2019-07-18-23-37-25
1.0,30.88126806992378,121.89029231572705,2019-07-18-23-37-25
1.0,30.881268363857465,121.89129305006774,2019-07-18-23-37-25
1.0,30.881268495004555,121.89179339894035,2019-07-18-23-37-25
1.0,30.881268615556927,121.89229373555794,2019-07-18-23-37-25
1.0,30.88126877644396,121.89304421741643,2019-07-18-23-37-25
1.0,30.881268824738203,121.89329437186451,2019-07-18-23-37-25
1.0,30.88126887035813,121.89354452321872,2019-07-18-23-37-25
1.0,30.88126905820234,121.89479523341666,2019-07-18-23-37-25
1.0,30.88126538216852,121.91079728564863,2019-07-18-23-37-25
1.0,30.88126411573427,121.91279660764116,2019-07-18-23-37-25
1.0,30.881514859623838,121.88353608934925,2019-07-18-23-37-25
1.0,30.88151776139377,121.8897919101,2019-07-18-23-37-25
1.0,30.881517844057896,121.89004210430366,2019-07-18-23-37-25
1.0,30.881517924105736,121.89029229548154,2019-07-18-23-37-25
1.0,30.88151807633344,121.89079266873757,2019-07-18-23-37-25
1.0,30.881518218039183,121.89129302982387,2019-07-18-23-37-25
1.0,30.881518349186152,121.89179337869726,2019-07-18-23-37-25
2.0,30.881518410788832,121.89204354854093,2019-07-18-23-37-25
2.0,30.88151846973841,121.8922937153156,2019-07-18-23-37-25
1.0,30.881518678919452,121.89329435162355,2019-07-18-23-37-25
1.0,30.881518724539323,121.89354450297809,2019-07-18-23-37-25
1.0,30.881518807739866,121.8940447963865,2019-07-18-23-37-25
1.0,30.881519048727508,121.89629596236034,2019-07-18-23-37-25
1.0,30.881519087596526,121.89754650017811,2019-07-18-23-37-25
1.0,30.88151362511002,121.91329638523167,2019-07-18-23-37-25
1.0,30.8815129017017,121.91429594171896,2019-07-18-23-37-25
1.0,30.881768323903195,121.89229369507308,2019-07-18-23-37-25
1.0,30.881768433825567,121.89279401939592,2019-07-18-23-37-25
1.0,30.881768484789877,121.89304417693367,2019-07-18-23-37-25
1.0,30.881768533084006,121.89329433138242,2019-07-18-23-37-25
1.0,30.88176869947688,121.89429491819111,2019-07-18-23-37-25
1.0,30.881768734359227,121.89454505712327,2019-07-18-23-37-25
2.0,30.881768766547445,121.89479519293825,2019-07-18-23-37-25
1.0,30.88176886828392,121.89579570493838,2019-07-18-23-37-25
1.0,30.88176892662084,121.8967961667188,2019-07-18-23-37-25
1.0,30.88176893944537,121.89729637869524,2019-07-18-23-37-25
1.0,30.881768941760107,121.89754647994144,2019-07-18-23-37-25
1.0,30.881768941338915,121.89779657802126,2019-07-18-23-37-25
1.0,30.88176294093797,121.91404603725006,2019-07-18-23-37-25
1.0,30.881762567970696,121.91454580244081,2019-07-18-23-37-25
1.0,30.882017469707883,121.8897918696067,2019-07-18-23-37-25
1.0,30.882018057499316,121.89179333821053,2019-07-18-23-37-25
1.0,30.882018553624555,121.89429489795106,2019-07-18-23-37-25
2.0,30.882018588506845,121.8945450368835,2019-07-18-23-37-25
3.0,30.882018620695007,121.89479517269878,2019-07-18-23-37-25
2.0,30.882018650185238,121.89504530539243,2019-07-18-23-37-25
1.0,30.88201874109295,121.89604580486379,2019-07-18-23-37-25
1.0,30.88201878854492,121.89704625404917,2019-07-18-23-37-25
1.0,30.88201879548579,121.89779655778459,2019-07-18-23-37-25
1.0,30.88201494465079,121.91079722493419,2019-07-18-23-37-25
1.0,30.882013507223657,121.91304644746738,2019-07-18-23-37-25
1.0,30.882258469002057,121.87552599073088,2019-07-18-23-37-25
1.0,30.882268370183127,121.8940447356654,2019-07-18-23-37-25
1.0,30.882268407755646,121.8942948777108,2019-07-18-23-37-25
2.0,30.88226844263788,121.89454501664355,2019-07-18-23-37-25
1.0,30.88226847482598,121.89479515245911,2019-07-18-23-37-25
1.0,30.882268504316155,121.89504528515306,2019-07-18-23-37-25
1.0,30.88226853110466,121.89529541472095,2019-07-18-23-37-25
1.0,30.88226861116922,121.89629590164657,2019-07-18-23-37-25
1.0,30.882268646455742,121.89804663245789,2019-07-18-23-37-25
1.0,30.882268640553303,121.89829672419438,2019-07-18-23-37-25
1.0,30.88226863190577,121.8985468127537,2019-07-18-23-37-25
1.0,30.882268620510207,121.89879689813233,2019-07-18-23-37-25
1.0,30.88226575885674,121.90904762642866,2019-07-18-23-37-25
1.0,30.882262276240805,121.91454576195451,2019-07-18-23-37-25
1.0,30.882512328853952,121.88053257341001,2019-07-18-23-37-25
1.0,30.8825182618702,121.89429485747038,2019-07-18-23-37-25
1.0,30.882518385218983,121.89529539448165,2019-07-18-23-37-25
1.0,30.882518409302083,121.89554552091946,2019-07-18-23-37-25
1.0,30.88251843067621,121.89579564422262,2019-07-18-23-37-25
1.0,30.882518504151204,121.89754641923032,2019-07-18-23-37-25
1.0,30.882514199125204,121.911546954705,2019-07-18-23-37-25
1.0,30.882768078395866,121.89404469518377,2019-07-18-23-37-25
1.0,30.88276811596827,121.89429483722978,2019-07-18-23-37-25
2.0,30.88276815085039,121.8945449761631,2019-07-18-23-37-25
1.0,30.882768183038372,121.89479511197925,2019-07-18-23-37-25
2.0,30.88276823931682,121.89529537424218,2019-07-18-23-37-25
1.0,30.882768263399864,121.89554550068024,2019-07-18-23-37-25
1.0,30.88276835782711,121.8977964970735,2019-07-18-23-37-25
1.0,30.882768348764102,121.89829668372084,2019-07-18-23-37-25
1.0,30.882764935365408,121.91004736456308,2019-07-18-23-37-25
1.0,30.882761204749375,121.91554521271748,2019-07-18-23-37-25
1.0,30.883017126275117,121.89054236215367,2019-07-18-23-37-25
1.0,30.88301775536436,121.89304407572355,2019-07-18-23-37-25
1.0,30.88301800493197,121.89454495592261,2019-07-18-23-37-25
1.0,30.883018204967755,121.89704617309832,2019-07-18-23-37-25
1.0,30.883014649469885,121.91029728081017,2019-07-18-23-37-25
1.0,30.883014212627327,121.91104707066215,2019-07-18-23-37-25
1.0,30.88301239375073,121.91379604854917,2019-07-18-23-37-25
1.0,30.883268056909184,121.89829664324658,2019-07-18-23-37-25
1.0,30.883264503531667,121.91029726057141,2019-07-18-23-37-25
1.0,30.88326436073772,121.91054719378934,2019-07-18-23-37-25
1.0,30.88326091288723,121.91554517222654,2019-07-18-23-37-25
1.0,30.88348815609292,121.85874665744602,2019-07-18-23-37-25
1.0,30.883514634704813,121.90979736409551,2019-07-18-23-37-25
1.0,30.883514214783123,121.91054717355016,2019-07-18-23-37-25
1.0,30.88351392073426,121.91104703018296,2019-07-18-23-37-25
1.0,30.883511546627616,121.91454566073557,2019-07-18-23-37-25
1.0,30.88351116240382,121.91504541287647,2019-07-18-23-37-25
2.0,30.88351076693164,121.91554515198081,2019-07-18-23-37-25
1.0,30.883510360219468,121.91604487805785,2019-07-18-23-37-25
1.0,30.883507443351835,121.91929278083627,2019-07-18-23-37-25
1.0,30.883767567078657,121.89454489520003,2019-07-18-23-37-25
1.0,30.8837676555444,121.89529529328246,2019-07-18-23-37-25
1.0,30.883764351580194,121.9100472836086,2019-07-18-23-37-25
2.0,30.883764211606305,121.91029722009334,2019-07-18-23-37-25
1.0,30.88376158854739,121.91429575952988,2019-07-18-23-37-25
1.0,30.883761209950542,121.9147955181914,2019-07-18-23-37-25
1.0,30.88376021424751,121.91604485781109,2019-07-18-23-37-25
1.0,30.88401762806806,121.89779639588468,2019-07-18-23-37-25
3.0,30.884017096435734,121.90254765332867,2019-07-18-23-37-25
1.0,30.8840151064684,121.90829761652445,2019-07-18-23-37-25
1.0,30.88401251077213,121.91279638498835,2019-07-18-23-37-25
1.0,30.88401198934207,121.9135460768268,2019-07-18-23-37-25
1.0,30.884011809897306,121.91379596757658,2019-07-18-23-37-25
1.0,30.884011627636227,121.91404585506262,2019-07-18-23-37-25
1.0,30.884011442559554,121.91429573928573,2019-07-18-23-37-25
1.0,30.884011063962607,121.9147954979465,2019-07-18-23-37-25
1.0,30.8840104749717,121.91554511148878,2019-07-18-23-37-25
1.0,30.884010068259332,121.91604483756413,2019-07-18-23-37-25
1.0,30.884264960465604,121.90829759628657,2019-07-18-23-37-25
1.0,30.88426484022454,121.90854755563075,2019-07-18-23-37-25
1.0,30.884264717165777,121.90879751171092,2019-07-18-23-37-25
1.0,30.88426302054691,121.91179672990236,2019-07-18-23-37-25
1.0,30.88426052810923,121.91529522332056,2019-07-18-23-37-25
1.0,30.884494320085555,121.86375634171806,2019-07-18-23-37-25
1.0,30.884516774920503,121.89254363609813,2019-07-18-23-37-25
1.0,30.884513773596744,121.91029715937486,2019-07-18-23-37-25
1.0,30.88476712986227,121.89929685696517,2019-07-18-23-37-25
1.0,30.884764299234607,121.90904742404899,2019-07-18-23-37-25
1.0,30.88476417053882,121.90929737359878,2019-07-18-23-37-25
1.0,30.884762728491605,121.91179668941972,2019-07-18-23-37-25
1.0,30.88476118957607,121.91404579433019,2019-07-18-23-37-25
1.0,30.885011043523928,121.91404577408568,2019-07-18-23-37-25
1.0,30.88501047984972,121.91479541696506,2019-07-18-23-37-25
1.0,30.885007745095905,121.91804353081052,2019-07-18-23-37-25
1.0,30.885007282342528,121.91854319192201,2019-07-18-23-37-25
1.0,30.88526493525747,121.90704766968362,2019-07-18-23-37-25
1.0,30.88526425605254,121.9085474746767,2019-07-18-23-37-25
1.0,30.885263878420492,121.90929733312026,2019-07-18-23-37-25
1.0,30.885263746905494,121.90954727940378,2019-07-18-23-37-25
1.0,30.885262276656672,121.91204656254662,2019-07-18-23-37-25
1.0,30.885261609600647,121.91304618431855,2019-07-18-23-37-25
1.0,30.885260140262698,121.91504527115684,2019-07-18-23-37-25
1.0,30.885258050596793,121.91754383648363,2019-07-18-23-37-25
1.0,30.88548734159935,121.85899700154948,2019-07-18-23-37-25
1.0,30.885505426927413,121.87427391119132,2019-07-18-23-37-25
1.0,30.885515340797713,121.88954138890215,2019-07-18-23-37-25
1.0,30.88551213057307,121.91204654230437,2019-07-18-23-37-25
1.0,30.885511802682988,121.9125463597229,2019-07-18-23-37-25
1.0,30.885510378403083,121.91454549877575,2019-07-18-23-37-25
1.0,30.88550722296258,121.91829332248157,2019-07-18-23-37-25
1.0,30.88576318323458,121.91004712169087,2019-07-18-23-37-25
1.0,30.885763043260283,121.91029705817377,2019-07-18-23-37-25
1.0,30.885762900465828,121.91054699138931,2019-07-18-23-37-25
1.0,30.88576182193822,121.91229643240437,2019-07-18-23-37-25
1.0,30.88576023230313,121.91454547852994,2019-07-18-23-37-25
1.0,30.885757758411582,121.91754379598191,2019-07-18-23-37-25
1.0,30.885755638369986,121.91979222732009,2019-07-18-23-37-25
1.0,30.8859965470094,121.86626079095355,2019-07-18-23-37-25
1.0,30.88601637980046,121.89954683159232,2019-07-18-23-37-25
1.0,30.886013037119735,121.91004710145033,2019-07-18-23-37-25
1.0,30.886012897145385,121.91029703793299,2019-07-18-23-37-25
1.0,30.886012608736102,121.91079690109603,2019-07-18-23-37-25
1.0,30.886010997491145,121.91329602086414,2019-07-18-23-37-25
1.0,30.886010820862964,121.91354591487563,2019-07-18-23-37-25
1.0,30.886010459156335,121.9140456931058,2019-07-18-23-37-25
1.0,30.88601027407927,121.91429557732599,2019-07-18-23-37-25
1.0,30.886010086187387,121.91454545828397,2019-07-18-23-37-25
1.0,30.88600783388224,121.91729393382808,2019-07-18-23-37-25
1.0,30.886007612295256,121.91754377573078,2019-07-18-23-37-25
1.0,30.886261025170548,121.91304610334346,2019-07-18-23-37-25
1.0,30.8862608513599,121.91329600061975,2019-07-18-23-37-25
1.0,30.886260674731673,121.91354589463091,2019-07-18-23-37-25
2.0,30.886259749349996,121.91479531573414,2019-07-18-23-37-25
1.0,30.88625833570066,121.91654436838382,2019-07-18-23-37-25
1.0,30.88625790653646,121.91704406842832,2019-07-18-23-37-25
1.0,30.886257241776924,121.91779359413674,2019-07-18-23-37-25
1.0,30.886257014593046,121.91804342955086,2019-07-18-23-37-25
1.0,30.886256551839196,121.91854309065731,2019-07-18-23-37-25
1.0,30.886490536052097,121.86175236911673,2019-07-18-23-37-25
1.0,30.88651327654344,121.90904728237236,2019-07-18-23-37-25
1.0,30.886512881997326,121.90979712121937,2019-07-18-23-37-25
1.0,30.886512462073803,121.91054693066573,2019-07-18-23-37-25
1.0,30.886511050016235,121.91279618255754,2019-07-18-23-37-25
1.0,30.88651087902366,121.91304608309923,2019-07-18-23-37-25
1.0,30.886510349139428,121.9137957651323,2019-07-18-23-37-25
1.0,30.886510166877855,121.91404565261477,2019-07-18-23-37-25
1.0,30.886507760388792,121.91704404817776,2019-07-18-23-37-25
1.0,30.886506638465317,121.91829324147075,2019-07-18-23-37-25
1.0,30.88650569062198,121.91929253778751,2019-07-18-23-37-25
1.0,30.886762870170223,121.90954715796262,2019-07-18-23-37-25
1.0,30.88676155963425,121.9117965274818,2019-07-18-23-37-25
1.0,30.886760732861138,121.91304606285482,2019-07-18-23-37-25
1.0,30.886758043389875,121.91654432788434,2019-07-18-23-37-25
1.0,30.88675783020954,121.91679417953067,2019-07-18-23-37-25
1.0,30.886757614225484,121.91704402792702,2019-07-18-23-37-25
1.0,30.886754552029,121.92029176215456,2019-07-18-23-37-25
1.0,30.886997150171958,121.86726247641928,2019-07-18-23-37-25
1.0,30.887014463994788,121.88954126739979,2019-07-18-23-37-25
1.0,30.88701478940384,121.89054203818985,2019-07-18-23-37-25
1.0,30.887015072800924,121.89154276038717,2019-07-18-23-37-25
1.0,30.887012984204425,121.90904724189167,2019-07-18-23-37-25
1.0,30.887012024119194,121.91079682012918,2019-07-18-23-37-25
1.0,30.88700789721108,121.91654430763433,2019-07-18-23-37-25
1.0,30.887007468046594,121.9170440076761,2019-07-18-23-37-25
1.0,30.887004907629308,121.91979212603927,2019-07-18-23-37-25
1.0,30.887264718014684,121.89079220305965,2019-07-18-23-37-25
1.0,30.887261877926,121.91079679988701,2019-07-18-23-37-25
1.0,30.887261578234973,121.91129664997676,2019-07-18-23-37-25
1.0,30.887261107547,121.91204640060347,2019-07-18-23-37-25
1.0,30.887258774817,121.91529498035577,2019-07-18-23-37-25
1.0,30.887258168961008,121.91604457433722,2019-07-18-23-37-25
1.0,30.88725525208407,121.9192924770212,2019-07-18-23-37-25
1.0,30.887254761434356,121.91979210578255,2019-07-18-23-37-25
1.0,30.88725425965445,121.92029172163906,2019-07-18-23-37-25
1.0,30.887497149823933,121.86751287182193,2019-07-18-23-37-25
1.0,30.887511055021616,121.88303505878193,2019-07-18-23-37-25
1.0,30.887514171602316,121.88954122689753,2019-07-18-23-37-25
1.0,30.88751512608955,121.8930437113293,2019-07-18-23-37-25
1.0,30.8875114320262,121.9112966297339,2019-07-18-23-37-25
1.0,30.887510961338076,121.91204638035975,2019-07-18-23-37-25
1.0,30.88751012046936,121.91329589939512,2019-07-18-23-37-25
1.0,30.887505585376882,121.91879281508169,2019-07-18-23-37-25
1.0,30.88750486194116,121.91954227275984,2019-07-18-23-37-25
1.0,30.887504113443935,121.92029170138105,2019-07-18-23-37-25
1.0,30.8874981777137,121.92553689433642,2019-07-18-23-37-25
1.0,30.887763560014537,121.88829017537053,2019-07-18-23-37-25
1.0,30.88776435079125,121.89054197744142,2019-07-18-23-37-25
1.0,30.887764875277504,121.89254337290713,2019-07-18-23-37-25
1.0,30.88776097482982,121.91179644650846,2019-07-18-23-37-25
1.0,30.887759797616233,121.91354577315876,2019-07-18-23-37-25
1.0,30.8877580812875,121.91579467243453,2019-07-18-23-37-25
1.0,30.88801265400679,121.88653858614141,2019-07-18-23-37-25
1.0,30.888010828590144,121.91179642626467,2019-07-18-23-37-25
1.0,30.888010668873996,121.91204633987178,2019-07-18-23-37-25
1.0,30.888010506338155,121.91229625021154,2019-07-18-23-37-25
1.0,30.88801000181578,121.91304596163002,2019-07-18-23-37-25
1.0,30.888007522716574,121.9162943717368,2019-07-18-23-37-25
1.0,30.888263980880744,121.89029174878364,2019-07-18-23-37-25
1.0,30.888260682335147,121.9117964060207,2019-07-18-23-37-25
1.0,30.88826036008306,121.91229622996697,2019-07-18-23-37-25
1.0,30.88826019472777,121.91254613703939,2019-07-18-23-37-25
1.0,30.88825043134595,121.92328906589259,2019-07-18-23-37-25
1.0,30.888248661024317,121.92478760615937,2019-07-18-23-37-25
1.0,30.888246471564514,121.92653575920777,2019-07-18-23-37-25
1.0,30.888512591370244,121.8870390087063,2019-07-18-23-37-25
1.0,30.88851398683958,121.89079210181251,2019-07-18-23-37-25
1.0,30.888514128542017,121.89129246292141,2019-07-18-23-37-25
1.0,30.888514718224695,121.89404422959234,2019-07-18-23-37-25
1.0,30.8885111467289,121.91079669867342,2019-07-18-23-37-25
1.0,30.888510692961187,121.91154646890242,2019-07-18-23-37-25
1.0,30.888510048457356,121.91254611679433,2019-07-18-23-37-25
1.0,30.888495675341844,121.92703518293688,2019-07-18-23-37-25
1.0,30.88876255619987,121.88728921556279,2019-07-18-23-37-25
1.0,30.888763440352093,121.88954112563871,2019-07-18-23-37-25
1.0,30.888763525625922,121.88979132287541,2019-07-18-23-37-25
1.0,30.888764049154904,121.89154261864957,2019-07-18-23-37-25
1.0,30.888760230063106,121.91204627913844,2019-07-18-23-37-25
1.0,30.888755089662258,121.91854288811417,2019-07-18-23-37-25
1.0,30.88898973845373,121.86225313054861,2019-07-18-23-37-25
1.0,30.889012624438443,121.88778964064774,2019-07-18-23-37-25
1.0,30.88901292694579,121.88854028635036,2019-07-18-23-37-25
1.0,30.889013206176045,121.88929090513464,2019-07-18-23-37-25
1.0,30.88901329405635,121.8895411053864,2019-07-18-23-37-25
1.0,30.889013619463498,121.89054187619037,2019-07-18-23-37-25
1.0,30.88901390285869,121.8915425984006,2019-07-18-23-37-25
1.0,30.889013967108294,121.89179277131953,2019-07-18-23-37-25
1.0,30.889246990195396,121.86826402400371,2019-07-18-23-37-25
1.0,30.889261172113596,121.88503702523329,2019-07-18-23-37-25
1.0,30.8892618038512,121.88628824889463,2019-07-18-23-37-25
1.0,30.889263395727486,121.89029166778,2019-07-18-23-37-25
1.0,30.88926354795151,121.89079204106203,2019-07-18-23-37-25
1.0,30.88926382079691,121.89179275107078,2019-07-18-23-37-25
1.0,30.889248075842314,121.92478752507664,2019-07-18-23-37-25
1.0,30.889510891890662,121.88478675150954,2019-07-18-23-37-25
1.0,30.889512823057647,121.88904066136713,2019-07-18-23-37-25
1.0,30.88951332682626,121.89054183568868,2019-07-18-23-37-25
1.0,30.88951354332727,121.89129238192363,2019-07-18-23-37-25
1.0,30.889726714506782,121.85348508581707,2019-07-18-23-37-25
1.0,30.8897431349293,121.86525868363216,2019-07-18-23-37-25
1.0,30.88974612340459,121.86776312271283,2019-07-18-23-37-25
1.0,30.88975717749686,121.87928043586875,2019-07-18-23-37-25
1.0,30.889757365009288,121.87953075128819,2019-07-18-23-37-25
1.0,30.889761629942402,121.88653844433342,2019-07-18-23-37-25
1.0,30.889763255284098,121.89079200056081,2019-07-18-23-37-25
1.0,30.889763327452584,121.89104218264133,2019-07-18-23-37-25
1.0,30.889763463879596,121.89154253765263,2019-07-18-23-37-25
1.0,30.889763528129023,121.8917927105727,2019-07-18-23-37-25
1.0,30.88997656816044,121.8534850654281,2019-07-18-23-37-25
1.0,30.889977721182223,121.85423669230167,2019-07-18-23-37-25
1.0,30.889990136680296,121.86300448112443,2019-07-18-23-37-25
2.0,30.89000625756214,121.87827912672721,2019-07-18-23-37-25
1.0,30.890006841270885,121.87903009744406,2019-07-18-23-37-25
1.0,30.890010993356942,121.88553746266385,2019-07-18-23-37-25
1.0,30.89001111971003,121.88578770740456,2019-07-18-23-37-25
1.0,30.89001214251986,121.88803977784029,2019-07-18-23-37-25
1.0,30.89001318109637,121.89104216239085,2019-07-18-23-37-25
1.0,30.890013317523263,121.89154251740294,2019-07-18-23-37-25
1.0,30.890013558611027,121.89254319067987,2019-07-18-23-37-25
1.0,30.89025630810501,121.8785294327235,2019-07-18-23-37-25
1.0,30.890256502676916,121.87877975629935,2019-07-18-23-37-25
1.0,30.890256694902718,121.87903007716518,2019-07-18-23-37-25
1.0,30.890256884775305,121.87928039531273,2019-07-18-23-37-25
1.0,30.89026097334018,121.88578768714369,2019-07-18-23-37-25
2.0,30.890261097166665,121.88603792896404,2019-07-18-23-37-25
1.0,30.890261337217233,121.88653840381521,2019-07-18-23-37-25
1.0,30.890505564001867,121.87777842553692,2019-07-18-23-37-25
1.0,30.890506548519713,121.87903005688614,2019-07-18-23-37-25
1.0,30.890511072076084,121.8862881475968,2019-07-18-23-37-25
1.0,30.890756779506553,121.87953067017843,2019-07-18-23-37-25
1.0,30.890760293940716,121.88503690365825,2019-07-18-23-37-25
1.0,30.890760680556006,121.88578764662142,2019-07-18-23-37-25
1.0,30.89076080438237,121.88603788844289,2019-07-18-23-37-25
1.0,30.89076092567648,121.8862881273367,2019-07-18-23-37-25
1.0,30.89076104443269,121.88653836329627,2019-07-18-23-37-25
1.0,30.890761274309064,121.88703882638644,2019-07-18-23-37-25
1.0,30.890761385418188,121.88728905350416,2019-07-18-23-37-25
1.0,30.890761493967332,121.88753927766177,2019-07-18-23-37-25
1.0,30.890760258006548,121.91004671684536,2019-07-18-23-37-25
1.0,30.891006063483772,121.87877969545936,2019-07-18-23-37-25
1.0,30.891006255709385,121.87903001632749,2019-07-18-23-37-25
2.0,30.891010534141785,121.88578762636,2019-07-18-23-37-25
1.0,30.891010657968085,121.88603786818203,2019-07-18-23-37-25
1.0,30.891011127894533,121.88703880612776,2019-07-18-23-37-25
1.0,30.8910112390036,121.88728903324602,2019-07-18-23-37-25
1.0,30.891011347552684,121.88753925740414,2019-07-18-23-37-25
1.0,30.891011453536404,121.88778947859585,2019-07-18-23-37-25
1.0,30.89101279619862,121.89179260932434,2019-07-18-23-37-25
1.0,30.891242869763754,121.86575946729381,2019-07-18-23-37-25
1.0,30.891255326332065,121.87802869634555,2019-07-18-23-37-25
1.0,30.89125552557438,121.87827902531942,2019-07-18-23-37-25
1.0,30.891255917056622,121.87877967517899,2019-07-18-23-37-25
1.0,30.891256109282168,121.8790299960479,2019-07-18-23-37-25
1.0,30.89126051153912,121.886037847921,2019-07-18-23-37-25
1.0,30.891260751589197,121.88653832277659,2019-07-18-23-37-25
1.0,30.891260867801783,121.8867885557964,2019-07-18-23-37-25
1.0,30.891504978323752,121.87777834440325,2019-07-18-23-37-25
1.0,30.891505179890473,121.87802867606266,2019-07-18-23-37-25
1.0,30.891505379132724,121.87827900503731,2019-07-18-23-37-25
1.0,30.89150557604325,121.8785293313187,2019-07-18-23-37-25
1.0,30.891505770614838,121.87877965489844,2019-07-18-23-37-25
1.0,30.891505962840323,121.87902997576812,2019-07-18-23-37-25
1.0,30.891506152712587,121.87928029391946,2019-07-18-23-37-25
1.0,30.891510241269348,121.88578758583662,2019-07-18-23-37-25
1.0,30.891510486389453,121.88628806655525,2019-07-18-23-37-25
1.0,30.891510721358006,121.88678853553682,2019-07-18-23-37-25
2.0,30.89151083502149,121.88703876560987,2019-07-18-23-37-25
1.0,30.89151094613043,121.88728899272917,2019-07-18-23-37-25
1.0,30.89151116066299,121.88778943808106,2019-07-18-23-37-25
2.0,30.891511364912812,121.8882898715423,2019-07-18-23-37-25
1.0,30.89151262387086,121.89229290547179,2019-07-18-23-37-25
1.0,30.89174227124756,121.86550897490507,2019-07-18-23-37-25
1.0,30.891754831867644,121.87777832411938,2019-07-18-23-37-25
1.0,30.8917550334343,121.87802865577959,2019-07-18-23-37-25
1.0,30.891755232676488,121.87827898475503,2019-07-18-23-37-25
2.0,30.89175542958695,121.8785293110372,2019-07-18-23-37-25
1.0,30.891760218637348,121.88603780739838,2019-07-18-23-37-25
1.0,30.89176045868718,121.88653828225617,2019-07-18-23-37-25
4.0,30.891760574899646,121.88678851527708,2019-07-18-23-37-25
1.0,30.89176079967195,121.88728897247046,2019-07-18-23-37-25
1.0,30.89176111761723,121.88803963604393,2019-07-18-23-37-25
1.0,30.891745061511603,121.92603601879964,2019-07-18-23-37-25
1.0,30.89200488696361,121.87802863549632,2019-07-18-23-37-25
1.0,30.89200508620573,121.87827896447256,2019-07-18-23-37-25
1.0,30.89200528311613,121.87852929075551,2019-07-18-23-37-25
1.0,30.892005669912944,121.87902993520801,2019-07-18-23-37-25
1.0,30.89201042842677,121.88678849501713,2019-07-18-23-37-25
1.0,30.892010542090127,121.88703872509123,2019-07-18-23-37-25
1.0,30.89201065319895,121.88728895221158,2019-07-18-23-37-25
1.0,30.89201076174779,121.88753917637177,2019-07-18-23-37-25
1.0,30.892010867731265,121.88778939756553,2019-07-18-23-37-25
1.0,30.892011358983382,121.88904045882109,2019-07-18-23-37-25
1.0,30.89201144946454,121.88929066208715,2019-07-18-23-37-25
1.0,30.89201221038967,121.89179252832236,2019-07-18-23-37-25
1.0,30.89201289394391,121.8960449951874,2019-07-18-23-37-25
1.0,30.892007309488225,121.91354542895192,2019-07-18-23-37-25
1.0,30.89198460228693,121.93327690532409,2019-07-18-23-37-25
1.0,30.892254939720505,121.8782789441899,2019-07-18-23-37-25
1.0,30.892255136630837,121.87852927047363,2019-07-18-23-37-25
1.0,30.892255331202232,121.87877959405569,2019-07-18-23-37-25
1.0,30.892255900811392,121.87953054850828,2019-07-18-23-37-25
1.0,30.892260281939418,121.88678847475701,2019-07-18-23-37-25
1.0,30.892260506711473,121.88728893195251,2019-07-18-23-37-25
1.0,30.892260824656393,121.88803959552904,2019-07-18-23-37-25
1.0,30.892261119417824,121.88879023229595,2019-07-18-23-37-25
1.0,30.892261302976586,121.88929064183199,2019-07-18-23-37-25
1.0,30.892262741664947,121.89929624974879,2019-07-18-23-37-25
1.0,30.89226246518764,121.90154681689818,2019-07-18-23-37-25
1.0,30.892503773839504,121.87702725225566,2019-07-18-23-37-25
4.0,30.89250459397886,121.87802859492925,2019-07-18-23-37-25
2.0,30.892504793220855,121.87827892390706,2019-07-18-23-37-25
2.0,30.892504990131126,121.87852925019158,2019-07-18-23-37-25
1.0,30.892505754311426,121.87953052822928,2019-07-18-23-37-25
1.0,30.892509900469577,121.88628798551078,2019-07-18-23-37-25
1.0,30.89251024910088,121.88703868457186,2019-07-18-23-37-25
1.0,30.89251036020958,121.88728891169326,2019-07-18-23-37-25
1.0,30.892510468758303,121.88753913585448,2019-07-18-23-37-25
1.0,30.892511329626615,121.88979101907819,2019-07-18-23-37-25
1.0,30.892511599710886,121.90454714721287,2019-07-18-23-37-25
1.0,30.892483516624115,121.9337761430898,2019-07-18-23-37-25
1.0,30.892729490264013,121.85649125785139,2019-07-18-23-37-25
1.0,30.89275341653509,121.87677688965188,2019-07-18-23-37-25
1.0,30.892754245898512,121.87777824298205,2019-07-18-23-37-25
2.0,30.892754447464913,121.87802857464543,2019-07-18-23-37-25
1.0,30.892754646706845,121.87827890362404,2019-07-18-23-37-25
1.0,30.892754843617052,121.87852922990933,2019-07-18-23-37-25
1.0,30.892755038188316,121.87877955349295,2019-07-18-23-37-25
1.0,30.89275523041348,121.87902987436647,2019-07-18-23-37-25
1.0,30.892755607797096,121.87953050795011,2019-07-18-23-37-25
1.0,30.89275735157827,121.88203351049391,2019-07-18-23-37-25
1.0,30.892757981289492,121.88303463316336,2019-07-18-23-37-25
1.0,30.892760213693325,121.88728889143383,2019-07-18-23-37-25
1.0,30.892761345816368,121.89029138424428,2019-07-18-23-37-25
1.0,30.892761921419943,121.90279697902167,2019-07-18-23-37-25
1.0,30.89300409937032,121.87777822269724,2019-07-18-23-37-25
2.0,30.893004300936656,121.87802855436144,2019-07-18-23-37-25
1.0,30.893004500178524,121.87827888334083,2019-07-18-23-37-25
2.0,30.893004697088664,121.87852920962692,2019-07-18-23-37-25
1.0,30.893004891659867,121.8787795332113,2019-07-18-23-37-25
1.0,30.89300508388497,121.87902985408559,2019-07-18-23-37-25
1.0,30.893005273756856,121.8792801722415,2019-07-18-23-37-25
1.0,30.893005461268455,121.87953048767073,2019-07-18-23-37-25
1.0,30.893005646412753,121.87978080036513,2019-07-18-23-37-25
1.0,30.89300704151817,121.88178320250054,2019-07-18-23-37-25
1.0,30.893008425105883,121.8840356900689,2019-07-18-23-37-25
1.0,30.893011351507326,121.89079173728496,2019-07-18-23-37-25
1.0,30.892984408668127,121.93302718043462,2019-07-18-23-37-25
1.0,30.893217079162273,121.84872417217477,2019-07-18-23-37-25
2.0,30.893254154394135,121.87802853407726,2019-07-18-23-37-25
3.0,30.89325435363594,121.87827886305743,2019-07-18-23-37-25
1.0,30.89325455054602,121.8785291893443,2019-07-18-23-37-25
1.0,30.893254745117158,121.87877951292947,2019-07-18-23-37-25
1.0,30.893254937342196,121.87902983380452,2019-07-18-23-37-25
1.0,30.893255127214015,121.87928015196118,2019-07-18-23-37-25
1.0,30.893255314725554,121.87953046739119,2019-07-18-23-37-25
1.0,30.89325621663504,121.88078200335634,2019-07-18-23-37-25
1.0,30.89326002916647,121.88753907507719,2019-07-18-23-37-25
1.0,30.893261628337424,121.90279693853617,2019-07-18-23-37-25
1.0,30.893260741659365,121.90579709488182,2019-07-18-23-37-25
1.0,30.89325906464737,121.90954663164148,2019-07-18-23-37-25
1.0,30.893256927319914,121.91304553643594,2019-07-18-23-37-25
1.0,30.89350318769909,121.8770271711064,2019-07-18-23-37-25
1.0,30.893503396194667,121.87727751077524,2019-07-18-23-37-25
2.0,30.89350380627121,121.87777818212712,2019-07-18-23-37-25
1.0,30.893504007837414,121.8780285137929,2019-07-18-23-37-25
2.0,30.893504207079157,121.87827884277387,2019-07-18-23-37-25
1.0,30.89350440398917,121.87852916906151,2019-07-18-23-37-25
1.0,30.893504598560245,121.87877949264745,2019-07-18-23-37-25
1.0,30.89350479078522,121.87902981352327,2019-07-18-23-37-25
1.0,30.89350854869035,121.88478642728238,2019-07-18-23-37-25
1.0,30.893510502987816,121.90604706656704,2019-07-18-23-37-25
1.0,30.893753455817098,121.8775278274989,2019-07-18-23-37-25
1.0,30.8937536597004,121.87777816184177,2019-07-18-23-37-25
1.0,30.893754060508222,121.8782788224901,2019-07-18-23-37-25
2.0,30.89375425741817,121.87852914877854,2019-07-18-23-37-25
2.0,30.89375445198918,121.87877947236525,2019-07-18-23-37-25
1.0,30.893755021597194,121.87953042683154,2019-07-18-23-37-25
1.0,30.893756096710078,121.8810322617053,2019-07-18-23-37-25
1.0,30.89375769520437,121.88353509639187,2019-07-18-23-37-25
1.0,30.893759516377326,121.88703858327025,2019-07-18-23-37-25
2.0,30.894003913923182,121.87827880220617,2019-07-18-23-37-25
1.0,30.89400411083307,121.87852912849539,2019-07-18-23-37-25
1.0,30.894004875011838,121.87953040655144,2019-07-18-23-37-25
5.0,30.89400677988565,121.88228369404112,2019-07-18-23-37-25
1.0,30.894007980233436,121.88428587113162,2019-07-18-23-37-25
1.0,30.89401115862695,121.89229270296511,2019-07-18-23-37-25
1.0,30.894011130099,121.90304690864868,2019-07-18-23-37-25
1.0,30.89401100470762,121.90354696063469,2019-07-18-23-37-25
1.0,30.894253162633365,121.87752778692605,2019-07-18-23-37-25
1.0,30.894253767324106,121.87827878192205,2019-07-18-23-37-25
1.0,30.89425435102959,121.87902975267843,2019-07-18-23-37-25
2.0,30.89425769224422,121.88403558873101,2019-07-18-23-37-25
1.0,30.894257833632846,121.88428585086429,2019-07-18-23-37-25
1.0,30.89447956356112,121.85724268039593,2019-07-18-23-37-25
1.0,30.89450381762079,121.87852908792851,2019-07-18-23-37-25
1.0,30.89450401219161,121.87877941151756,2019-07-18-23-37-25
1.0,30.894506645325883,121.88253393558618,2019-07-18-23-37-25
1.0,30.894508727943744,121.88628782341304,2019-07-18-23-37-25
1.0,30.894510744861776,121.89179232580457,2019-07-18-23-37-25
1.0,30.894729052082244,121.85699214008966,2019-07-18-23-37-25
1.0,30.894753474084023,121.87827874135324,2019-07-18-23-37-25
1.0,30.894753865564475,121.87877939123462,2019-07-18-23-37-25
1.0,30.894760280518412,121.90454696502331,2019-07-18-23-37-25
1.0,30.894749611783823,121.92054091689647,2019-07-18-23-37-25
1.0,30.894746335250563,121.92353830354976,2019-07-18-23-37-25
1.0,30.894983177561176,121.85999823682684,2019-07-18-23-37-25
1.0,30.89500635205583,121.88253389504168,2019-07-18-23-37-25
1.0,30.89500889440941,121.8872887090907,2019-07-18-23-37-25
1.0,30.895009690669223,121.88929041901328,2019-07-18-23-37-25
1.0,30.895010482296026,121.90329685528347,2019-07-18-23-37-25
1.0,30.89499946513355,121.92054089663237,2019-07-18-23-37-25
1.0,30.89525863664441,121.88703846170226,2019-07-18-23-37-25
1.0,30.8952591665312,121.88828956767289,2019-07-18-23-37-25
1.0,30.89526033563539,121.90329683503919,2019-07-18-23-37-25
1.0,30.895259476651564,121.90604692485748,2019-07-18-23-37-25
1.0,30.895490072741616,121.86550866991904,2019-07-18-23-37-25
1.0,30.89550921378334,121.88878996895023,2019-07-18-23-37-25
1.0,30.89550968156895,121.90504691739251,2019-07-18-23-37-25
1.0,30.895509422085297,121.9057969126846,2019-07-18-23-37-25
1.0,30.89550643451432,121.91179581886588,2019-07-18-23-37-25
1.0,30.895756222005925,121.88303438991649,2019-07-18-23-37-25
1.0,30.895758343289312,121.88703842117815,2019-07-18-23-37-25
1.0,30.89575897143019,121.8885397394183,2019-07-18-23-37-25
1.0,30.895759067098506,121.88878994869158,2019-07-18-23-37-25
1.0,30.895759506467172,121.89004094998262,2019-07-18-23-37-25
1.0,30.896006521778407,121.88378518183997,2019-07-18-23-37-25
1.0,30.896007602844577,121.88578722109328,2019-07-18-23-37-25
1.0,30.896007726669655,121.88603746292657,2019-07-18-23-37-25
1.0,30.89600862564128,121.88803929164398,2019-07-18-23-37-25
1.0,30.896008920400003,121.88878992843276,2019-07-18-23-37-25
1.0,30.896009013476768,121.88904013470935,2019-07-18-23-37-25
1.0,30.896009103956967,121.8892903379828,2019-07-18-23-37-25
1.0,30.8960091918356,121.88954053824729,2019-07-18-23-37-25
1.0,30.896009547145262,121.9045468638005,2019-07-18-23-37-25
1.0,30.89600831310943,121.9077967164373,2019-07-18-23-37-25
1.0,30.896006298018644,121.9115458615011,2019-07-18-23-37-25
1.0,30.896254969402104,121.88153264839993,2019-07-18-23-37-25
1.0,30.896258579765114,121.88828948663408,2019-07-18-23-37-25
1.0,30.89625877368788,121.88878990817375,2019-07-18-23-37-25
1.0,30.896259045123294,121.88954051798966,2019-07-18-23-37-25
1.0,30.896259617875778,121.90379679957557,2019-07-18-23-37-25
1.0,30.896258981978317,121.90579685194889,2019-07-18-23-37-25
1.0,30.89625888986942,121.90604684387657,2019-07-18-23-37-25
1.0,30.896507183056727,121.88553693580704,2019-07-18-23-37-25
1.0,30.896507433233182,121.886037422397,2019-07-18-23-37-25
1.0,30.89650843303955,121.88828946637392,2019-07-18-23-37-25
1.0,30.896508898397432,121.88954049773186,2019-07-18-23-37-25
1.0,30.896509401463078,121.90404679723137,2019-07-18-23-37-25
1.0,30.89675703631832,121.88553691554085,2019-07-18-23-37-25
1.0,30.896758286300475,121.88828944611359,2019-07-18-23-37-25
1.0,30.89675838455493,121.88853965837998,2019-07-18-23-37-25
1.0,30.896758480223003,121.88878986765518,2019-07-18-23-37-25
1.0,30.896758573299586,121.88904007393317,2019-07-18-23-37-25
1.0,30.89675922402198,121.89104161555863,2019-07-18-23-37-25
1.0,30.89675970611472,121.89304296211054,2019-07-18-23-37-25
1.0,30.89676014487835,121.89854563873384,2019-07-18-23-37-25
1.0,30.89675982594013,121.90154645250529,2019-07-18-23-37-25
1.0,30.896759516683957,121.90304668595945,2019-07-18-23-37-25
1.0,30.896759324404073,121.90379675908497,2019-07-18-23-37-25
1.0,30.896759254720415,121.90404677698595,2019-07-18-23-37-25
1.0,30.896759106957532,121.90454680306462,2019-07-18-23-37-25
1.0,30.89675902887517,121.90479681123854,2019-07-18-23-37-25
1.0,30.896758947990204,121.90504681616646,2019-07-18-23-37-25
1.0,30.896758688505756,121.9057968114575,2019-07-18-23-37-25
1.0,30.89675840375027,121.90654677747709,2019-07-18-23-37-25
1.0,30.896758199858624,121.90704673854313,2019-07-18-23-37-25
1.0,30.896757984714004,121.90754668657355,2019-07-18-23-37-25
1.0,30.896756877146018,121.90979629119396,2019-07-18-23-37-25
1.0,30.89675631159927,121.91079603054908,2019-07-18-23-37-25
1.0,30.897008449640204,121.90604678313896,2019-07-18-23-37-25
1.0,30.89700835472203,121.90629677181252,2019-07-18-23-37-25
2.0,30.897008256993615,121.90654675723084,2019-07-18-23-37-25
1.0,30.897008053101864,121.90704671829664,2019-07-18-23-37-25
1.0,30.89700783795714,121.90754666632681,2019-07-18-23-37-25
1.0,30.897007611552578,121.90804660131286,2019-07-18-23-37-25
2.0,30.897259741642372,121.90004606273335,2019-07-18-23-37-25
1.0,30.89725948783212,121.90179645898131,2019-07-18-23-37-25
1.0,30.897259440467707,121.90204650272892,2019-07-18-23-37-25
1.0,30.897259281667697,121.9027966146258,2019-07-18-23-37-25
1.0,30.897258813431673,121.90454676257312,2019-07-18-23-37-25
1.0,30.897258484280542,121.9055467757856,2019-07-18-23-37-25
1.0,30.897258302870256,121.90604676289273,2019-07-18-23-37-25
1.0,30.897258110223564,121.90654673698441,2019-07-18-23-37-25
1.0,30.897257906331706,121.90704669804998,2019-07-18-23-37-25
1.0,30.897506467150528,121.8852866070689,2019-07-18-23-37-25
1.0,30.89750784600272,121.88828938533146,2019-07-18-23-37-25
1.0,30.897509015076064,121.90329665283238,2019-07-18-23-37-25
1.0,30.897508741930086,121.90429673090905,2019-07-18-23-37-25
1.0,30.897508248196118,121.90579675071906,2019-07-18-23-37-25
1.0,30.897508156086957,121.90604674264631,2019-07-18-23-37-25
1.0,30.897507759548198,121.90704667780314,2019-07-18-23-37-25
1.0,30.89750754440326,121.90754662583277,2019-07-18-23-37-25
1.0,30.897500193228165,121.91829235015848,2019-07-18-23-37-25
1.0,30.897759557778482,121.89854555774427,2019-07-18-23-37-25
1.0,30.897758441769838,121.90479673025463,2019-07-18-23-37-25
1.0,30.897758360884655,121.90504673518234,2019-07-18-23-37-25
1.0,30.898009000080545,121.90204644199024,2019-07-18-23-37-25
1.0,30.898008448324397,121.90429669041652,2019-07-18-23-37-25
1.0,30.898007250796198,121.907546585338,2019-07-18-23-37-25
1.0,30.89800586609228,121.91029606616104,2019-07-18-23-37-25
1.0,30.89825841283422,121.89129167306825,2019-07-18-23-37-25
1.0,30.898258694457716,121.9027965336409,2019-07-18-23-37-25
1.0,30.898258510555333,121.90354661646937,2019-07-18-23-37-25
1.0,30.898255719268374,121.91029604591131,2019-07-18-23-37-25
1.0,30.898508001301604,121.90479666951478,2019-07-18-23-37-25
1.0,30.898505284016966,121.91079588880012,2019-07-18-23-37-25
1.0,30.898734351569082,121.86250281641857,2019-07-18-23-37-25
1.0,30.89875777356723,121.90504665419529,2019-07-18-23-37-25
1.0,30.89875768987781,121.90529665587503,2019-07-18-23-37-25
1.0,30.898757128784673,121.90679659766298,2019-07-18-23-37-25
1.0,30.898756698492043,121.90779649371747,2019-07-18-23-37-25
1.0,30.8990075430157,121.90529663562775,2019-07-18-23-37-25
1.0,30.899006772404086,121.90729653196227,2019-07-18-23-37-25
1.0,30.89925517404904,121.88478596112368,2019-07-18-23-37-25
1.0,30.899256516548668,121.90754648409786,2019-07-18-23-37-25
1.0,30.899507960150093,121.90279643240565,2019-07-18-23-37-25
1.0,30.899505782521334,121.90879627683286,2019-07-18-23-37-25
1.0,30.899502546923244,121.91404459959115,2019-07-18-23-37-25
1.0,30.8997568113942,121.88903983081204,2019-07-18-23-37-25
1.0,30.899754695253648,121.91054585761127,2019-07-18-23-37-25
1.0,30.90000584943886,121.90804635833405,2019-07-18-23-37-25
1.0,30.900004968270643,121.90979602795097,2019-07-18-23-37-25
1.0,30.900254025884816,121.88378483722448,2019-07-18-23-37-25
1.0,30.900256026319223,121.88778872895351,2019-07-18-23-37-25
1.0,30.900256144063828,121.90704645507576,2019-07-18-23-37-25
1.0,30.900505997124302,121.90704643482671,2019-07-18-23-37-25
1.0,30.900504674403162,121.90979598744931,2019-07-18-23-37-25
1.0,30.90050439726853,121.91029586365552,2019-07-18-23-37-25
1.0,30.900756428125376,121.90554649232142,2019-07-18-23-37-25
1.0,30.90075552323064,121.9077963317255,2019-07-18-23-37-25
1.0,30.9010063676562,121.90529647364292,2019-07-18-23-37-25
1.0,30.901005376265704,121.90779631147569,2019-07-18-23-37-25
1.0,30.901004103350232,121.91029582315223,2019-07-18-23-37-25
1.0,30.900995423053438,121.92104000671092,2019-07-18-23-37-25
1.0,30.90125583666828,121.8887895029551,2019-07-18-23-37-25
1.0,30.901256020222725,121.88928991252475,2019-07-18-23-37-25
1.0,30.901256385255124,121.9047964467879,2019-07-18-23-37-25
1.0,30.90125613418391,121.90554645182361,2019-07-18-23-37-25
1.0,30.901255229288225,121.90779629122568,2019-07-18-23-37-25
1.0,30.90125511467719,121.90804625708509,2019-07-18-23-37-25
1.0,30.901244746541085,121.92153957005614,2019-07-18-23-37-25
1.0,30.901504965883092,121.88703795509805,2019-07-18-23-37-25
1.0,30.90150518553615,121.88753840641816,2019-07-18-23-37-25
1.0,30.90150620908744,121.890290675248,2019-07-18-23-37-25
1.0,30.901506433471358,121.89104123067082,2019-07-18-23-37-25
1.0,30.901506157379803,121.90504643146582,2019-07-18-23-37-25
1.0,30.901505987194408,121.90554643157444,2019-07-18-23-37-25
1.0,30.901497842884265,121.91829202595709,2019-07-18-23-37-25
1.0,30.90175396992451,121.88528626249638,2019-07-18-23-37-25
1.0,30.901754225145723,121.88578675494598,2019-07-18-23-37-25
1.0,30.90175458901435,121.88653747169413,2019-07-18-23-37-25
2.0,30.901754929991824,121.88728816197231,2019-07-18-23-37-25
1.0,30.90175514451942,121.88778860736628,2019-07-18-23-37-25
1.0,30.901755635759802,121.88903966871662,2019-07-18-23-37-25
1.0,30.90175589938661,121.88979026953562,2019-07-18-23-37-25
1.0,30.901756062088936,121.89029065498767,2019-07-18-23-37-25
2.0,30.901756214307028,121.89079102831164,2019-07-18-23-37-25
1.0,30.90175651777937,121.90329630862358,2019-07-18-23-37-25
1.0,30.90175351958112,121.91054569559616,2019-07-18-23-37-25
2.0,30.90200420195953,121.88603697652331,2019-07-18-23-37-25
2.0,30.902004323250896,121.88628721544211,2019-07-18-23-37-25
2.0,30.902004442004362,121.88653745142632,2019-07-18-23-37-25
1.0,30.902004558214333,121.88678768446937,2019-07-18-23-37-25
1.0,30.90200467187526,121.88703791456476,2019-07-18-23-37-25
1.0,30.902004782981653,121.8872881417061,2019-07-18-23-37-25
1.0,30.902004891528073,121.88753836588697,2019-07-18-23-37-25
1.0,30.90200548874921,121.88903964845387,2019-07-18-23-37-25
1.0,30.902005752375842,121.88979024927423,2019-07-18-23-37-25
1.0,30.902005915078046,121.89029063472715,2019-07-18-23-37-25
2.0,30.90200606729602,121.89079100805196,2019-07-18-23-37-25
1.0,30.902006783135253,121.90129597711878,2019-07-18-23-37-25
1.0,30.902006097615686,121.90429636644996,2019-07-18-23-37-25
1.0,30.902006022333328,121.90454637786736,2019-07-18-23-37-25
1.0,30.902254054937334,121.88603695625422,2019-07-18-23-37-25
3.0,30.90225429498204,121.88653743115833,2019-07-18-23-37-25
2.0,30.90225441119195,121.88678766420192,2019-07-18-23-37-25
1.0,30.902254635959153,121.88728812143971,2019-07-18-23-37-25
1.0,30.902255432204992,121.88928983147596,2019-07-18-23-37-25
1.0,30.90225568801192,121.89004042325277,2019-07-18-23-37-25
1.0,30.90225576805482,121.89029061446645,2019-07-18-23-37-25
1.0,30.902256594303754,121.90154600705576,2019-07-18-23-37-25
1.0,30.90225587530689,121.90454635761786,2019-07-18-23-37-25
1.0,30.90225475304943,121.90754624110288,2019-07-18-23-37-25
1.0,30.902253368335884,121.91029572189078,2019-07-18-23-37-25
1.0,30.902503784079375,121.88578669413702,2019-07-18-23-37-25
1.0,30.90250390790286,121.88603693598495,2019-07-18-23-37-25
2.0,30.902504029194105,121.88628717490485,2019-07-18-23-37-25
4.0,30.90250414794745,121.88653741089016,2019-07-18-23-37-25
1.0,30.902504264157297,121.88678764393428,2019-07-18-23-37-25
1.0,30.902504377818104,121.88703787403075,2019-07-18-23-37-25
1.0,30.902504488924375,121.88728810117313,2019-07-18-23-37-25
1.0,30.902504597470674,121.88753832535504,2019-07-18-23-37-25
1.0,30.902505285169735,121.88928981121332,2019-07-18-23-37-25
1.0,30.90250545831736,121.88979020875091,2019-07-18-23-37-25
1.0,30.90250554097648,121.89004040299145,2019-07-18-23-37-25
1.0,30.90250644726569,121.90154598680594,2019-07-18-23-37-25
1.0,30.902506196512107,121.9027961894224,2019-07-18-23-37-25
1.0,30.90250587603352,121.90404631129095,2019-07-18-23-37-25
1.0,30.86049137312379,121.94001873251871,2019-07-18-23-37-25
1.0,30.862772206608554,121.91629641609431,2019-07-18-23-37-25
1.0,30.865771086212778,121.91554658897392,2019-07-18-23-37-25
1.0,30.865770884264577,121.9157964536698,2019-07-18-23-37-25
1.0,30.866021336991736,121.91504682958008,2019-07-18-23-37-25
1.0,30.866020941526372,121.91554656874098,2019-07-18-23-37-25
1.0,30.866270796820046,121.91554654850785,2019-07-18-23-37-25
1.0,30.86676265987555,121.92354057281783,2019-07-18-23-37-25
1.0,30.86701251510826,121.92354055256666,2019-07-18-23-37-25
1.0,30.879187741071952,121.95947530811351,2019-07-18-23-37-25
1.0,30.879187113920672,121.95972467902754,2019-07-18-23-37-25
1.0,30.881013005440586,121.91454586316888,2019-07-18-23-37-25
1.0,30.88151362511002,121.91329638523167,2019-07-18-23-37-25
1.0,30.8815129017017,121.91429594171896,2019-07-18-23-37-25
1.0,30.88176294093797,121.91404603725006,2019-07-18-23-37-25
1.0,30.881762567970696,121.91454580244081,2019-07-18-23-37-25
1.0,30.882262276240805,121.91454576195451,2019-07-18-23-37-25
1.0,30.882761204749375,121.91554521271748,2019-07-18-23-37-25
1.0,30.882733818271255,121.93702195581682,2019-07-18-23-37-25
1.0,30.88301239375073,121.91379604854917,2019-07-18-23-37-25
1.0,30.88326091288723,121.91554517222654,2019-07-18-23-37-25
1.0,30.88323133588916,121.93826986879458,2019-07-18-23-37-25
1.0,30.883511546627616,121.91454566073557,2019-07-18-23-37-25
1.0,30.88351116240382,121.91504541287647,2019-07-18-23-37-25
2.0,30.88351076693164,121.91554515198081,2019-07-18-23-37-25
1.0,30.883510360219468,121.91604487805785,2019-07-18-23-37-25
1.0,30.883507443351835,121.91929278083627,2019-07-18-23-37-25
1.0,30.88376158854739,121.91429575952988,2019-07-18-23-37-25
1.0,30.883761209950542,121.9147955181914,2019-07-18-23-37-25
1.0,30.88376021424751,121.91604485781109,2019-07-18-23-37-25
1.0,30.883662875213986,121.96795248024779,2019-07-18-23-37-25
1.0,30.88401198934207,121.9135460768268,2019-07-18-23-37-25
1.0,30.884011809897306,121.91379596757658,2019-07-18-23-37-25
1.0,30.884011627636227,121.91404585506262,2019-07-18-23-37-25
1.0,30.884011442559554,121.91429573928573,2019-07-18-23-37-25
1.0,30.884011063962607,121.9147954979465,2019-07-18-23-37-25
1.0,30.8840104749717,121.91554511148878,2019-07-18-23-37-25
1.0,30.884010068259332,121.91604483756413,2019-07-18-23-37-25
1.0,30.88426052810923,121.91529522332056,2019-07-18-23-37-25
1.0,30.88476118957607,121.91404579433019,2019-07-18-23-37-25
1.0,30.885011043523928,121.91404577408568,2019-07-18-23-37-25
1.0,30.88501047984972,121.91479541696506,2019-07-18-23-37-25
1.0,30.885007745095905,121.91804353081052,2019-07-18-23-37-25
1.0,30.885007282342528,121.91854319192201,2019-07-18-23-37-25
1.0,30.885260140262698,121.91504527115684,2019-07-18-23-37-25
1.0,30.885258050596793,121.91754383648363,2019-07-18-23-37-25
1.0,30.885158582211748,121.96919888373411,2019-07-18-23-37-25
1.0,30.885510378403083,121.91454549877575,2019-07-18-23-37-25
1.0,30.88550722296258,121.91829332248157,2019-07-18-23-37-25
1.0,30.88576023230313,121.91454547852994,2019-07-18-23-37-25
1.0,30.885757758411582,121.91754379598191,2019-07-18-23-37-25
1.0,30.885755638369986,121.91979222732009,2019-07-18-23-37-25
1.0,30.886010997491145,121.91329602086414,2019-07-18-23-37-25
1.0,30.886010820862964,121.91354591487563,2019-07-18-23-37-25
1.0,30.886010459156335,121.9140456931058,2019-07-18-23-37-25
1.0,30.88601027407927,121.91429557732599,2019-07-18-23-37-25
1.0,30.886010086187387,121.91454545828397,2019-07-18-23-37-25
1.0,30.88600783388224,121.91729393382808,2019-07-18-23-37-25
1.0,30.886007612295256,121.91754377573078,2019-07-18-23-37-25
1.0,30.8862608513599,121.91329600061975,2019-07-18-23-37-25
1.0,30.886260674731673,121.91354589463091,2019-07-18-23-37-25
2.0,30.886259749349996,121.91479531573414,2019-07-18-23-37-25
1.0,30.88625833570066,121.91654436838382,2019-07-18-23-37-25
1.0,30.88625790653646,121.91704406842832,2019-07-18-23-37-25
1.0,30.886257241776924,121.91779359413674,2019-07-18-23-37-25
1.0,30.886257014593046,121.91804342955086,2019-07-18-23-37-25
1.0,30.886256551839196,121.91854309065731,2019-07-18-23-37-25
1.0,30.886510349139428,121.9137957651323,2019-07-18-23-37-25
1.0,30.886510166877855,121.91404565261477,2019-07-18-23-37-25
1.0,30.886507760388792,121.91704404817776,2019-07-18-23-37-25
1.0,30.886506638465317,121.91829324147075,2019-07-18-23-37-25
1.0,30.88650569062198,121.91929253778751,2019-07-18-23-37-25
1.0,30.886758043389875,121.91654432788434,2019-07-18-23-37-25
1.0,30.88675783020954,121.91679417953067,2019-07-18-23-37-25
1.0,30.886757614225484,121.91704402792702,2019-07-18-23-37-25
1.0,30.886754552029,121.92029176215456,2019-07-18-23-37-25
1.0,30.88700789721108,121.91654430763433,2019-07-18-23-37-25
1.0,30.887007468046594,121.9170440076761,2019-07-18-23-37-25
1.0,30.887004907629308,121.91979212603927,2019-07-18-23-37-25
1.0,30.887258774817,121.91529498035577,2019-07-18-23-37-25
1.0,30.887258168961008,121.91604457433722,2019-07-18-23-37-25
1.0,30.88725525208407,121.9192924770212,2019-07-18-23-37-25
1.0,30.887254761434356,121.91979210578255,2019-07-18-23-37-25
1.0,30.88725425965445,121.92029172163906,2019-07-18-23-37-25
1.0,30.88751012046936,121.91329589939512,2019-07-18-23-37-25
1.0,30.887505585376882,121.91879281508169,2019-07-18-23-37-25
1.0,30.88750486194116,121.91954227275984,2019-07-18-23-37-25
1.0,30.887504113443935,121.92029170138105,2019-07-18-23-37-25
1.0,30.8874981777137,121.92553689433642,2019-07-18-23-37-25
1.0,30.887759797616233,121.91354577315876,2019-07-18-23-37-25
1.0,30.8877580812875,121.91579467243453,2019-07-18-23-37-25
1.0,30.888007522716574,121.9162943717368,2019-07-18-23-37-25
1.0,30.88825043134595,121.92328906589259,2019-07-18-23-37-25
1.0,30.888248661024317,121.92478760615937,2019-07-18-23-37-25
1.0,30.888246471564514,121.92653575920777,2019-07-18-23-37-25
1.0,30.888495675341844,121.92703518293688,2019-07-18-23-37-25
1.0,30.888755089662258,121.91854288811417,2019-07-18-23-37-25
1.0,30.889248075842314,121.92478752507664,2019-07-18-23-37-25
1.0,30.890482661741395,121.93502444932687,2019-07-18-23-37-25
1.0,30.891745061511603,121.92603601879964,2019-07-18-23-37-25
1.0,30.892007309488225,121.91354542895192,2019-07-18-23-37-25
1.0,30.89198460228693,121.93327690532409,2019-07-18-23-37-25
1.0,30.892483516624115,121.9337761430898,2019-07-18-23-37-25
1.0,30.892984408668127,121.93302718043462,2019-07-18-23-37-25
1.0,30.894749611783823,121.92054091689647,2019-07-18-23-37-25
1.0,30.894746335250563,121.92353830354976,2019-07-18-23-37-25
1.0,30.89499946513355,121.92054089663237,2019-07-18-23-37-25
1.0,30.897500193228165,121.91829235015848,2019-07-18-23-37-25
1.0,30.899502546923244,121.91404459959115,2019-07-18-23-37-25
1.0,30.900995423053438,121.92104000671092,2019-07-18-23-37-25
1.0,30.901244746541085,121.92153957005614,2019-07-18-23-37-25
1.0,30.901497842884265,121.91829202595709,2019-07-18-23-37-25
1.0,30.892077105613552,121.49346486194607,2019-07-18-23-37-25
1.0,30.892098893161684,121.50074097115171,2019-07-18-23-37-25
1.0,30.892212750790314,121.45157858769213,2019-07-18-23-37-25
1.0,30.89221387855553,121.45207993067469,2019-07-18-23-37-25
1.0,30.892215014433052,121.45258128331697,2019-07-18-23-37-25
1.0,30.8922237846342,121.45634172739379,2019-07-18-23-37-25
1.0,30.892230485015492,121.45909970725349,2019-07-18-23-37-25
1.0,30.892326207749893,121.49321394140004,2019-07-18-23-37-25
1.0,30.892470077896068,121.45483746614686,2019-07-18-23-37-25
1.0,30.892483455365824,121.46035339820364,2019-07-18-23-37-25
1.0,30.89251050069477,121.47063562385293,2019-07-18-23-37-25
1.0,30.892573056869324,121.49221032442759,2019-07-18-23-37-25
1.0,30.8925888423184,121.4974792286652,2019-07-18-23-37-25
1.0,30.892612772974942,121.50550794638751,2019-07-18-23-37-25
1.0,30.892767300158884,121.47314388407094,2019-07-18-23-37-25
1.0,30.89277507122648,121.47590315242583,2019-07-18-23-37-25
1.0,30.892843203367963,121.49898461105168,2019-07-18-23-37-25
1.0,30.892868543706474,121.50751503924734,2019-07-18-23-37-25
1.0,30.893012278971913,121.4713880505818,2019-07-18-23-37-25
1.0,30.89301645382493,121.47289302831352,2019-07-18-23-37-25
1.0,30.893060782643484,121.48819595101249,2019-07-18-23-37-25
1.0,30.89307276398643,121.49221028240767,2019-07-18-23-37-25
1.0,30.893097558064017,121.50048998842136,2019-07-18-23-37-25
1.0,30.893112480083,121.50550790460807,2019-07-18-23-37-25
1.0,30.893118397252692,121.50751501837547,2019-07-18-23-37-25
1.0,30.893119134265753,121.50776590483109,2019-07-18-23-37-25
1.0,30.893204503838305,121.4480693787418,2019-07-18-23-37-25
1.0,30.893225609957074,121.45734451354424,2019-07-18-23-37-25
1.0,30.893239376260286,121.46286091057165,2019-07-18-23-37-25
1.0,30.89330914433431,121.48769414643832,2019-07-18-23-37-25
1.0,30.893359362318346,121.50450431362022,2019-07-18-23-37-25
1.0,30.89339570992272,121.51704809317005,2019-07-18-23-37-25
1.0,30.89339641428201,121.51729894419337,2019-07-18-23-37-25
1.0,30.893453826123096,121.44781872469264,2019-07-18-23-37-25
1.0,30.89348922979317,121.46286088931078,2019-07-18-23-37-25
1.0,30.89348987479595,121.46311165769833,2019-07-18-23-37-25
1.0,30.89349707240321,121.46587023310553,2019-07-18-23-37-25
1.0,30.893609959385476,121.50475518599121,2019-07-18-23-37-25
1.0,30.893636312272314,121.51378690528988,2019-07-18-23-37-25
1.0,30.893637029814354,121.51403777077114,2019-07-18-23-37-25
1.0,30.89370421089932,121.44806933601181,2019-07-18-23-37-25
1.0,30.893727757309705,121.45834737728053,2019-07-18-23-37-25
1.0,30.893728371880677,121.45859810923848,2019-07-18-23-37-25
1.0,30.893746264022713,121.46561942318678,2019-07-18-23-37-25
1.0,30.89383735832994,121.4972282230242,2019-07-18-23-37-25
1.0,30.893873835623456,121.50952202804591,2019-07-18-23-37-25
1.0,30.893886883315922,121.51403774995622,2019-07-18-23-37-25
1.0,30.89388759991709,121.51428861441268,2019-07-18-23-37-25
1.0,30.89388903024793,121.51479034018759,2019-07-18-23-37-25
1.0,30.89389541693794,121.51704805159234,2019-07-18-23-37-25
1.0,30.893956753013423,121.44932251653306,2019-07-18-23-37-25
2.0,30.893991526326385,121.4638639317508,2019-07-18-23-37-25
1.0,30.894087211823155,121.49722820205884,2019-07-18-23-37-25
1.0,30.894100716201464,121.50174439711871,2019-07-18-23-37-25
1.0,30.89416853150202,121.5255762048343,2019-07-18-23-37-25
1.0,30.8942546871356,121.4688797678101,2019-07-18-23-37-25
1.0,30.894298167068502,121.48418164447382,2019-07-18-23-37-25
1.0,30.894411025095216,121.52281725311566,2019-07-18-23-37-25
1.0,30.89448607989295,121.46185775001099,2019-07-18-23-37-25
1.0,30.894553946520368,121.48618870394542,2019-07-18-23-37-25
1.0,30.89455617715112,121.48694136993554,2019-07-18-23-37-25
1.0,30.894806030606023,121.4869413488767,2019-07-18-23-37-25
1.0,30.894856994754836,121.50400240026163,2019-07-18-23-37-25
1.0,30.894857739212217,121.50425329446978,2019-07-18-23-37-25
1.0,30.89498199049368,121.46035318540173,2019-07-18-23-37-25
1.0,30.89501041531791,121.47113705648411,2019-07-18-23-37-25
1.0,30.895050686120342,121.48518511601344,2019-07-18-23-37-25
1.0,30.89505662850436,121.48719221767325,2019-07-18-23-37-25
1.0,30.895100877940088,121.5019952110582,2019-07-18-23-37-25
1.0,30.89518085769585,121.53059183593525,2019-07-18-23-37-25
1.0,30.895231843929807,121.46035316412046,2019-07-18-23-37-25
1.0,30.895312452180708,121.48919933470414,2019-07-18-23-37-25
1.0,30.895440574968895,121.4418041661388,2019-07-18-23-37-25
1.0,30.895442496469837,121.44280645527071,2019-07-18-23-37-25
1.0,30.895566048209854,121.49045379006243,2019-07-18-23-37-25
1.0,30.895572049610713,121.49246097095212,2019-07-18-23-37-25
1.0,30.89569234988403,121.44280643387233,2019-07-18-23-37-25
2.0,30.895698336327925,121.4458135646892,2019-07-18-23-37-25
1.0,30.895730923955288,121.46010237495213,2019-07-18-23-37-25
1.0,30.895732809482112,121.4608546208837,2019-07-18-23-37-25
1.0,30.895803213658386,121.48618859861564,2019-07-18-23-37-25
1.0,30.89581590160856,121.49045376903439,2019-07-18-23-37-25
1.0,30.89581665098511,121.49070466549782,2019-07-18-23-37-25
1.0,30.895846695549473,121.50074065714847,2019-07-18-23-37-25
1.0,30.895849690254458,121.50174425064199,2019-07-18-23-37-25
1.0,30.89588499328607,121.51378671792901,2019-07-18-23-37-25
1.0,30.89595721931559,121.45007429724454,2019-07-18-23-37-25
1.0,30.895982662877064,121.4608545996056,2019-07-18-23-37-25
1.0,30.8960523244586,121.48593769010975,2019-07-18-23-37-25
1.0,30.896083783817716,121.496475331637,2019-07-18-23-37-25
1.0,30.896095049923947,121.50023883792744,2019-07-18-23-37-25
2.0,30.896226291748434,121.45834716432037,2019-07-18-23-37-25
1.0,30.896230630732113,121.46010233238447,2019-07-18-23-37-25
1.0,30.896345652922683,121.5004897162482,2019-07-18-23-37-25
1.0,30.89640370785204,121.52055964319169,2019-07-18-23-37-25
1.0,30.896546109571723,121.48393057283847,2019-07-18-23-37-25
2.0,30.89669031875734,121.4420546272267,2019-07-18-23-37-25
1.0,30.89670405882624,121.44882099314883,2019-07-18-23-37-25
1.0,30.896712947919216,121.45283157921213,2019-07-18-23-37-25
1.0,30.896854331647347,121.50350044325697,2019-07-18-23-37-25
1.0,30.896901343392255,121.51980709483573,2019-07-18-23-37-25
1.0,30.89697040237122,121.45609061017204,2019-07-18-23-37-25
1.0,30.89702329251306,121.47615364302717,2019-07-18-23-37-25
1.0,30.897051737869987,121.48593760583269,2019-07-18-23-37-25
1.0,30.897097460260163,121.50124234979226,2019-07-18-23-37-25
1.0,30.897206486105016,121.45007419047153,2019-07-18-23-37-25
1.0,30.897223872204925,121.45759489605183,2019-07-18-23-37-25
1.0,30.897228174052497,121.45935001977357,2019-07-18-23-37-25
1.0,30.897255656330007,121.46988276547178,2019-07-18-23-37-25
1.0,30.897272433121614,121.47590277161929,2019-07-18-23-37-25
1.0,30.897452012095766,121.44806901551168,2019-07-18-23-37-25
1.0,30.897469512780674,121.45583985745341,2019-07-18-23-37-25
1.0,30.897478648990166,121.45960073890134,2019-07-18-23-37-25
1.0,30.897479272350708,121.45985148139825,2019-07-18-23-37-25
1.0,30.89758365571286,121.49672610671058,2019-07-18-23-37-25
1.0,30.897596418046433,121.50099140939433,2019-07-18-23-37-25
1.0,30.897638969242223,121.51554260874073,2019-07-18-23-37-25
1.0,30.897839520830548,121.49873329170008,2019-07-18-23-37-25
1.0,30.898003849402475,121.46938107254469,2019-07-18-23-37-25
1.0,30.898006588198488,121.4703843373778,2019-07-18-23-37-25
1.0,30.898017738195616,121.47439763282884,2019-07-18-23-37-25
1.0,30.89827398737856,121.47665524139109,2019-07-18-23-37-25
1.0,30.898338476323318,121.49848234931929,2019-07-18-23-37-25
1.0,30.898495468343818,121.46637139104624,2019-07-18-23-37-25
1.0,30.898504922755247,121.46988265942892,2019-07-18-23-37-25
1.0,30.898521699536847,121.47590266582849,2019-07-18-23-37-25
1.0,30.89855308679205,121.48669014366774,2019-07-18-23-37-25
1.0,30.89855383079978,121.48694103297085,2019-07-18-23-37-25
1.0,30.898565787112723,121.49095533104854,2019-07-18-23-37-25
1.0,30.89856653698363,121.4912062282393,2019-07-18-23-37-25
1.0,30.898697089857894,121.44606391987024,2019-07-18-23-37-25
1.0,30.89869760570777,121.4463145342863,2019-07-18-23-37-25
1.0,30.898718184815205,121.4555890430235,2019-07-18-23-37-25
1.0,30.89873041913033,121.46060361483242,2019-07-18-23-37-25
1.0,30.898745321590724,121.46637136980873,2019-07-18-23-37-25
1.0,30.89899717794112,121.4671237357125,2019-07-18-23-37-25
1.0,30.899210909804637,121.45258068587408,2019-07-18-23-37-25
1.0,30.899211480760595,121.45283136583892,2019-07-18-23-37-25
1.0,30.899216708282843,121.45508759148514,2019-07-18-23-37-25
1.0,30.89921848562471,121.45583970823631,2019-07-18-23-37-25
1.0,30.899220279953447,121.45659184525668,2019-07-18-23-37-25
1.0,30.899251075262345,121.46862853440926,2019-07-18-23-37-25
1.0,30.899251754055367,121.46887934349253,2019-07-18-23-37-25
1.0,30.8994642185785,121.45408477987026,2019-07-18-23-37-25
1.0,30.899467744488707,121.4555889790662,2019-07-18-23-37-25
1.0,30.899468338836247,121.4558396869188,2019-07-18-23-37-25
1.0,30.899977181418432,121.45960052600402,2019-07-18-23-37-25
1.0,30.899981580850106,121.46135576659408,2019-07-18-23-37-25
1.0,30.899982216083792,121.46160652332402,2019-07-18-23-37-25
1.0,30.90012961956898,121.51278289184619,2019-07-18-23-37-25
1.0,30.900190195284566,121.4430566279164,2019-07-18-23-37-25
1.0,30.900190683830818,121.44330720992373,2019-07-18-23-37-25
1.0,30.90022828303724,121.46010199181478,2019-07-18-23-37-25
1.0,30.900233984840032,121.46235878408727,2019-07-18-23-37-25
1.0,30.900276400705955,121.47790935307187,2019-07-18-23-37-25
1.0,30.900307276215898,121.48844623318541,2019-07-18-23-37-25
1.0,30.900320012940373,121.49271147068262,2019-07-18-23-37-25
1.0,30.900437640732527,121.44180373801989,2019-07-18-23-37-25
1.0,30.900442514276616,121.44430954397292,2019-07-18-23-37-25
1.0,30.900502381540473,121.46938086040718,2019-07-18-23-37-25
2.0,30.900599144949773,121.50249654510445,2019-07-18-23-37-25
1.0,30.9006894153795,121.44280600586319,2019-07-18-23-37-25
1.0,30.90071582736235,121.45508746354525,2019-07-18-23-37-25
1.0,30.90079953628835,121.48593728976611,2019-07-18-23-37-25
1.0,30.900800278873056,121.48618817724802,2019-07-18-23-37-25
1.0,30.900852728616147,121.50375100378822,2019-07-18-23-37-25
1.0,30.90094073414966,121.44355773048702,2019-07-18-23-37-25
1.0,30.900942720623934,121.4445600968604,2019-07-18-23-37-25
1.0,30.900943222960045,121.44481069524156,2019-07-18-23-37-25
1.0,30.900955942122057,121.4508258442743,2019-07-18-23-37-25
1.0,30.900999370000115,121.46837757839201,2019-07-18-23-37-25
1.0,30.901023088138214,121.47690586258446,2019-07-18-23-37-25
1.0,30.901027401595524,121.47841100990104,2019-07-18-23-37-25
1.0,30.90106957234773,121.49271140764809,2019-07-18-23-37-25
1.0,30.90108460737704,121.49772941668958,2019-07-18-23-37-25
1.0,30.901191080449195,121.44380829659315,2019-07-18-23-37-25
1.0,30.901192573750393,121.44456007546789,2019-07-18-23-37-25
1.0,30.901195621686497,121.44606370604448,2019-07-18-23-37-25
1.0,30.901217310961215,121.45583953769066,2019-07-18-23-37-25
1.0,30.901299985111443,121.486188135107,2019-07-18-23-37-25
1.0,30.901351689529417,121.50350006683077,2019-07-18-23-37-25
1.0,30.901443940679652,121.44531185731084,2019-07-18-23-37-25
1.0,30.90144755151111,121.44706615821154,2019-07-18-23-37-25
1.0,30.90147505876698,121.4590989194507,2019-07-18-23-37-25
1.0,30.90147567864053,121.45934965780816,2019-07-18-23-37-25
1.0,30.901476300262058,121.45960039825619,2019-07-18-23-37-25
1.0,30.901493706462148,121.46637113618306,2019-07-18-23-37-25
1.0,30.901497725414803,121.46787592591598,2019-07-18-23-37-25
1.0,30.901508678723598,121.47188898355644,2019-07-18-23-37-25
1.0,30.901541699386435,121.4834283895116,2019-07-18-23-37-25
1.0,30.90168738321936,121.44205419911617,2019-07-18-23-37-25
1.0,30.901690786665313,121.44380825379868,2019-07-18-23-37-25
1.0,30.901693286909524,121.44506123215095,2019-07-18-23-37-25
1.0,30.90169532790125,121.44606366327695,2019-07-18-23-37-25
1.0,30.90169898527597,121.44781801948803,2019-07-18-23-37-25
1.0,30.901720017021137,121.45709306795268,2019-07-18-23-37-25
1.0,30.901742894732543,121.46612032267484,2019-07-18-23-37-25
1.0,30.901744225828853,121.46662190895395,2019-07-18-23-37-25
1.0,30.901749606766177,121.46862832220073,2019-07-18-23-37-25
1.0,30.901754385924708,121.47038401928751,2019-07-18-23-37-25
1.0,30.901790816093104,121.48317748882145,2019-07-18-23-37-25
1.0,30.901937715513103,121.4423047486407,2019-07-18-23-37-25
1.0,30.901943139998682,121.44506121076083,2019-07-18-23-37-25
1.0,30.90194778239909,121.44731674040688,2019-07-18-23-37-25
1.0,30.9019553545458,121.45082575886022,2019-07-18-23-37-25
1.0,30.9019564700015,121.45132708732635,2019-07-18-23-37-25
1.0,30.901959865402013,121.45283113110557,2019-07-18-23-37-25
1.0,30.90196746648991,121.45609018385534,2019-07-18-23-37-25
1.0,30.90199878240136,121.46837749349733,2019-07-18-23-37-25
1.0,30.90218950879685,121.44330703872413,2019-07-18-23-37-25
1.0,30.9021919861324,121.44455998989586,2019-07-18-23-37-25
1.0,30.902199222690403,121.44806860948096,2019-07-18-23-37-25
1.0,30.902199756107777,121.44831924479693,2019-07-18-23-37-25
1.0,30.90220465299795,121.45057507696687,2019-07-18-23-37-25
1.0,30.902210866379487,121.45333247687527,2019-07-18-23-37-25
1.0,30.902212603077597,121.45408454522934,2019-07-18-23-37-25
1.0,30.902226482874976,121.45985107691192,2019-07-18-23-37-25
1.0,30.902440345897148,121.44380818960549,2019-07-18-23-37-25
1.0,30.90244084137173,121.44405877985004,2019-07-18-23-37-25
1.0,30.90244854450415,121.44781795536784,2019-07-18-23-37-25
1.0,30.90244960917144,121.44831922342651,2019-07-18-23-37-25
1.0,30.90245014474768,121.4485698613109,2019-07-18-23-37-25
1.0,30.90245230847318,121.44957243832087,2019-07-18-23-37-25
1.0,30.90245395351966,121.45032439754728,2019-07-18-23-37-25
1.0,30.90245729981477,121.45182838288329,2019-07-18-23-37-25
1.0,30.90245786471273,121.45207905565626,2019-07-18-23-37-25
1.0,30.90246187527343,121.45383383209995,2019-07-18-23-37-25
1.0,30.902464799051792,121.45508731427309,2019-07-18-23-37-25
1.0,30.902477587824862,121.46035254687798,2019-07-18-23-37-25
1.0,30.902478846541673,121.46085404630601,2019-07-18-23-37-25
1.0,30.90248849602177,121.46461554261633,2019-07-18-23-37-25
1.0,30.902532320134622,121.48041780638073,2019-07-18-23-37-25
1.0,30.90257695933355,121.49547118265212,2019-07-18-23-37-25
1.0,30.90257771131613,121.49572208348255,2019-07-18-23-37-25
1.0,30.902578463292183,121.49597298436944,2019-07-18-23-37-25
1.0,30.902606904828055,121.50550711065281,2019-07-18-23-37-25
1.0,30.90268921491506,121.44330699592224,2019-07-18-23-37-25
1.0,30.902691692249853,121.44455994710867,2019-07-18-23-37-25
1.0,30.902693715191344,121.44556235682371,2019-07-18-23-37-25
1.0,30.90269474018322,121.44606357773951,2019-07-18-23-37-25
1.0,30.902699997799093,121.44856983994185,2019-07-18-23-37-25
1.0,30.90270216152429,121.44957241695828,2019-07-18-23-37-25
1.0,30.90270270776812,121.44982306753116,2019-07-18-23-37-25
1.0,30.90270325611976,121.4500737206116,2019-07-18-23-37-25
1.0,30.902704359111713,121.45057503425495,2019-07-18-23-37-25
1.0,30.902705470430163,121.45107635780725,2019-07-18-23-37-25
1.0,30.902707152865176,121.45182836153555,2019-07-18-23-37-25
1.0,30.90270771776306,121.4520790343102,2019-07-18-23-37-25
1.0,30.90271172832321,121.45383381076584,2019-07-18-23-37-25
1.0,30.90271230918917,121.4540845025648,2019-07-18-23-37-25
1.0,30.902714652101178,121.45508729294771,2019-07-18-23-37-25
1.0,30.902716429439714,121.45583940977315,2019-07-18-23-37-25
1.0,30.90277205969147,121.47690571451564,2019-07-18-23-37-25
1.0,30.90279391638636,121.48443181021692,2019-07-18-23-37-25
1.0,30.90279613624386,121.48518446260111,2019-07-18-23-37-25
1.0,30.902910738642376,121.52457225390869,2019-07-18-23-37-25
1.0,30.902936171697707,121.44180352393067,2019-07-18-23-37-25
1.0,30.902941545290382,121.44455992571477,2019-07-18-23-37-25
1.0,30.902942047625885,121.44481052410785,2019-07-18-23-37-25
1.0,30.90294356823157,121.44556233543582,2019-07-18-23-37-25
1.0,30.9029477215211,121.44756728246195,2019-07-18-23-37-25
1.0,30.902950388565014,121.44882045901727,2019-07-18-23-37-25
1.0,30.9029542121504,121.4505750128987,2019-07-18-23-37-25
1.0,30.902955323468692,121.45107633645429,2019-07-18-23-37-25
1.0,30.90295588222821,121.4513270019224,2019-07-18-23-37-25
1.0,30.902957005903474,121.4518283401876,2019-07-18-23-37-25
1.0,30.902958706672063,121.45258036575171,2019-07-18-23-37-25
1.0,30.90296158136088,121.45383378943154,2019-07-18-23-37-25
1.0,30.90296216222676,121.45408448123221,2019-07-18-23-37-25
1.0,30.902962745046896,121.45433517536254,2019-07-18-23-37-25
1.0,30.90296332981187,121.45458587181163,2019-07-18-23-37-25
1.0,30.90296509568101,121.4553379749615,2019-07-18-23-37-25
1.0,30.90296568813032,121.45558868057545,2019-07-18-23-37-25
1.0,30.90296747682227,121.45634081095321,2019-07-18-23-37-25
1.0,30.903016923907444,121.47514974144795,2019-07-18-23-37-25
1.0,30.903189905019463,121.44380812541053,2019-07-18-23-37-25
1.0,30.90319089826281,121.44430930863248,2019-07-18-23-37-25
1.0,30.903191900654274,121.44481050271524,2019-07-18-23-37-25
1.0,30.9031939326353,121.44581292317805,2019-07-18-23-37-25
1.0,30.9031944462513,121.44606353496961,2019-07-18-23-37-25
1.0,30.903198103622806,121.44781789124586,2019-07-18-23-37-25
1.0,30.90320461979968,121.45082565208816,2019-07-18-23-37-25
1.0,30.9032057352546,121.4513269805709,2019-07-18-23-37-25
1.0,30.903206296069097,121.45157764848715,2019-07-18-23-37-25
1.0,30.90321974087526,121.45734366130962,2019-07-18-23-37-25
1.0,30.903222181160523,121.45834656792718,2019-07-18-23-37-25
1.0,30.903266776926117,121.47514972027928,2019-07-18-23-37-25
1.0,30.90337698754454,121.51253175054323,2019-07-18-23-37-25
1.0,30.903436833797116,121.4423046201994,2019-07-18-23-37-25
1.0,30.903438285456375,121.4430563496918,2019-07-18-23-37-25
1.0,30.903444299267306,121.44606351358436,2019-07-18-23-37-25
1.0,30.903450634475874,121.44907105927653,2019-07-18-23-37-25
1.0,30.903455588268983,121.45132695921922,2019-07-18-23-37-25
1.0,30.90345671194393,121.45182829749113,2019-07-18-23-37-25
1.0,30.903458412712055,121.45258032306538,2019-07-18-23-37-25
1.0,30.90345955662202,121.4530816854364,2019-07-18-23-37-25
1.0,30.903460131568878,121.45333237018652,2019-07-18-23-37-25
1.0,30.903460708497995,121.45358305729876,2019-07-18-23-37-25
1.0,30.903463035850603,121.45458582915286,2019-07-18-23-37-25
1.0,30.903466584748415,121.45609005594494,2019-07-18-23-37-25
1.0,30.903467782839368,121.45659148292316,2019-07-18-23-37-25
1.0,30.903473265086895,121.45884801280971,2019-07-18-23-37-25
1.0,30.90350267061322,121.47013305224746,2019-07-18-23-37-25
1.0,30.903523052882225,121.47740736234563,2019-07-18-23-37-25
1.0,30.903529551027454,121.47966511796189,2019-07-18-23-37-25
1.0,30.903577875362917,121.49597290043431,2019-07-18-23-37-25
1.0,30.903583889367777,121.49798010782,2019-07-18-23-37-25
1.0,30.903688627006535,121.44330691031611,2019-07-18-23-37-25
1.0,30.903689611040885,121.44380808261289,2019-07-18-23-37-25
1.0,30.90369363865551,121.4458128804043,2019-07-18-23-37-25
1.0,30.90369466811971,121.44631410664559,2019-07-18-23-37-25
1.0,30.903708836668642,121.45283098171737,2019-07-18-23-37-25
1.0,30.903709409623907,121.45308166409635,2019-07-18-23-37-25
1.0,30.903712304087275,121.45433511136886,2019-07-18-23-37-25
1.0,30.903712888852013,121.4545858078232,2019-07-18-23-37-25
1.0,30.903714064178118,121.4550872076442,2019-07-18-23-37-25
1.0,30.9037158415157,121.45583932449085,2019-07-18-23-37-25
1.0,30.903717635840145,121.45659146160764,2019-07-18-23-37-25
1.0,30.90372188717291,121.45834652532176,2019-07-18-23-37-25
1.0,30.90372250174068,121.45859725735316,2019-07-18-23-37-25
1.0,30.90372560105375,121.45985094916465,2019-07-18-23-37-25
1.0,30.90378158521942,121.48041770076466,2019-07-18-23-37-25
1.0,30.903835244877232,121.4984818882106,2019-07-18-23-37-25
1.0,30.903842746405083,121.50099088598253,2019-07-18-23-37-25
1.0,30.90384872808417,121.50299806614731,2019-07-18-23-37-25
1.0,30.90387452219815,121.51177909180831,2019-07-18-23-37-25
1.0,30.90389792312805,121.52005735029636,2019-07-18-23-37-25
1.0,30.9039370213451,121.44255515111156,2019-07-18-23-37-25
1.0,30.90393946403372,121.44380806121377,2019-07-18-23-37-25
1.0,30.903942980272394,121.44556224988226,2019-07-18-23-37-25
1.0,30.903956982834075,121.45207892757693,2019-07-18-23-37-25
1.0,30.90395754975965,121.45232960277524,2019-07-18-23-37-25
1.0,30.903960414489546,121.45358301462531,2019-07-18-23-37-25
1.0,30.903963917167466,121.45508718631783,2019-07-18-23-37-25
1.0,30.903971740161225,121.45834650401875,2019-07-18-23-37-25
1.0,30.903972354728914,121.45859723605199,2019-07-18-23-37-25
1.0,30.903972971075106,121.45884797021125,2019-07-18-23-37-25
1.0,30.90397796464631,121.46085391860261,2019-07-18-23-37-25
1.0,30.90398695973982,121.46436463535802,2019-07-18-23-37-25
1.0,30.904086599774384,121.49898366817047,2019-07-18-23-37-25
1.0,30.904088851304653,121.49973636846403,2019-07-18-23-37-25
1.0,30.90408960140184,121.49998726821116,2019-07-18-23-37-25
1.0,30.90419031025745,121.4443092230482,2019-07-18-23-37-25
1.0,30.9041959349515,121.44706592304597,2019-07-18-23-37-25
1.0,30.90420627091511,121.45182823344494,2019-07-18-23-37-25
1.0,30.904207402738024,121.45232958142968,2019-07-18-23-37-25
1.0,30.904209690538647,121.4533323061709,2019-07-18-23-37-25
1.0,30.904212010054607,121.45433506870542,2019-07-18-23-37-25
1.0,30.9042215931377,121.45834648271556,2019-07-18-23-37-25
1.0,30.904222207705306,121.45859721475063,2019-07-18-23-37-25
1.0,30.904224683659205,121.45960016403342,2019-07-18-23-37-25
1.0,30.90435809892758,121.50625963672071,2019-07-18-23-37-25
1.0,30.904358838883873,121.5065105263747,2019-07-18-23-37-25
1.0,30.904437697405037,121.4430562640775,2019-07-18-23-37-25
1.0,30.904440663282156,121.44455979734724,2019-07-18-23-37-25
1.0,30.904441165617207,121.44481039574924,2019-07-18-23-37-25
1.0,30.904442686221522,121.44556220710429,2019-07-18-23-37-25
1.0,30.90444319759671,121.4458128162422,2019-07-18-23-37-25
1.0,30.904444227060452,121.44631404249265,2019-07-18-23-37-25
1.0,30.904445265422194,121.44681527931434,2019-07-18-23-37-25
1.0,30.90444578791971,121.44706590166611,2019-07-18-23-37-25
1.0,30.904447899830537,121.44806841712567,2019-07-18-23-37-25
1.0,30.904451132545866,121.44957226741452,2019-07-18-23-37-25
1.0,30.904451678789155,121.44982291799879,2019-07-18-23-37-25
1.0,30.904452227140254,121.45007357109064,2019-07-18-23-37-25
1.0,30.90445556102163,121.4515775417351,2019-07-18-23-37-25
1.0,30.904457255704607,121.45232956008392,2019-07-18-23-37-25
1.0,30.904457824649032,121.45258023769033,2019-07-18-23-37-25
1.0,30.904458968558373,121.453081600075,2019-07-18-23-37-25
1.0,30.904463623110694,121.4550871436645,2019-07-18-23-37-25
1.0,30.904464213652776,121.45533784701443,2019-07-18-23-37-25
1.0,30.904465400447563,121.45583926052707,2019-07-18-23-37-25
1.0,30.90446719477129,121.45659139765992,2019-07-18-23-37-25
1.0,30.904467796608664,121.45684211448945,2019-07-18-23-37-25
1.0,30.904474536623486,121.45960014273925,2019-07-18-23-37-25
2.0,30.90447957127722,121.46160614033035,2019-07-18-23-37-25
1.0,30.904685619501727,121.44205394221179,2019-07-18-23-37-25
1.0,30.904687064142355,121.44280566339877,2019-07-18-23-37-25
1.0,30.90468755036272,121.44305624267342,2019-07-18-23-37-25
1.0,30.904692539178452,121.445562185715,2019-07-18-23-37-25
1.0,30.90469305055356,121.44581279485443,2019-07-18-23-37-25
1.0,30.904693564169108,121.44606340665514,2019-07-18-23-37-25
1.0,30.904701531744774,121.44982289663622,2019-07-18-23-37-25
1.0,30.904703737708697,121.45082552395517,2019-07-18-23-37-25
1.0,30.904707108659448,121.45232953873798,2019-07-18-23-37-25
1.0,30.904707677603795,121.45258021634608,2019-07-18-23-37-25
1.0,30.904724389576025,121.4596001214449,2019-07-18-23-37-25
1.0,30.904728155429755,121.46110460751332,2019-07-18-23-37-25
1.0,30.90472878899697,121.46135536228499,2019-07-18-23-37-25
1.0,30.904729424229117,121.46160611905105,2019-07-18-23-37-25
1.0,30.904794219620854,121.48493340909434,2019-07-18-23-37-25
1.0,30.904837659845196,121.49948540567253,2019-07-18-23-37-25
1.0,30.904856323260425,121.50575781390938,2019-07-18-23-37-25
1.0,30.90486002297707,121.5070122621276,2019-07-18-23-37-25
1.0,30.904936917088435,121.44280564199306,2019-07-18-23-37-25
1.0,30.904937891853546,121.44330680330397,2019-07-18-23-37-25
1.0,30.904938875887144,121.44380797561533,2019-07-18-23-37-25
1.0,30.90494445103465,121.44656461682018,2019-07-18-23-37-25
1.0,30.904948139147706,121.44831900971131,2019-07-18-23-37-25
1.0,30.904955266920105,121.45157749903291,2019-07-18-23-37-25
1.0,30.904955829780167,121.45182816939698,2019-07-18-23-37-25
1.0,30.90495639467735,121.45207884218676,2019-07-18-23-37-25
1.0,30.904958674455905,121.4530815573931,2019-07-18-23-37-25
1.0,30.904976117763248,121.46035233399739,2019-07-18-23-37-25
1.0,30.905044072553316,121.48493338800962,2019-07-18-23-37-25
1.0,30.905086011555436,121.49898358433994,2019-07-18-23-37-25
1.0,30.905106176185807,121.5057577930126,2019-07-18-23-37-25
1.0,30.905106917231205,121.50600868380864,2019-07-18-23-37-25
1.0,30.905107657738323,121.50625957404445,2019-07-18-23-37-25
1.0,30.905186770022887,121.44280562058715,2019-07-18-23-37-25
1.0,30.90519430396796,121.44656459543663,2019-07-18-23-37-25
1.0,30.905195346754127,121.44706583752529,2019-07-18-23-37-25
1.0,30.905197458664034,121.44806835300369,2019-07-18-23-37-25
1.0,30.90520344358433,121.45082548124259,2019-07-18-23-37-25
1.0,30.90520624760896,121.45207882083874,2019-07-18-23-37-25
2.0,30.905207383478334,121.45258017365697,2019-07-18-23-37-25
1.0,30.905208527387202,121.45308153605187,2019-07-18-23-37-25
1.0,30.90521318193763,121.45508707968303,2019-07-18-23-37-25
1.0,30.905219781167503,121.4578449398408,2019-07-18-23-37-25
1.0,30.905225970692236,121.46035231270825,2019-07-18-23-37-25
1.0,30.905227861298876,121.46110456494655,2019-07-18-23-37-25
1.0,30.90522976698429,121.46185683524395,2019-07-18-23-37-25
1.0,30.905232330861633,121.46285988982831,2019-07-18-23-37-25
1.0,30.905242167884076,121.4666216116031,2019-07-18-23-37-25
1.0,30.905242835591256,121.46687240737133,2019-07-18-23-37-25
1.0,30.90529466598115,121.48518425178315,2019-07-18-23-37-25
1.0,30.905295407026426,121.48543513732986,2019-07-18-23-37-25
1.0,30.905335864471493,121.49898356338183,2019-07-18-23-37-25
1.0,30.905336615174594,121.49923446365133,2019-07-18-23-37-25
1.0,30.905437597710566,121.44330676049772,2019-07-18-23-37-25
1.0,30.905440075041202,121.44455971176491,2019-07-18-23-37-25
1.0,30.90544057737595,121.44481031017288,2019-07-18-23-37-25
1.0,30.905441588852792,121.44531151507242,2019-07-18-23-37-25
1.0,30.905445199675707,121.44706581614462,2019-07-18-23-37-25
1.0,30.905445724373187,121.44731644111738,2019-07-18-23-37-25
1.0,30.90544625126277,121.44756706869542,2019-07-18-23-37-25
1.0,30.905447845001678,121.4483189669659,2019-07-18-23-37-25
1.0,30.905450544298784,121.4495721819566,2019-07-18-23-37-25
1.0,30.90545163889255,121.45007348564576,2019-07-18-23-37-25
1.0,30.905452741882794,121.45057479932522,2019-07-18-23-37-25
1.0,30.90545838030692,121.45308151471042,2019-07-18-23-37-25
1.0,30.905463625398482,121.45533776171246,2019-07-18-23-37-25
1.0,30.905464217846998,121.45558846734409,2019-07-18-23-37-25
1.0,30.905465408425727,121.45608988538672,2019-07-18-23-37-25
1.0,30.905467208352466,121.45684202923026,2019-07-18-23-37-25
1.0,30.905469634085716,121.45784491853296,2019-07-18-23-37-25
1.0,30.905486077411208,121.46436450780915,2019-07-18-23-37-25
1.0,30.90549268850655,121.46687238613251,2019-07-18-23-37-25
1.0,30.905493357638786,121.46712318361921,2019-07-18-23-37-25
1.0,30.905543038427577,121.48468246168206,2019-07-18-23-37-25
1.0,30.905609581717105,121.50701219947041,2019-07-18-23-37-25
1.0,30.905610319943015,121.5072630873214,2019-07-18-23-37-25
1.0,30.90563069957026,121.51428763599834,2019-07-18-23-37-25
1.0,30.905644119949905,121.5190538486518,2019-07-18-23-37-25
1.0,30.90568455436846,121.44180328840964,2019-07-18-23-37-25
1.0,30.905688930128512,121.44405850167806,2019-07-18-23-37-25
1.0,30.905691950889874,121.4455621001559,2019-07-18-23-37-25
1.0,30.90569400979991,121.44656455266889,2019-07-18-23-37-25
1.0,30.905697697911357,121.4483189455929,2019-07-18-23-37-25
1.0,30.905701491801686,121.45007346428403,2019-07-18-23-37-25
1.0,30.905705388540557,121.45182810534723,2019-07-18-23-37-25
1.0,30.90571407075441,121.45558844601987,2019-07-18-23-37-25
1.0,30.9057164594225,121.45659129107646,2019-07-18-23-37-25
1.0,30.905717061259477,121.45684200791497,2019-07-18-23-37-25
1.0,30.905718877821233,121.45759417162701,2019-07-18-23-37-25
1.0,30.905721941663554,121.45884782111045,2019-07-18-23-37-25
1.0,30.9057438810885,121.46737396157434,2019-07-18-23-37-25
1.0,30.905746577184825,121.46837717511436,2019-07-18-23-37-25
1.0,30.905748613545963,121.46912960250981,2019-07-18-23-37-25
1.0,30.90577533077353,121.47866147002706,2019-07-18-23-37-25
1.0,30.905778227542406,121.47966492778332,2019-07-18-23-37-25
1.0,30.90581302592749,121.49145651606229,2019-07-18-23-37-25
1.0,30.90586017283316,121.50726306643753,2019-07-18-23-37-25
1.0,30.905934407268646,121.44180326699745,2019-07-18-23-37-25
1.0,30.905937794383156,121.44355730248142,2019-07-18-23-37-25
1.0,30.905939280796183,121.44430907326806,2019-07-18-23-37-25
1.0,30.905942828778823,121.44606329972098,2019-07-18-23-37-25
1.0,30.905947017393352,121.44806828887992,2019-07-18-23-37-25
1.0,30.905947550809568,121.44831892421969,2019-07-18-23-37-25
1.0,30.905952447689288,121.45057475660815,2019-07-18-23-37-25
1.0,30.905953559005713,121.45107608020346,2019-07-18-23-37-25
1.0,30.90595524143768,121.45182808399692,2019-07-18-23-37-25
1.0,30.905959816887552,121.4538335334045,2019-07-18-23-37-25
1.0,30.90596392365035,121.45558842469545,2019-07-18-23-37-25
1.0,30.905966312318125,121.45659126975917,2019-07-18-23-37-25
2.0,30.905966914155023,121.45684198659949,2019-07-18-23-37-25
1.0,30.90596751784031,121.45709270564686,2019-07-18-23-37-25
1.0,30.905968123364115,121.45734342688984,2019-07-18-23-37-25
1.0,30.90597303254448,121.45934927448867,2019-07-18-23-37-25
1.0,30.905989732137975,121.46586917098631,2019-07-18-23-37-25
1.0,30.9059930634347,121.46712314114501,2019-07-18-23-37-25
1.0,30.90599710752181,121.46862796140127,2019-07-18-23-37-25
1.0,30.906071893024574,121.49446728622047,2019-07-18-23-37-25
1.0,30.906072644901553,121.49471818670541,2019-07-18-23-37-25
1.0,30.906184260157413,121.44180324558506,2019-07-18-23-37-25
1.0,30.906194235874565,121.44681512963881,2019-07-18-23-37-25
1.0,30.906195809958145,121.4475670045616,2019-07-18-23-37-25
1.0,30.906199558866003,121.44932146978313,2019-07-18-23-37-25
1.0,30.906202300575387,121.45057473524932,2019-07-18-23-37-25
1.0,30.90620285519711,121.45082539581506,2019-07-18-23-37-25
1.0,30.906203970650157,121.45132672433768,2019-07-18-23-37-25
1.0,30.906205659220177,121.45207873544462,2019-07-18-23-37-25
1.0,30.906209669772633,121.45383351206763,2019-07-18-23-37-25
1.0,30.906211418220547,121.45458559451554,2019-07-18-23-37-25
1.0,30.90621496711313,121.45608982142413,2019-07-18-23-37-25
1.0,30.906218583600428,121.4575941290067,2019-07-18-23-37-25
1.0,30.906222885427805,121.45934925319128,2019-07-18-23-37-25
1.0,30.906227272898636,121.46110447981064,2019-07-18-23-37-25
1.0,30.90622790646536,121.4613552345937,2019-07-18-23-37-25
1.0,30.90623958501919,121.46586914973892,2019-07-18-23-37-25
1.0,30.906240913206187,121.46637073259191,2019-07-18-23-37-25
1.0,30.90624157947666,121.46662152663865,2019-07-18-23-37-25
1.0,30.906242916315502,121.46712311990761,2019-07-18-23-37-25
1.0,30.906243586861365,121.46737391910376,2019-07-18-23-37-25
1.0,30.90624493214946,121.46787552255387,2019-07-18-23-37-25
1.0,30.906245606869,121.46812632678152,2019-07-18-23-37-25
1.0,30.906249000765143,121.46938037241661,2019-07-18-23-37-25
1.0,30.906342024444807,121.5012415751983,2019-07-18-23-37-25
1.0,30.90641067421924,121.52532438541394,2019-07-18-23-37-25
1.0,30.90643458988352,121.4420537923377,2019-07-18-23-37-25
1.0,30.906437993319475,121.44380784721172,2019-07-18-23-37-25
1.0,30.90644100042659,121.44531142950488,2019-07-18-23-37-25
1.0,30.906441509552845,121.4455620359845,2019-07-18-23-37-25
1.0,30.906442534542435,121.44606325694592,2019-07-18-23-37-25
1.0,30.906443050389942,121.44631387140943,2019-07-18-23-37-25
1.0,30.906444611247366,121.44706573061997,2019-07-18-23-37-25
1.0,30.906447792146803,121.44856951938257,2019-07-18-23-37-25
1.0,30.90644995586736,121.44957209649552,2019-07-18-23-37-25
1.0,30.906451050460507,121.4500734001977,2019-07-18-23-37-25
1.0,30.906453264766238,121.45107603749223,2019-07-18-23-37-25
1.0,30.90645494719774,121.4518280412957,2019-07-18-23-37-25
1.0,30.90646185779328,121.45483627196505,2019-07-18-23-37-25
1.0,30.906464223753368,121.45583908994828,2019-07-18-23-37-25
1.0,30.90646722359705,121.4570926630189,2019-07-18-23-37-25
1.0,30.90647398327734,121.45985071494289,2019-07-18-23-37-25
1.0,30.906486799243062,121.46486598410087,2019-07-18-23-37-25
1.0,30.906488775994934,121.46561833970897,2019-07-18-23-37-25
1.0,30.906490101253084,121.4661199190421,2019-07-18-23-37-25
1.0,30.906492769184954,121.46712309867002,2019-07-18-23-37-25
1.0,30.906497492061696,121.4688787280929,2019-07-18-23-37-25
1.0,30.90658738040692,121.49973615895014,2019-07-18-23-37-25
1.0,30.906685403500504,121.44255491562862,2019-07-18-23-37-25
1.0,30.906686862152437,121.44330665347864,2019-07-18-23-37-25
1.0,30.906688341658278,121.44405841607994,2019-07-18-23-37-25
1.0,30.906688839426213,121.44430900907359,2019-07-18-23-37-25
1.0,30.906689339481186,121.44455960478255,2019-07-18-23-37-25
1.0,30.90669085329164,121.4453114081125,2019-07-18-23-37-25
1.0,30.906691873792322,121.44581262374518,2019-07-18-23-37-25
1.0,30.906694464111883,121.44706570923832,2019-07-18-23-37-25
1.0,30.90669498880898,121.44731633421887,2019-07-18-23-37-25
1.0,30.90670256093513,121.45082535310011,2019-07-18-23-37-25
1.0,30.906706500825855,121.45258004558492,2019-07-18-23-37-25
1.0,30.90671647277339,121.45684192265185,2019-07-18-23-37-25
1.0,30.906723212780285,121.45959995108295,2019-07-18-23-37-25
1.0,30.906754204294337,121.47138688470645,2019-07-18-23-37-25
1.0,30.906759079007088,121.47314269782348,2019-07-18-23-37-25
1.0,30.9068364829427,121.49948523804015,2019-07-18-23-37-25
1.0,30.90683798335032,121.49998703776981,2019-07-18-23-37-25
1.0,30.906846962994766,121.5029978150846,2019-07-18-23-37-25
1.0,30.906849200144663,121.50375050185333,2019-07-18-23-37-25
1.0,30.906849945033407,121.50400139661085,2019-07-18-23-37-25
1.0,30.906868392381092,121.51027358355094,2019-07-18-23-37-25
1.0,30.906869850428876,121.51077533966036,2019-07-18-23-37-25
1.0,30.906933818755782,121.4418031813467,2019-07-18-23-37-25
1.0,30.906934774806512,121.44230432047524,2019-07-18-23-37-25
1.0,30.906938194512453,121.44405839467991,2019-07-18-23-37-25
1.0,30.90694275610818,121.44631382863665,2019-07-18-23-37-25
1.0,30.906943794468397,121.44681506548918,2019-07-18-23-37-25
2.0,30.90694431696514,121.44706568785647,2019-07-18-23-37-25
1.0,30.906944841662163,121.44731631283857,2019-07-18-23-37-25
1.0,30.906945897624286,121.44781757060927,2019-07-18-23-37-25
1.0,30.90694857545649,121.4490707601258,2019-07-18-23-37-25
1.0,30.906949117457525,121.44932140568098,2019-07-18-23-37-25
1.0,30.906949661583596,121.44957205376379,2019-07-18-23-37-25
1.0,30.906953529239814,121.45132666027492,2019-07-18-23-37-25
1.0,30.90695521780913,121.45207867139695,2019-07-18-23-37-25
1.0,30.90695635367741,121.45258002423888,2019-07-18-23-37-25
1.0,30.906965723787025,121.45659118448806,2019-07-18-23-37-25
1.0,30.906970589679247,121.4585969804226,2019-07-18-23-37-25
1.0,30.906975569382823,121.46060291241123,2019-07-18-23-37-25
1.0,30.90697619958795,121.46085366317456,2019-07-18-23-37-25
1.0,30.906989143594906,121.46586908599558,2019-07-18-23-37-25
1.0,30.9069931454356,121.46737385539643,2019-07-18-23-37-25
1.0,30.906993817383782,121.46762465628893,2019-07-18-23-37-25
1.0,30.906997877890173,121.46912949640293,2019-07-18-23-37-25
1.0,30.9069985593374,121.46938030875802,2019-07-18-23-37-25
1.0,30.907004749968305,121.4716376896317,2019-07-18-23-37-25
1.0,30.90700893185199,121.47314267663491,2019-07-18-23-37-25
1.0,30.90709382765057,121.50199420652922,2019-07-18-23-37-25
1.0,30.90710128632593,121.50450316387843,2019-07-18-23-37-25
1.0,30.9071860793059,121.4430560286218,2019-07-18-23-37-25
1.0,30.90719364731054,121.44681504410558,2019-07-18-23-37-25
1.0,30.907194694504156,121.44731629145808,2019-07-18-23-37-25
1.0,30.907197888430563,121.44882009573719,2019-07-18-23-37-25
1.0,30.907198428297942,121.44907073875642,2019-07-18-23-37-25
1.0,30.907199514424892,121.44957203239763,2019-07-18-23-37-25
1.0,30.90720115946695,121.45032399171706,2019-07-18-23-37-25
1.0,30.907202266628143,121.45082531038437,2019-07-18-23-37-25
2.0,30.90720507064965,121.45207865004734,2019-07-18-23-37-25
1.0,30.907208502299,121.4535827372287,2019-07-18-23-37-25
1.0,30.907213782305018,121.455839025978,2019-07-18-23-37-25
1.0,30.907214378537553,121.45608973613791,2019-07-18-23-37-25
1.0,30.907218604193634,121.45784476937251,2019-07-18-23-37-25
1.0,30.907219215173015,121.4580954971424,2019-07-18-23-37-25
1.0,30.907221058862856,121.45884769330209,2019-07-18-23-37-25
1.0,30.90722416690999,121.46010139569661,2019-07-18-23-37-25
1.0,30.907226684316644,121.4611043946716,2019-07-18-23-37-25
1.0,30.907239659794797,121.46611985530413,2019-07-18-23-37-25
1.0,30.907241658594018,121.46687223745532,2019-07-18-23-37-25
1.0,30.90724232772568,121.46712303495606,2019-07-18-23-37-25
1.0,30.90724434355865,121.46787543762652,2019-07-18-23-37-25
1.0,30.907247050600695,121.46887866442147,2019-07-18-23-37-25
1.0,30.907247730725206,121.46912947518096,2019-07-18-23-37-25
1.0,30.907337689010756,121.4999869958689,2019-07-18-23-37-25
1.0,30.907351139149014,121.50450314296866,2019-07-18-23-37-25
1.0,30.907351882692577,121.50475403636294,2019-07-18-23-37-25
1.0,30.907353368344573,121.5052558216792,2019-07-18-23-37-25
1.0,30.907367367873317,121.51002266255223,2019-07-18-23-37-25
1.0,30.907373911121535,121.51228054568863,2019-07-18-23-37-25
1.0,30.907375356100736,121.51278228767453,2019-07-18-23-37-25
1.0,30.907433524431955,121.44180313852013,2019-07-18-23-37-25
1.0,30.907435445918505,121.44280542792504,2019-07-18-23-37-25
1.0,30.90743593213804,121.44305600721553,2019-07-18-23-37-25
1.0,30.907437404714198,121.44380776160534,2019-07-18-23-37-25
1.0,30.907447203535728,121.44856943389257,2019-07-18-23-37-25
1.0,30.90744774126095,121.448820074366,2019-07-18-23-37-25
1.0,30.907452119457908,121.45082528902621,2019-07-18-23-37-25
1.0,30.907455490403503,121.45232930391948,2019-07-18-23-37-25
1.0,30.907457203254445,121.45308134397182,2019-07-18-23-37-25
1.0,30.907458934028732,121.45383340538034,2019-07-18-23-37-25
2.0,30.90746845702119,121.4578447480631,2019-07-18-23-37-25
1.0,30.90746906800049,121.4580954758348,2019-07-18-23-37-25
1.0,30.90747091169009,121.458847672,2019-07-18-23-37-25
1.0,30.907474019736824,121.46010137440382,2019-07-18-23-37-25
1.0,30.90749084371221,121.46662142042868,2019-07-18-23-37-25
1.0,30.90749151141865,121.46687221621492,2019-07-18-23-37-25
1.0,30.907496224634375,121.46862783404676,2019-07-18-23-37-25
1.0,30.907606926314912,121.50651025479435,2019-07-18-23-37-25
1.0,30.907607665706223,121.50676114388762,2019-07-18-23-37-25
1.0,30.90762376393085,121.51228052484785,2019-07-18-23-37-25
1.0,30.907685784959085,121.44305598580908,2019-07-18-23-37-25
1.0,30.907686764364207,121.44355715266074,2019-07-18-23-37-25
2.0,30.90768725753502,121.44380774020325,2019-07-18-23-37-25
1.0,30.907691285139936,121.44581253818582,2019-07-18-23-37-25
1.0,30.907691798754566,121.44606315000482,2019-07-18-23-37-25
1.0,30.907698133947466,121.44907069601703,2019-07-18-23-37-25
1.0,30.90769867594827,121.44932134157705,2019-07-18-23-37-25
1.0,30.907701417655325,121.4505746070922,2019-07-18-23-37-25
1.0,30.90770197227658,121.45082526766785,2019-07-18-23-37-25
1.0,30.907704211400986,121.45182793453921,2019-07-18-23-37-25
1.0,30.90770534322171,121.45232928257116,2019-07-18-23-37-25
1.0,30.907706483118407,121.4528306402223,2019-07-18-23-37-25
1.0,30.907707056072415,121.45308132262859,2019-07-18-23-37-25
1.0,30.907710535292956,121.45458546652146,2019-07-18-23-37-25
1.0,30.907720148161243,121.45859691651081,2019-07-18-23-37-25
1.0,30.907721382619588,121.45909838699896,2019-07-18-23-37-25
1.0,30.907723872552566,121.46010135311083,2019-07-18-23-37-25
1.0,30.90773475314423,121.46436431647258,2019-07-18-23-37-25
1.0,30.907735407522274,121.46461509623028,2019-07-18-23-37-25
1.0,30.907736063425492,121.46486587782046,2019-07-18-23-37-25
1.0,30.90773672084289,121.46511666123034,2019-07-18-23-37-25
1.0,30.907743375856995,121.46762459258589,2019-07-18-23-37-25
1.0,30.9077474363619,121.46912943273644,2019-07-18-23-37-25
1.0,30.907767687743025,121.4764035847217,2019-07-18-23-37-25
1.0,30.907853073956858,121.50525577987261,2019-07-18-23-37-25
1.0,30.907853816039417,121.50550667176927,2019-07-18-23-37-25
1.0,30.90786047017705,121.50776467318413,2019-07-18-23-37-25
1.0,30.907862677384458,121.50851732890469,2019-07-18-23-37-25
1.0,30.90786998955148,121.51102613305585,2019-07-18-23-37-25
1.0,30.907870716620607,121.51127700901272,2019-07-18-23-37-25
1.0,30.90787216833342,121.51177875830541,2019-07-18-23-37-25
1.0,30.907872892952124,121.5120296316123,2019-07-18-23-37-25
1.0,30.907935151549715,121.44280538510905,2019-07-18-23-37-25
1.0,30.90793760581773,121.44405830907783,2019-07-18-23-37-25
1.0,30.907938103585288,121.44430890207887,2019-07-18-23-37-25
1.0,30.90793860363988,121.44455949779524,2019-07-18-23-37-25
1.0,30.90794165156367,121.446063128616,2019-07-18-23-37-25
1.0,30.907942167410724,121.44631374308871,2019-07-18-23-37-25
1.0,30.907942685482283,121.44656436020432,2019-07-18-23-37-25
1.0,30.907943728266766,121.44706560232706,2019-07-18-23-37-25
1.0,30.907947446888507,121.44882003162301,2019-07-18-23-37-25
1.0,30.90794852875638,121.44932132020867,2019-07-18-23-37-25
1.0,30.907950717923498,121.45032392763207,2019-07-18-23-37-25
1.0,30.90795127046304,121.45057458573199,2019-07-18-23-37-25
1.0,30.907955196028883,121.45232926122264,2019-07-18-23-37-25
1.0,30.907960388099422,121.45458544518844,2019-07-18-23-37-25
1.0,30.907960974798193,121.45483614398032,2019-07-18-23-37-25
2.0,30.907961563422838,121.45508684506908,2019-07-18-23-37-25
1.0,30.907962153963812,121.45533754844368,2019-07-18-23-37-25
1.0,30.907983301810926,121.4638627412408,2019-07-18-23-37-25
1.0,30.90798723256646,121.46536742519446,2019-07-18-23-37-25
1.0,30.90798855487268,121.4658690010017,2019-07-18-23-37-25
1.0,30.90798988305853,121.46637058388258,2019-07-18-23-37-25
1.0,30.90799457671731,121.46812617817076,2019-07-18-23-37-25
1.0,30.908000022771535,121.47013267041922,2019-07-18-23-37-25
1.0,30.908069212119084,121.49396531762159,2019-07-18-23-37-25
1.0,30.908082743876477,121.4984815318355,2019-07-18-23-37-25
1.0,30.908103668828893,121.50550665086794,2019-07-18-23-37-25
1.0,30.908105891949205,121.50625932332218,2019-07-18-23-37-25
1.0,30.908115463736248,121.50952083901801,2019-07-18-23-37-25
1.0,30.908116195367775,121.50977171988454,2019-07-18-23-37-25
1.0,30.908116926270328,121.51002259996966,2019-07-18-23-37-25
1.0,30.90811838583814,121.5105243577371,2019-07-18-23-37-25
1.0,30.90812779380495,121.51378569758201,2019-07-18-23-37-25
1.0,30.90812922793849,121.51428742777071,2019-07-18-23-37-25
1.0,30.90812994358179,121.51453829131006,2019-07-18-23-37-25
1.0,30.908132084670648,121.51529087553752,2019-07-18-23-37-25
1.0,30.90814817603246,121.52106033169225,2019-07-18-23-37-25
1.0,30.908184520461397,121.44255478717325,2019-07-18-23-37-25
1.0,30.908185490568137,121.44305594299558,2019-07-18-23-37-25
1.0,30.90818597911198,121.44330652504921,2019-07-18-23-37-25
1.0,30.908188958772374,121.44481007482155,2019-07-18-23-37-25
1.0,30.908192538280257,121.44656433881838,2019-07-18-23-37-25
1.0,30.908193581064584,121.44706558094421,2019-07-18-23-37-25
1.0,30.90819622638633,121.44831873185198,2019-07-18-23-37-25
1.0,30.908196761960795,121.448569369773,2019-07-18-23-37-25
1.0,30.908197839552855,121.44907065327686,2019-07-18-23-37-25
1.0,30.90820002027125,121.45007325065599,2019-07-18-23-37-25
1.0,30.90820112325978,121.45057456437158,2019-07-18-23-37-25
1.0,30.908202793332684,121.45132655349971,2019-07-18-23-37-25
1.0,30.908211416218162,121.45508682373935,2019-07-18-23-37-25
1.0,30.908213789783684,121.45608965084855,2019-07-18-23-37-25
1.0,30.908219853760645,121.45859687390198,2019-07-18-23-37-25
1.0,30.908221088218667,121.4590983443975,2019-07-18-23-37-25
1.0,30.908221708090046,121.459349082805,2019-07-18-23-37-25
1.0,30.908222953066485,121.45985056588027,2019-07-18-23-37-25
1.0,30.908223578151,121.46010131052427,2019-07-18-23-37-25
1.0,30.90823185669867,121.46336117348278,2019-07-18-23-37-25
1.0,30.90823250486666,121.46361194578793,2019-07-18-23-37-25
1.0,30.908238407664538,121.46586897975274,2019-07-18-23-37-25
1.0,30.908256099701642,121.47239007076006,2019-07-18-23-37-25
1.0,30.908260302330895,121.47389508303779,2019-07-18-23-37-25
1.0,30.908354263177145,121.50575752133709,2019-07-18-23-37-25
1.0,30.908357962887838,121.5070119697126,2019-07-18-23-37-25
1.0,30.908368967254965,121.51077521453568,2019-07-18-23-37-25
1.0,30.908371873897156,121.5117787166141,2019-07-18-23-37-25
1.0,30.908372598515694,121.5120295899254,2019-07-18-23-37-25
1.0,30.908373322292473,121.51228046232441,2019-07-18-23-37-25
1.0,30.908374045215048,121.51253133379672,2019-07-18-23-37-25
1.0,30.908379080714024,121.51428740694689,2019-07-18-23-37-25
1.0,30.908382649154273,121.51554171395624,2019-07-18-23-37-25
1.0,30.908435831900007,121.44330650364361,2019-07-18-23-37-25
1.0,30.90843780917167,121.44430885927959,2019-07-18-23-37-25
1.0,30.908439316165484,121.44506065454824,2019-07-18-23-37-25
1.0,30.908442391067297,121.44656431743225,2019-07-18-23-37-25
1.0,30.90844661474722,121.44856934839942,2019-07-18-23-37-25
1.0,30.908447692339127,121.44907063190648,2019-07-18-23-37-25
2.0,30.90844932470735,121.44982257617411,2019-07-18-23-37-25
1.0,30.908453206931114,121.4515772000954,2019-07-18-23-37-25
1.0,30.908456614460334,121.45308125859776,2019-07-18-23-37-25
1.0,30.908457189405617,121.45333194338217,2019-07-18-23-37-25
1.0,30.908458345233676,121.45383332002693,2019-07-18-23-37-25
1.0,30.90845892609782,121.45408401186573,2019-07-18-23-37-25
1.0,30.908460093679455,121.45458540252177,2019-07-18-23-37-25
1.0,30.90846245199094,121.45558821144043,2019-07-18-23-37-25
1.0,30.908464240677645,121.45634034193569,2019-07-18-23-37-25
1.0,30.908466046176123,121.45709249249917,2019-07-18-23-37-25
1.0,30.90847218249236,121.45959980200591,2019-07-18-23-37-25
1.0,30.90848300738502,121.4638626987112,2019-07-18-23-37-25
1.0,30.90848365867965,121.46411347477178,2019-07-18-23-37-25
1.0,30.908484311521324,121.46436425269019,2019-07-18-23-37-25
1.0,30.908485621802097,121.46486581404984,2019-07-18-23-37-25
1.0,30.908487598552004,121.46561816970535,2019-07-18-23-37-25
1.0,30.908488260445466,121.46586895850359,2019-07-18-23-37-25
1.0,30.908604115944627,121.50575750043764,2019-07-18-23-37-25
1.0,30.908618820020752,121.51077519368091,2019-07-18-23-37-25
1.0,30.908623175057752,121.51228044148287,2019-07-18-23-37-25
1.0,30.908623897980245,121.51253131295739,2019-07-18-23-37-25
1.0,30.908634630909567,121.51629426412063,2019-07-18-23-37-25
1.0,30.908683744478942,121.4423041705986,2019-07-18-23-37-25
1.0,30.908685684677167,121.44330648223782,2019-07-18-23-37-25
1.0,30.908691725772137,121.44631367892568,2019-07-18-23-37-25
1.0,30.908695931948472,121.44831868910143,2019-07-18-23-37-25
1.0,30.90870249889296,121.45132651078823,2019-07-18-23-37-25
1.0,30.90870305970574,121.45157717874123,2019-07-18-23-37-25
1.0,30.90870362256463,121.45182784913045,2019-07-18-23-37-25
1.0,30.908707042179696,121.45333192203988,2019-07-18-23-37-25
1.0,30.90870761910716,121.45358260918825,2019-07-18-23-37-25
1.0,30.908708198007595,121.4538332986881,2019-07-18-23-37-25
1.0,30.908712304764304,121.45558819011384,2019-07-18-23-37-25
2.0,30.908714093450776,121.45634032061444,2019-07-18-23-37-25
1.0,30.908722658621368,121.45985052328919,2019-07-18-23-37-25
1.0,30.908732210419117,121.46361190325405,2019-07-18-23-37-25
1.0,30.90873286015573,121.4638626774461,2019-07-18-23-37-25
1.0,30.90873351145028,121.46411345350863,2019-07-18-23-37-25
2.0,30.908736131989553,121.46511657621035,2019-07-18-23-37-25
1.0,30.908736790909792,121.4653673614351,2019-07-18-23-37-25
1.0,30.90873877657882,121.46611972782291,2019-07-18-23-37-25
1.0,30.908742115052767,121.46737370673912,2019-07-18-23-37-25
1.0,30.908757901455804,121.47314252830951,2019-07-18-23-37-25
1.0,30.908759304621437,121.47364420186018,2019-07-18-23-37-25
1.0,30.908848022510472,121.50375033451712,2019-07-18-23-37-25
1.0,30.908867214729234,121.51027341668106,2019-07-18-23-37-25
1.0,30.908868672775668,121.51077517282594,2019-07-18-23-37-25
1.0,30.908869400636256,121.51102604964596,2019-07-18-23-37-25
1.0,30.90887447279035,121.51278216265344,2019-07-18-23-37-25
1.0,30.90887806963624,121.51403650071137,2019-07-18-23-37-25
1.0,30.90888306536582,121.51579253045558,2019-07-18-23-37-25
1.0,30.90889428868161,121.51980609775696,2019-07-18-23-37-25
1.0,30.908934562680802,121.44280529947471,2019-07-18-23-37-25
1.0,30.90893652147469,121.44380763318983,2019-07-18-23-37-25
1.0,30.90893851710254,121.44481001063065,2019-07-18-23-37-25
1.0,30.908955176091315,121.45257985346352,2019-07-18-23-37-25
1.0,30.908958631634682,121.45408396919132,2019-07-18-23-37-25
1.0,30.908961565079448,121.45533746313066,2019-07-18-23-37-25
1.0,30.908963946213085,121.456340299293,2019-07-18-23-37-25
1.0,30.908964546190813,121.45659101393638,2019-07-18-23-37-25
1.0,30.908970028422512,121.45884754418336,2019-07-18-23-37-25
1.0,30.90897439177635,121.46060274209503,2019-07-18-23-37-25
1.0,30.908981415011347,121.46336110967583,2019-07-18-23-37-25
1.0,30.908982712915623,121.46386265618081,2019-07-18-23-37-25
1.0,30.908985327332047,121.46486577153512,2019-07-18-23-37-25
1.0,30.908985984749037,121.46511655495486,2019-07-18-23-37-25
1.0,30.908987965974763,121.4658689160047,2019-07-18-23-37-25
1.0,30.908988629337973,121.46611970657536,2019-07-18-23-37-25
1.0,30.90899062813547,121.4668720887685,2019-07-18-23-37-25
1.0,30.90899534134773,121.4686277066852,2019-07-18-23-37-25
1.0,30.909007054326175,121.47289167240497,2019-07-18-23-37-25
2.0,30.90900775421264,121.47314250711938,2019-07-18-23-37-25
2.0,30.90900845523394,121.47339334321379,2019-07-18-23-37-25
1.0,30.909045425711025,121.48618748182182,2019-07-18-23-37-25
1.0,30.90909563810935,121.50299762676941,2019-07-18-23-37-25
1.0,30.90909862014492,121.50400120837709,2019-07-18-23-37-25
1.0,30.909117067473503,121.51027339582147,2019-07-18-23-37-25
1.0,30.909125046710436,121.51303301139816,2019-07-18-23-37-25
1.0,30.90912792237924,121.5140364798848,2019-07-18-23-37-25
1.0,30.9091314957061,121.51529079227592,2019-07-18-23-37-25
1.0,30.90916365672044,121.52707975033293,2019-07-18-23-37-25
1.0,30.909164957751653,121.52758133293639,2019-07-18-23-37-25
1.0,30.9091839315494,121.44255470153239,2019-07-18-23-37-25
1.0,30.909188874462966,121.44506059036125,2019-07-18-23-37-25
1.0,30.909195637467334,121.44831864635007,2019-07-18-23-37-25
1.0,30.90919617304149,121.44856928427747,2019-07-18-23-37-25
1.0,30.90919779263327,121.44932121336383,2019-07-18-23-37-25
1.0,30.9092016456524,121.45107580256628,2019-07-18-23-37-25
1.0,30.909211417831308,121.4553374418019,2019-07-18-23-37-25
1.0,30.909212010278633,121.45558814746008,2019-07-18-23-37-25
1.0,30.909216209985157,121.45734314981752,2019-07-18-23-37-25
1.0,30.90922049928613,121.45909825919222,2019-07-18-23-37-25
1.0,30.90923062117258,121.46311031798913,2019-07-18-23-37-25
1.0,30.909231267760635,121.46336108840644,2019-07-18-23-37-25
1.0,30.909233869800563,121.46436418890603,2019-07-18-23-37-25
1.0,30.909235180080845,121.46486575027747,2019-07-18-23-37-25
1.0,30.909241150014616,121.46712286504355,2019-07-18-23-37-25
1.0,30.909244516651196,121.46837687791714,2019-07-18-23-37-25
2.0,30.909250661122485,121.4706342031356,2019-07-18-23-37-25
1.0,30.90926537796555,121.4759017558261,2019-07-18-23-37-25
1.0,30.909343997473208,121.50249581268977,2019-07-18-23-37-25
1.0,30.909348472880545,121.50400118746127,2019-07-18-23-37-25
1.0,30.909369106113516,121.51102600793988,2019-07-18-23-37-25
1.0,30.909369833182136,121.51127688391001,2019-07-18-23-37-25
1.0,30.909371284893936,121.51177863322921,2019-07-18-23-37-25
1.0,30.909377775111476,121.51403645905805,2019-07-18-23-37-25
1.0,30.909379207350316,121.51453818719999,2019-07-18-23-37-25
1.0,30.909380635727793,121.51503991111935,2019-07-18-23-37-25
1.0,30.909384189136354,121.51629420169954,2019-07-18-23-37-25
1.0,30.909390518071692,121.51855185083255,2019-07-18-23-37-25
1.0,30.909391215652732,121.51880269452143,2019-07-18-23-37-25
1.0,30.90939812513526,121.5213110579965,2019-07-18-23-37-25
1.0,30.909434754400475,121.44305583595836,2019-07-18-23-37-25
1.0,30.909440254575497,121.44581238844928,2019-07-18-23-37-25
1.0,30.909444425547694,121.44781735682682,2019-07-18-23-37-25
1.0,30.909447645376304,121.44932119199427,2019-07-18-23-37-25
1.0,30.909449834541565,121.45032379945677,2019-07-18-23-37-25
1.0,30.909450387080643,121.45057445756655,2019-07-18-23-37-25
1.0,30.909451498394887,121.45107578120819,2019-07-18-23-37-25
1.0,30.90946127057246,121.45533742047296,2019-07-18-23-37-25
1.0,30.909464853518813,121.45684168816196,2019-07-18-23-37-25
1.0,30.909466062725674,121.45734312850288,2019-07-18-23-37-25
1.0,30.90947472747032,121.4608534502962,2019-07-18-23-37-25
1.0,30.909475359360556,121.46110420309721,2019-07-18-23-37-25
1.0,30.909477903570654,121.46210723424608,2019-07-18-23-37-25
1.0,30.909478543732668,121.46235799695829,2019-07-18-23-37-25
1.0,30.909487671460997,121.46586887350502,2019-07-18-23-37-25
1.0,30.909488334824044,121.46611966407964,2019-07-18-23-37-25
1.0,30.90948899964586,121.46637045640979,2019-07-18-23-37-25
1.0,30.909489665915263,121.4666212504825,2019-07-18-23-37-25
1.0,30.90951451899205,121.47565088552746,2019-07-18-23-37-25
1.0,30.909516657109755,121.47640343658587,2019-07-18-23-37-25
1.0,30.909520240027355,121.47765771211363,2019-07-18-23-37-25
1.0,30.909567576990334,121.49371429150811,2019-07-18-23-37-25
1.0,30.90959534357057,121.50299758491948,2019-07-18-23-37-25
1.0,30.909597580717655,121.50375027176287,2019-07-18-23-37-25
1.0,30.909616772929795,121.5102733541017,2019-07-18-23-37-25
1.0,30.90962113761622,121.5117786123825,2019-07-18-23-37-25
1.0,30.90962258601069,121.51228035811484,2019-07-18-23-37-25
1.0,30.909623308932847,121.51253122959815,2019-07-18-23-37-25
1.0,30.909629774749124,121.51478902887418,2019-07-18-23-37-25
1.0,30.909632623560817,121.51579246802095,2019-07-18-23-37-25
1.0,30.90968558653868,121.4435569814252,2019-07-18-23-37-25
1.0,30.90968807533583,121.44480994643797,2019-07-18-23-37-25
1.0,30.909694278280533,121.44781733544748,2019-07-18-23-37-25
1.0,30.9096980422339,121.44957181872513,2019-07-18-23-37-25
1.0,30.90969968727363,121.45032377809352,2019-07-18-23-37-25
1.0,30.90970135112672,121.45107575984991,2019-07-18-23-37-25
1.0,30.90970587822347,121.45308115187576,2019-07-18-23-37-25
1.0,30.909706453168358,121.45333183666875,2019-07-18-23-37-25
1.0,30.90971350443564,121.45634023532749,2019-07-18-23-37-25
1.0,30.90971835573248,121.45834601399524,2019-07-18-23-37-25
1.0,30.909720824626284,121.45934895500703,2019-07-18-23-37-25
1.0,30.909724580199057,121.46085342900729,2019-07-18-23-37-25
1.0,30.909725845654805,121.46135493661978,2019-07-18-23-37-25
1.0,30.909726480885332,121.46160569342388,2019-07-18-23-37-25
1.0,30.90973032663925,121.46311027544591,2019-07-18-23-37-25
1.0,30.90973292242515,121.46411336845408,2019-07-18-23-37-25
1.0,30.90973554296312,121.46511649118722,2019-07-18-23-37-25
1.0,30.909738852372804,121.46637043516364,2019-07-18-23-37-25
1.0,30.90976082863281,121.47439663757358,2019-07-18-23-37-25
1.0,30.90984146020368,121.50174307848918,2019-07-18-23-37-25
1.0,30.90984519628517,121.50299756399423,2019-07-18-23-37-25
1.0,30.909868811547938,121.51102596623302,2019-07-18-23-37-25
1.0,30.909869538616388,121.51127684220758,2019-07-18-23-37-25
1.0,30.909881765577392,121.51554158907456,2019-07-18-23-37-25
1.0,30.909932052156105,121.4418029243754,2019-07-18-23-37-25
1.0,30.909933008205037,121.4423040635379,2019-07-18-23-37-25
1.0,30.90993445985844,121.4430557931421,2019-07-18-23-37-25
1.0,30.909945195665443,121.44831858222156,2019-07-18-23-37-25
1.0,30.909947350830453,121.44932114925456,2019-07-18-23-37-25
1.0,30.90995232341767,121.45157707196746,2019-07-18-23-37-25
1.0,30.90995288627617,121.45182774236507,2019-07-18-23-37-25
1.0,30.909954587038182,121.45257976807109,2019-07-18-23-37-25
1.0,30.90995515799077,121.4528304481091,2019-07-18-23-37-25
1.0,30.909960976022848,121.45533737781447,2019-07-18-23-37-25
1.0,30.909968208451414,121.4583459926875,2019-07-18-23-37-25
1.0,30.909975698372772,121.46135491533445,2019-07-18-23-37-25
1.0,30.909980179356648,121.46311025417401,2019-07-18-23-37-25
1.0,30.909982775142225,121.46411334718995,2019-07-18-23-37-25
1.0,30.909987376904606,121.46586883100454,2019-07-18-23-37-25
1.0,30.909991378739385,121.46737360054945,2019-07-18-23-37-25
1.0,30.90999205068658,121.46762440146615,2019-07-18-23-37-25
1.0,30.90999272402501,121.4678752040601,2019-07-18-23-37-25
1.0,30.909993398743314,121.46812600831814,2019-07-18-23-37-25
1.0,30.91000997590602,121.47414577490937,2019-07-18-23-37-25
1.0,30.910012095439797,121.47489830327821,2019-07-18-23-37-25
1.0,30.91001493613696,121.47590169232409,2019-07-18-23-37-25
1.0,30.9100943024888,121.50274664666763,2019-07-18-23-37-25
1.0,30.910118664249215,121.51102594537932,2019-07-18-23-37-25
1.0,30.910123014344993,121.51253118791739,2019-07-18-23-37-25
1.0,30.91012517786158,121.51328379667608,2019-07-18-23-37-25
1.0,30.910129480159757,121.51478898723278,2019-07-18-23-37-25
1.0,30.91013232897078,121.51579242639691,2019-07-18-23-37-25
1.0,30.910133038638023,121.5160432834071,2019-07-18-23-37-25
1.0,30.91013374726675,121.51629413927672,2019-07-18-23-37-25
1.0,30.910161104446793,121.52632728058458,2019-07-18-23-37-25
1.0,30.910184801114816,121.44330635379886,2019-07-18-23-37-25
1.0,30.91018578514525,121.44380752617147,2019-07-18-23-37-25
1.0,30.91019451496207,121.44806792547827,2019-07-18-23-37-25
1.0,30.9101961216752,121.44881983926977,2019-07-18-23-37-25
1.0,30.910197747666743,121.44957177598826,2019-07-18-23-37-25
1.0,30.91019829390825,121.44982242660991,2019-07-18-23-37-25
1.0,30.910198842257564,121.45007307973931,2019-07-18-23-37-25
1.0,30.910201615315888,121.4513263826491,2019-07-18-23-37-25
1.0,30.91020615859886,121.45333179398199,2019-07-18-23-37-25
1.0,30.910207314425815,121.45383317065088,2019-07-18-23-37-25
1.0,30.910208478107258,121.45433455668255,2019-07-18-23-37-25
1.0,30.910210828732197,121.45533735648493,2019-07-18-23-37-25
1.0,30.910215015361047,121.45709234328407,2019-07-18-23-37-25
1.0,30.910218061159803,121.45834597137957,2019-07-18-23-37-25
2.0,30.91022115167168,121.45959965291922,2019-07-18-23-37-25
1.0,30.910228101885664,121.46235793312522,2019-07-18-23-37-25
1.0,30.910230032063506,121.4631102329019,2019-07-18-23-37-25
1.0,30.910230678651235,121.46336100332697,2019-07-18-23-37-25
1.0,30.91023132681857,121.46361177564765,2019-07-18-23-37-25
1.0,30.910236567717675,121.46561802094187,2019-07-18-23-37-25
1.0,30.91024123144485,121.46737357931093,2019-07-18-23-37-25
1.0,30.91024190339196,121.46762438022965,2019-07-18-23-37-25
1.0,30.910341913508056,121.50199393439307,2019-07-18-23-37-25
1.0,30.910347138828932,121.5037502090069,2019-07-18-23-37-25
1.0,30.910374310266736,121.51303290721869,2019-07-18-23-37-25
1.0,30.910375030551553,121.513283775842,2019-07-18-23-37-25
1.0,30.91037718593386,121.5140363757491,2019-07-18-23-37-25
1.0,30.91043514467768,121.4435569172086,2019-07-18-23-37-25
1.0,30.910438138078625,121.44506048337895,2019-07-18-23-37-25
1.0,30.910439154072545,121.44556169370685,2019-07-18-23-37-25
1.0,30.910439665445907,121.44581230288118,2019-07-18-23-37-25
1.0,30.910440694905983,121.44631352920499,2019-07-18-23-37-25
1.0,30.910442780455682,121.44731601349365,2019-07-18-23-37-25
1.0,30.910444901078023,121.44831853946823,2019-07-18-23-37-25
1.0,30.91044543665179,121.44856917740358,2019-07-18-23-37-25
1.0,30.91044597437609,121.44881981789621,2019-07-18-23-37-25
1.0,30.910452591686575,121.45182769965753,2019-07-18-23-37-25
1.0,30.910456011298347,121.45333177263832,2019-07-18-23-37-25
1.0,30.910458330806428,121.45433453534581,2019-07-18-23-37-25
1.0,30.91045891556903,121.45458523184723,2019-07-18-23-37-25
1.0,30.9104679138577,121.45834595007145,2019-07-18-23-37-25
1.0,30.91046852842331,121.45859668215245,2019-07-18-23-37-25
1.0,30.910470382750542,121.45934889110539,2019-07-18-23-37-25
1.0,30.910474770211778,121.46110411794793,2019-07-18-23-37-25
1.0,30.91047540377713,121.46135487276321,2019-07-18-23-37-25
1.0,30.910479239762616,121.46285944311072,2019-07-18-23-37-25
1.0,30.91047988475987,121.4631102116296,2019-07-18-23-37-25
1.0,30.910480531347517,121.4633609820566,2019-07-18-23-37-25
1.0,30.910482480544793,121.4641133046611,2019-07-18-23-37-25
1.0,30.91048444366528,121.46486564398624,2019-07-18-23-37-25
1.0,30.91048708230603,121.46586878850329,2019-07-18-23-37-25
1.0,30.91049108413982,121.46737355807221,2019-07-18-23-37-25
1.0,30.910507571550305,121.47339321608158,2019-07-18-23-37-25
1.0,30.910517498260283,121.47690505866736,2019-07-18-23-37-25
1.0,30.910596246201617,121.5034992928704,2019-07-18-23-37-25
1.0,30.910621273017114,121.51202940232491,2019-07-18-23-37-25
1.0,30.910688497639022,121.44531106580752,2019-07-18-23-37-25
1.0,30.910695289342314,121.44856915602823,2019-07-18-23-37-25
1.0,30.91070244437609,121.45182767830346,2019-07-18-23-37-25
1.0,30.91071654278997,121.45784447102267,2019-07-18-23-37-25
1.0,30.910723360804603,121.46060259305803,2019-07-18-23-37-25
1.0,30.910725256463618,121.4613548514773,2019-07-18-23-37-25
1.0,30.910729092448616,121.46285942183628,2019-07-18-23-37-25
1.0,30.910729737445788,121.46311019035711,2019-07-18-23-37-25
1.0,30.910731681936493,121.46386250731825,2019-07-18-23-37-25
1.0,30.91073233323039,121.46411328339639,2019-07-18-23-37-25
1.0,30.910735612686633,121.4653671914015,2019-07-18-23-37-25
1.0,30.91073693499105,121.46586876725237,2019-07-18-23-37-25
2.0,30.91073759835369,121.46611955783695,2019-07-18-23-37-25
1.0,30.91074093682435,121.46737353683329,2019-07-18-23-37-25
1.0,30.910760945939515,121.47464739565173,2019-07-18-23-37-25
1.0,30.910816088911474,121.49346328655058,2019-07-18-23-37-25
1.0,30.910849821069156,121.5047537436376,2019-07-18-23-37-25
1.0,30.910852048800308,121.50550642094069,2019-07-18-23-37-25
1.0,30.910875455280923,121.51353460181669,2019-07-18-23-37-25
1.0,30.910877607877325,121.51428719869826,2019-07-18-23-37-25
1.0,30.910934850051397,121.44355687439655,2019-07-18-23-37-25
1.0,30.91093633645989,121.4443086452713,2019-07-18-23-37-25
1.0,30.910939370818255,121.44581226009595,2019-07-18-23-37-25
1.0,30.910945679746597,121.44881977514846,2019-07-18-23-37-25
1.0,30.910947305737444,121.44957171188148,2019-07-18-23-37-25
1.0,30.91096396974098,121.45684156024834,2019-07-18-23-37-25
1.0,30.91096457342467,121.45709227933179,2019-07-18-23-37-25
1.0,30.910966395467206,121.45784444971049,2019-07-18-23-37-25
1.0,30.91096946824393,121.4590981100754,2019-07-18-23-37-25
1.0,30.91097008811443,121.45934884850331,2019-07-18-23-37-25
1.0,30.91098153461179,121.46386248605138,2019-07-18-23-37-25
1.0,30.910986787665692,121.46586874600125,2019-07-18-23-37-25
1.0,30.9109901189542,121.46712271635981,2019-07-18-23-37-25
1.0,30.9109907894985,121.46737351559419,2019-07-18-23-37-25
1.0,30.91100587599857,121.4728915028601,2019-07-18-23-37-25
1.0,30.911099673730693,121.5047537227272,2019-07-18-23-37-25
1.0,30.911131028971273,121.51554148500124,2019-07-18-23-37-25
1.0,30.911132449331472,121.51604320016538,2019-07-18-23-37-25
1.0,30.911134572052635,121.51679576432228,2019-07-18-23-37-25
1.0,30.911139486889937,121.51855170531171,2019-07-18-23-37-25
1.0,30.911183237101312,121.44280510678583,2019-07-18-23-37-25
1.0,30.91118372331972,121.44305568609794,2019-07-18-23-37-25
2.0,30.911185691364427,121.44405803084916,2019-07-18-23-37-25
1.0,30.911186189131,121.44430862386938,2019-07-18-23-37-25
2.0,30.911187696122315,121.44506041918721,2019-07-18-23-37-25
1.0,30.91118973710247,121.44606285054338,2019-07-18-23-37-25
1.0,30.911196614282193,121.4493210424018,2019-07-18-23-37-25
1.0,30.91120046729697,121.45107563169603,2019-07-18-23-37-25
1.0,30.911204994389962,121.45308102380285,2019-07-18-23-37-25
1.0,30.91121142625569,121.4558386847731,2019-07-18-23-37-25
1.0,30.911212022486954,121.45608939496151,2019-07-18-23-37-25
1.0,30.911213822408204,121.45684153892871,2019-07-18-23-37-25
1.0,30.911228797789526,121.46285937928684,2019-07-18-23-37-25
1.0,30.911229442786535,121.46311014781152,2019-07-18-23-37-25
1.0,30.911232038570486,121.46411324086635,2019-07-18-23-37-25
1.0,30.911234001690236,121.46486558020916,2019-07-18-23-37-25
1.0,30.91123465910649,121.46511636364664,2019-07-18-23-37-25
1.0,30.911235978437443,121.46561793592987,2019-07-18-23-37-25
1.0,30.9112399716181,121.46712269511849,2019-07-18-23-37-25
1.0,30.911254332341304,121.47238981639472,2019-07-18-23-37-25
1.0,30.911257129566827,121.47339315251283,2019-07-18-23-37-25
1.0,30.91125783171024,121.47364398999233,2019-07-18-23-37-25
1.0,30.911259239317744,121.47414566899417,2019-07-18-23-37-25
1.0,30.911260651272663,121.47464735329356,2019-07-18-23-37-25
1.0,30.91126135885026,121.47489819739488,2019-07-18-23-37-25
1.0,30.911262067478503,121.47514904277861,2019-07-18-23-37-25
1.0,30.911317297453767,121.49396504452928,2019-07-18-23-37-25
1.0,30.91131804919845,121.49421594478254,2019-07-18-23-37-25
1.0,30.91134803883628,121.50425191448498,2019-07-18-23-37-25
1.0,30.91138794091167,121.51804999328441,2019-07-18-23-37-25
1.0,30.911433575980926,121.4430556646885,2019-07-18-23-37-25
1.0,30.911434064523792,121.44330624676095,2019-07-18-23-37-25
1.0,30.91143604179183,121.44430860246726,2019-07-18-23-37-25
1.0,30.91143805565149,121.44531100161969,2019-07-18-23-37-25
2.0,30.911441143966215,121.446814680554,2019-07-18-23-37-25
1.0,30.911445924941848,121.44907037544647,2019-07-18-23-37-25
1.0,30.911453134200915,121.45232896232264,2019-07-18-23-37-25
1.0,30.911471663494805,121.46010103369244,2019-07-18-23-37-25
1.0,30.911475449690958,121.46160554443577,2019-07-18-23-37-25
1.0,30.911478007048757,121.46260859140583,2019-07-18-23-37-25
1.0,30.911479942028787,121.46336089697319,2019-07-18-23-37-25
1.0,30.91148059019572,121.46361166930357,2019-07-18-23-37-25
1.0,30.911483198442603,121.46461477733007,2019-07-18-23-37-25
1.0,30.911486492984032,121.46586870349843,2019-07-18-23-37-25
1.0,30.911491840100485,121.46787507665026,2019-07-18-23-37-25
1.0,30.911509091969037,121.47414564781054,2019-07-18-23-37-25
1.0,30.91150979740901,121.47439648930714,2019-07-18-23-37-25
1.0,30.91154916363347,121.48794350086291,2019-07-18-23-37-25
1.0,30.911564144098584,121.49296142427424,2019-07-18-23-37-25
1.0,30.91160604802702,121.50701169815073,2019-07-18-23-37-25
1.0,30.911691519111358,121.4470652815636,2019-07-18-23-37-25
1.0,30.911693099766126,121.44781716440568,2019-07-18-23-37-25
2.0,30.911693631013275,121.4480677972052,2019-07-18-23-37-25
1.0,30.911695237725016,121.44881971102538,2019-07-18-23-37-25
1.0,30.91171053721634,121.4555879341794,2019-07-18-23-37-25
1.0,30.911711131559994,121.45583864211893,2019-07-18-23-37-25
1.0,30.911712925876802,121.45659077940721,2019-07-18-23-37-25
1.0,30.91171534426788,121.45759366013118,2019-07-18-23-37-25
1.0,30.911723401651823,121.46085325868886,2019-07-18-23-37-25
1.0,30.911725302336155,121.46160552315096,2019-07-18-23-37-25
1.0,30.911726577748514,121.46210704272433,2019-07-18-23-37-25
1.0,30.911729148086174,121.46311010526516,2019-07-18-23-37-25
1.0,30.911729794673416,121.46336087570184,2019-07-18-23-37-25
1.0,30.911731092575902,121.4638624222496,2019-07-18-23-37-25
1.0,30.91173174386947,121.46411319833555,2019-07-18-23-37-25
1.0,30.91173370698873,121.46486553769012,2019-07-18-23-37-25
1.0,30.911734364404822,121.46511632113153,2019-07-18-23-37-25
1.0,30.911736345627844,121.46586868224672,2019-07-18-23-37-25
1.0,30.911749188011417,121.47063399101287,2019-07-18-23-37-25
1.0,30.911758944610117,121.47414562662672,2019-07-18-23-37-25
1.0,30.911799762385833,121.48819437199249,2019-07-18-23-37-25
1.0,30.911933281272734,121.44305562186905,2019-07-18-23-37-25
1.0,30.911933769815448,121.4433062039444,2019-07-18-23-37-25
1.0,30.911935747082882,121.44430855966243,2019-07-18-23-37-25
1.0,30.911937254073514,121.44506035499367,2019-07-18-23-37-25
1.0,30.911941371750963,121.44706526017778,2019-07-18-23-37-25
1.0,30.911945090364085,121.44881968965062,2019-07-18-23-37-25
1.0,30.911946172229484,121.44932097828779,2019-07-18-23-37-25
2.0,30.911947262594968,121.449822277036,2019-07-18-23-37-25
1.0,30.91194781094374,121.45007293017684,2019-07-18-23-37-25
1.0,30.911948913929944,121.45057424394169,2019-07-18-23-37-25
1.0,30.911949468549878,121.45082490454541,2019-07-18-23-37-25
1.0,30.911953979381067,121.45283027732837,2019-07-18-23-37-25
1.0,30.911955704204367,121.45358233174287,2019-07-18-23-37-25
1.0,30.911956283103777,121.45383302126515,2019-07-18-23-37-25
1.0,30.91196038985329,121.45558791285025,2019-07-18-23-37-25
1.0,30.911961580427892,121.45608933098532,2019-07-18-23-37-25
1.0,30.91196338034842,121.45684147496864,2019-07-18-23-37-25
1.0,30.911964589553687,121.4573429153457,2019-07-18-23-37-25
1.0,30.911967644392877,121.45859655431057,2019-07-18-23-37-25
1.0,30.91196949871867,121.45934876329677,2019-07-18-23-37-25
1.0,30.911975791855376,121.46185626066952,2019-07-18-23-37-25
1.0,30.91197707054458,121.46235778417453,2019-07-18-23-37-25
1.0,30.911979647307877,121.46336085443029,2019-07-18-23-37-25
1.0,30.911981596503686,121.46411317706985,2019-07-18-23-37-25
1.0,30.91198224934422,121.46436395501566,2019-07-18-23-37-25
1.0,30.911982903720876,121.4646147348067,2019-07-18-23-37-25
1.0,30.9119835596227,121.4648655164303,2019-07-18-23-37-25
1.0,30.911986861623713,121.46611945158935,2019-07-18-23-37-25
1.0,30.911987526444708,121.46637024393944,2019-07-18-23-37-25
1.0,30.91198886041825,121.46687183385446,2019-07-18-23-37-25
1.0,30.91199020009232,121.46737343063577,2019-07-18-23-37-25
1.0,30.911992896180397,121.46837664437808,2019-07-18-23-37-25
1.0,30.911994252412395,121.46887826112808,2019-07-18-23-37-25
1.0,30.911997666137907,121.47013233096305,2019-07-18-23-37-25
1.0,30.91200319385684,121.47213892228226,2019-07-18-23-37-25
1.0,30.91200809288808,121.47389476526627,2019-07-18-23-37-25
1.0,30.912008797241025,121.4741456054427,2019-07-18-23-37-25
1.0,30.912009502680828,121.47439644694354,2019-07-18-23-37-25
1.0,30.912015183875358,121.47640322494665,2019-07-18-23-37-25
1.0,30.912020206453295,121.47815921882172,2019-07-18-23-37-25
1.0,30.912038470794837,121.48443102984565,2019-07-18-23-37-25
1.0,30.91207136663914,121.49547038497077,2019-07-18-23-37-25
1.0,30.912096852277458,121.50400095737454,2019-07-18-23-37-25
1.0,30.91209759672896,121.50425185173853,2019-07-18-23-37-25
1.0,30.912180726204475,121.44180273162816,2019-07-18-23-37-25
1.0,30.912184113305848,121.44355676736294,2019-07-18-23-37-25
1.0,30.91218510194694,121.4440579452336,2019-07-18-23-37-25
1.0,30.912185599713208,121.44430853825972,2019-07-18-23-37-25
1.0,30.91218609976652,121.44455913400131,2019-07-18-23-37-25
1.0,30.91218660209922,121.44480973244951,2019-07-18-23-37-25
1.0,30.912187106703612,121.44506033359544,2019-07-18-23-37-25
1.0,30.91218761357196,121.44531093743007,2019-07-18-23-37-25
1.0,30.91219070188531,121.44681461639189,2019-07-18-23-37-25
1.0,30.912192805034756,121.44781712164324,2019-07-18-23-37-25
1.0,30.912194942993032,121.44881966827568,2019-07-18-23-37-25
1.0,30.91219711522361,121.44982225566751,2019-07-18-23-37-25
1.0,30.9122009974392,121.45157687976221,2019-07-18-23-37-25
1.0,30.91220497990547,121.45333162322707,2019-07-18-23-37-25
1.0,30.912205556831836,121.45358231039953,2019-07-18-23-37-25
1.0,30.912207299411346,121.454334385983,2019-07-18-23-37-25
1.0,30.91221024248013,121.4555878915209,2019-07-18-23-37-25
1.0,30.912210836823622,121.45583859946399,2019-07-18-23-37-25
1.0,30.912212631139955,121.45659073676298,2019-07-18-23-37-25
1.0,30.912213836658154,121.4570921727407,2019-07-18-23-37-25
1.0,30.912215049530392,121.4575936175014,2019-07-18-23-37-25
2.0,30.912218731474212,121.45909800355749,2019-07-18-23-37-25
1.0,30.91222184820173,121.46035171653237,2019-07-18-23-37-25
1.0,30.91223275634481,121.46461471354472,2019-07-18-23-37-25
1.0,30.91223605088501,121.46586863974272,2019-07-18-23-37-25
1.0,30.91223871304145,121.46687181261034,2019-07-18-23-37-25
1.0,30.912244105034933,121.46887823990015,2019-07-18-23-37-25
1.0,30.912249582403497,121.47088477028859,2019-07-18-23-37-25
1.0,30.912250272782845,121.47113559349467,2019-07-18-23-37-25
1.0,30.912250964391767,121.47138641819059,2019-07-18-23-37-25
1.0,30.912259355301536,121.47439642576146,2019-07-18-23-37-25
1.0,30.912260061816067,121.47464726857487,2019-07-18-23-37-25
1.0,30.91226076939333,121.47489811268471,2019-07-18-23-37-25
1.0,30.912287584599166,121.4841801259838,2019-07-18-23-37-25
1.0,30.912291284302878,121.48543454699887,2019-07-18-23-37-25
1.0,30.912319715326856,121.49496856236706,2019-07-18-23-37-25
1.0,30.912362959498374,121.50952048427528,2019-07-18-23-37-25
1.0,30.912432016419903,121.44255442317763,2019-07-18-23-37-25
1.0,30.912432986524085,121.44305557904882,2019-07-18-23-37-25
1.0,30.91243545233348,121.44430851685681,2019-07-18-23-37-25
1.0,30.912437975316358,121.445561522549,2019-07-18-23-37-25
1.0,30.91244212858265,121.44756647004387,2019-07-18-23-37-25
1.0,30.912446421601384,121.44957158366255,2019-07-18-23-37-25
1.0,30.912453113674623,121.45257955457619,2019-07-18-23-37-25
1.0,30.912456569211383,121.45408367044827,2019-07-18-23-37-25
1.0,30.912463085591245,121.45684143232762,2019-07-18-23-37-25
1.0,30.912464294796187,121.4573428727119,2019-07-18-23-37-25
1.0,30.912465511315553,121.45784432183326,2019-07-18-23-37-25
1.0,30.912466122293253,121.4580950496415,2019-07-18-23-37-25
1.0,30.91246734963458,121.45859651169503,2019-07-18-23-37-25
1.0,30.912468584089872,121.45909798225331,2019-07-18-23-37-25
1.0,30.91246920395989,121.45934872069233,2019-07-18-23-37-25
1.0,30.912474224981313,121.46135470247037,2019-07-18-23-37-25
1.0,30.91248260895869,121.46461469228255,2019-07-18-23-37-25
1.0,30.91248458119521,121.4653670426118,2019-07-18-23-37-25
1.0,30.912491250612305,121.46787499170642,2019-07-18-23-37-25
1.0,30.912495319215598,121.46937984187451,2019-07-18-23-37-25
1.0,30.912507094865887,121.47364388405107,2019-07-18-23-37-25
1.0,30.912510622003815,121.47489809150667,2019-07-18-23-37-25
1.0,30.912544106207356,121.4864380749447,2019-07-18-23-37-25
1.0,30.912682839134728,121.4430555576384,2019-07-18-23-37-25
1.0,30.91268431170614,121.44380731211986,2019-07-18-23-37-25
1.0,30.912686811933693,121.44506029079835,2019-07-18-23-37-25
1.0,30.912689886827735,121.44656395383755,2019-07-18-23-37-25
1.0,30.912690929609308,121.44706519601915,2019-07-18-23-37-25
1.0,30.91269357492414,121.44831834706847,2019-07-18-23-37-25
1.0,30.91269902640475,121.45082484045905,2019-07-18-23-37-25
1.0,30.912699583097265,121.45107550353504,2019-07-18-23-37-25
1.0,30.912701265522912,121.45182750746382,2019-07-18-23-37-25
1.0,30.912702966282342,121.45257953322562,2019-07-18-23-37-25
1.0,30.912705262056654,121.45358226771226,2019-07-18-23-37-25
1.0,30.912706421818633,121.454083649108,2019-07-18-23-37-25
1.0,30.912707004635692,121.45433434330614,2019-07-18-23-37-25
1.0,30.91271173638634,121.45633997944769,2019-07-18-23-37-25
1.0,30.912712336362873,121.45659069411795,2019-07-18-23-37-25
1.0,30.912712938197622,121.4568414110068,2019-07-18-23-37-25
1.0,30.91271536392161,121.45784430051971,2019-07-18-23-37-25
1.0,30.912723444021623,121.46110392635052,2019-07-18-23-37-25
1.0,30.91272598822751,121.46210695759842,2019-07-18-23-37-25
1.0,30.91273509420988,121.46561780840595,2019-07-18-23-37-25
1.0,30.91274042987759,121.4676241678538,2019-07-18-23-37-25
1.0,30.91274110321511,121.46787497046998,2019-07-18-23-37-25
1.0,30.9127527516911,121.47213885867848,2019-07-18-23-37-25
1.0,30.912756947466782,121.47364386286223,2019-07-18-23-37-25
1.0,30.912760474604294,121.47489807032845,2019-07-18-23-37-25
1.0,30.912761183232032,121.47514891572497,2019-07-18-23-37-25
1.0,30.912799919329455,121.48844518045827,2019-07-18-23-37-25
1.0,30.912839691972543,121.50174282723513,2019-07-18-23-37-25
1.0,30.912848642075215,121.50475357634909,2019-07-18-23-37-25
1.0,30.91286339631579,121.50977132344602,2019-07-18-23-37-25
1.0,30.912869222055942,121.51177834135797,2019-07-18-23-37-25
1.0,30.912900146865162,121.52281571776591,2019-07-18-23-37-25
1.0,30.912932691735417,121.44305553622777,2019-07-18-23-37-25
1.0,30.912938191898775,121.44581208894708,2019-07-18-23-37-25
1.0,30.912938705511802,121.44606270079811,2019-07-18-23-37-25
1.0,30.912939221357327,121.44631331530145,2019-07-18-23-37-25
1.0,30.91294887900306,121.45082481909654,2019-07-18-23-37-25
1.0,30.912951683015592,121.45207815895164,2019-07-18-23-37-25
1.0,30.91295224993835,121.45232883421077,2019-07-18-23-37-25
1.0,30.912953962784112,121.45308087437546,2019-07-18-23-37-25
1.0,30.912970154134467,121.45985016123315,2019-07-18-23-37-25
1.0,30.91297841115828,121.46310999889579,2019-07-18-23-37-25
1.0,30.91298362747367,121.46511621484035,2019-07-18-23-37-25
1.0,30.912985608695458,121.46586857598524,2019-07-18-23-37-25
1.0,30.912987603146277,121.4666209530465,2019-07-18-23-37-25
1.0,30.91298961052432,121.46737334567423,2019-07-18-23-37-25
1.0,30.912990282470524,121.46762414661512,2019-07-18-23-37-25
1.0,30.91299707656627,121.47013224609118,2019-07-18-23-37-25
1.0,30.9130046970098,121.47289133330271,2019-07-18-23-37-25
1.0,30.91300820766406,121.47414552070468,2019-07-18-23-37-25
1.0,30.91300891310353,121.47439636221401,2019-07-18-23-37-25
1.0,30.913011745488646,121.47539974121568,2019-07-18-23-37-25
1.0,30.913012456181196,121.475650589137,2019-07-18-23-37-25
1.0,30.913013880596754,121.47615228868604,2019-07-18-23-37-25
1.0,30.913042325742563,121.48593625697764,2019-07-18-23-37-25
1.0,30.9130430683231,121.48618714456939,2019-07-18-23-37-25
1.0,30.913050518785596,121.48869605260602,2019-07-18-23-37-25
1.0,30.913052761491926,121.48944873504267,2019-07-18-23-37-25
1.0,30.913090292459113,121.50199370409864,2019-07-18-23-37-25
1.0,30.91309402674545,121.50324818799564,2019-07-18-23-37-25
1.0,30.91309849465562,121.50475355543716,2019-07-18-23-37-25
1.0,30.913102204995287,121.50600801508263,2019-07-18-23-37-25
1.0,30.913103685453002,121.50650979512302,2019-07-18-23-37-25
1.0,30.913181092675735,121.44230378515687,2019-07-18-23-37-25
1.0,30.91318157422248,121.44255435893716,2019-07-18-23-37-25
1.0,30.913182058108404,121.44280493549334,2019-07-18-23-37-25
1.0,30.91318254432621,121.44305551481696,2019-07-18-23-37-25
1.0,30.913186517123968,121.44506024800049,2019-07-18-23-37-25
1.0,30.913197073986513,121.45007282334056,2019-07-18-23-37-25
1.0,30.91321629285751,121.45834571566903,2019-07-18-23-37-25
1.0,30.913221258602956,121.4603516313518,2019-07-18-23-37-25
1.0,30.913221887109717,121.46060238013129,2019-07-18-23-37-25
1.0,30.91322378276631,121.4613546386073,2019-07-18-23-37-25
2.0,30.91322569340709,121.4621069150343,2019-07-18-23-37-25
1.0,30.91322697535123,121.4626084424617,2019-07-18-23-37-25
1.0,30.9132282637428,121.46310997762133,2019-07-18-23-37-25
1.0,30.91323348005753,121.46511619358152,2019-07-18-23-37-25
1.0,30.913234138976296,121.46536697884184,2019-07-18-23-37-25
1.0,30.913240135053567,121.46762412537626,2019-07-18-23-37-25
1.0,30.91324692914849,121.47013222487273,2019-07-18-23-37-25
1.0,30.91324761576853,121.470383043536,2019-07-18-23-37-25
1.0,30.913260179775452,121.4748980279714,2019-07-18-23-37-25
1.0,30.913291436238826,121.48568534894517,2019-07-18-23-37-25
1.0,30.913293663967327,121.48643801171224,2019-07-18-23-37-25
1.0,30.913294407508815,121.48668890054891,2019-07-18-23-37-25
1.0,30.913295151511523,121.48693978998452,2019-07-18-23-37-25
1.0,30.91329664084907,121.48744157059286,2019-07-18-23-37-25
1.0,30.913301866162612,121.48919781939009,2019-07-18-23-37-25
1.0,30.913302614067646,121.48944871399203,2019-07-18-23-37-25
1.0,30.91334685968188,121.50425174715727,2019-07-18-23-37-25
1.0,30.913349090293565,121.50500442748765,2019-07-18-23-37-25
1.0,30.91335279806969,121.50625888449177,2019-07-18-23-37-25
1.0,30.913431426803584,121.44255433752328,2019-07-18-23-37-25
1.0,30.91343536276798,121.4445590269922,2019-07-18-23-37-25
1.0,30.913438926527107,121.44631327251837,2019-07-18-23-37-25
1.0,30.913439444596985,121.44656388966784,2019-07-18-23-37-25
1.0,30.91344206803126,121.4478170147337,2019-07-18-23-37-25
1.0,30.91344259927787,121.44806764754429,2019-07-18-23-37-25
1.0,30.91344313269178,121.44831828293164,2019-07-18-23-37-25
1.0,30.913454819819385,121.4535822036799,2019-07-18-23-37-25
1.0,30.913455979580892,121.45408358508601,2019-07-18-23-37-25
1.0,30.91345714715937,121.45458497581174,2019-07-18-23-37-25
1.0,30.913457733856404,121.45483567464214,2019-07-18-23-37-25
1.0,30.913463099640158,121.45709206614467,2019-07-18-23-37-25
1.0,30.91347048437859,121.46010086331783,2019-07-18-23-37-25
1.0,30.91347236988823,121.4608531096499,2019-07-18-23-37-25
1.0,30.91347363534155,121.46135461731923,2019-07-18-23-37-25
1.0,30.9134820193147,121.46461460723188,2019-07-18-23-37-25
1.0,30.913482675216034,121.46486538886728,2019-07-18-23-37-25
1.0,30.913483991550237,121.46536695758479,2019-07-18-23-37-25
1.0,30.913485313852853,121.46586853347928,2019-07-18-23-37-25
1.0,30.913485977214588,121.46611932408575,2019-07-18-23-37-25
1.0,30.913496096377223,121.46988138653282,2019-07-18-23-37-25
1.0,30.91349953574202,121.47113548744473,2019-07-18-23-37-25
1.0,30.913503005844806,121.47238962560223,2019-07-18-23-37-25
1.0,30.91350510204753,121.4731421256637,2019-07-18-23-37-25
1.0,30.913506505209988,121.47364379929454,2019-07-18-23-37-25
1.0,30.913512161332115,121.47565054679238,2019-07-18-23-37-25
1.0,30.913512873038712,121.47590139595816,2019-07-18-23-37-25
1.0,30.913513585747342,121.47615224635,2019-07-18-23-37-25
1.0,30.91351429944579,121.47640309795376,2019-07-18-23-37-25
1.0,30.913524388270634,121.47991513967416,2019-07-18-23-37-25
1.0,30.91354128880598,121.48568532786057,2019-07-18-23-37-25
1.0,30.91354351653423,121.48643799063436,2019-07-18-23-37-25
1.0,30.913545004078255,121.48693976891113,2019-07-18-23-37-25
1.0,30.91354574852922,121.48719065893303,2019-07-18-23-37-25
1.0,30.913547238724597,121.48769244066906,2019-07-18-23-37-25
1.0,30.91354873055855,121.48819422456167,2019-07-18-23-37-25
1.0,30.913551718728577,121.48919779833699,2019-07-18-23-37-25
1.0,30.913552466633526,121.4894486929412,2019-07-18-23-37-25
1.0,30.913553214857536,121.48969958797952,2019-07-18-23-37-25
1.0,30.913554712210857,121.49020137929824,2019-07-18-23-37-25
1.0,30.913555461314203,121.49045227554856,2019-07-18-23-37-25
2.0,30.91355696030933,121.49095406915579,2019-07-18-23-37-25
1.0,30.913557710175112,121.49120496648254,2019-07-18-23-37-25
1.0,30.91355846026904,121.49145586413798,2019-07-18-23-37-25
1.0,30.91358850146317,121.50149186630416,2019-07-18-23-37-25
1.0,30.913594477596295,121.50349904179976,2019-07-18-23-37-25
1.0,30.91359596779173,121.5040008318629,2019-07-18-23-37-25
1.0,30.91359894285415,121.5050044065776,2019-07-18-23-37-25
1.0,30.913680318628142,121.44205317132725,2019-07-18-23-37-25
1.0,30.913681279374895,121.44255431610918,2019-07-18-23-37-25
1.0,30.913682738020515,121.44330605408021,2019-07-18-23-37-25
1.0,30.913683228879833,121.44355663891605,2019-07-18-23-37-25
1.0,30.913684715285836,121.4443084098393,2019-07-18-23-37-25
1.0,30.913691920600975,121.4478169933512,2019-07-18-23-37-25
1.0,30.91369245184751,121.44806762616336,2019-07-18-23-37-25
1.0,30.913692985261342,121.4483182615523,2019-07-18-23-37-25
1.0,30.91369843673885,121.4508247550078,2019-07-18-23-37-25
1.0,30.91370352051779,121.45308081033218,2019-07-18-23-37-25
1.0,30.913706414965404,121.45433425795005,2019-07-18-23-37-25
1.0,30.913706999726983,121.45458495447417,2019-07-18-23-37-25
1.0,30.91370817504676,121.4550863544355,2019-07-18-23-37-25
1.0,30.91371174668973,121.45659060882554,2019-07-18-23-37-25
1.0,30.913712952206975,121.45709204482488,2019-07-18-23-37-25
1.0,30.913713557728308,121.45734276612394,2019-07-18-23-37-25
1.0,30.9137228543427,121.461103841191,2019-07-18-23-37-25
1.0,30.91372476001986,121.46185611168238,2019-07-18-23-37-25
1.0,30.91372603870793,121.46235763521419,2019-07-18-23-37-25
1.0,30.913731871879094,121.46461458596873,2019-07-18-23-37-25
1.0,30.91373849770083,121.46712248269449,2019-07-18-23-37-25
1.0,30.91373916824422,121.46737328195101,2019-07-18-23-37-25
1.0,30.91374869792542,121.47088464301564,2019-07-18-23-37-25
1.0,30.913757765377234,121.4741454571491,2019-07-18-23-37-25
1.0,30.91375917733048,121.47464714149098,2019-07-18-23-37-25
1.0,30.913762013892864,121.47565052561978,2019-07-18-23-37-25
1.0,30.91377134072981,121.4789116563709,2019-07-18-23-37-25
1.0,30.91379262602411,121.48618708132902,2019-07-18-23-37-25
1.0,30.913794112632658,121.48668885839746,2019-07-18-23-37-25
1.0,30.913796345972404,121.4874415284549,2019-07-18-23-37-25
1.0,30.91379783699981,121.4879433112887,2019-07-18-23-37-25
2.0,30.913799329614122,121.48844509621917,2019-07-18-23-37-25
1.0,30.91380007648405,121.48869598943317,2019-07-18-23-37-25
1.0,30.91380157128475,121.48919777728369,2019-07-18-23-37-25
1.0,30.913806063240354,121.49070315113306,2019-07-18-23-37-25
1.0,30.913808312824447,121.49145584310506,2019-07-18-23-37-25
1.0,30.913851021633658,121.50575706150468,2019-07-18-23-37-25
1.0,30.913851762676078,121.50600795237949,2019-07-18-23-37-25
1.0,30.913859141386354,121.50851682786593,2019-07-18-23-37-25
1.0,30.91393065038996,121.44230372091033,2019-07-18-23-37-25
1.0,30.91393113193648,121.4425542946949,2019-07-18-23-37-25
1.0,30.913933081441115,121.44355661750754,2019-07-18-23-37-25
1.0,30.913934070081147,121.44405779539873,2019-07-18-23-37-25
1.0,30.91393456784689,121.44430838843519,2019-07-18-23-37-25
1.0,30.91393557023184,121.44480958264579,2019-07-18-23-37-25
1.0,30.9139477346786,121.45057407302755,2019-07-18-23-37-25
1.0,30.913956852284866,121.4545849331364,2019-07-18-23-37-25
1.0,30.913958027604483,121.45508633310124,2019-07-18-23-37-25
1.0,30.913972706898505,121.46110381990063,2019-07-18-23-37-25
1.0,30.913973975691878,121.4616053315789,2019-07-18-23-37-25
1.0,30.91397461257542,121.46185609039772,2019-07-18-23-37-25
1.0,30.913975891263327,121.46235761393335,2019-07-18-23-37-25
3.0,30.91397653304643,121.46260837862556,2019-07-18-23-37-25
1.0,30.913984357079435,121.46561770213061,2019-07-18-23-37-25
1.0,30.913985018971093,121.46586849097253,2019-07-18-23-37-25
1.0,30.913985682332665,121.46611928158298,2019-07-18-23-37-25
1.0,30.91398768112523,121.46687166389606,2019-07-18-23-37-25
1.0,30.913988350254673,121.46712246145103,2019-07-18-23-37-25
1.0,30.913991716883423,121.4683764745166,2019-07-18-23-37-25
1.0,30.913995117437295,121.46963052852301,2019-07-18-23-37-25
1.0,30.914009737458514,121.47489796443438,2019-07-18-23-37-25
1.0,30.914010446085832,121.47514880984157,2019-07-18-23-37-25
1.0,30.914011866443882,121.47565050444699,2019-07-18-23-37-25
1.0,30.91402409337954,121.47991509740241,2019-07-18-23-37-25
1.0,30.914041735991383,121.48593617264781,2019-07-18-23-37-25
1.0,30.914042478571577,121.48618706024851,2019-07-18-23-37-25
1.0,30.91404322163872,121.48643794847803,2019-07-18-23-37-25
2.0,30.914043965179957,121.48668883732144,2019-07-18-23-37-25
1.0,30.914046198519443,121.48744150738563,2019-07-18-23-37-25
1.0,30.91404694382824,121.48769239853522,2019-07-18-23-37-25
1.0,30.91404768954668,121.48794329022394,2019-07-18-23-37-25
1.0,30.914049182160824,121.48844507515891,2019-07-18-23-37-25
1.0,30.91405516641597,121.49045223346441,2019-07-18-23-37-25
1.0,30.914087458027467,121.50124092601148,2019-07-18-23-37-25
1.0,30.914101615216804,121.50600793147805,2019-07-18-23-37-25
1.0,30.91418002374193,121.44205312849279,2019-07-18-23-37-25
1.0,30.914181468374007,121.44280484984233,2019-07-18-23-37-25
1.0,30.914181954591513,121.44305542917172,2019-07-18-23-37-25
1.0,30.91418952256428,121.44681444528425,2019-07-18-23-37-25
1.0,30.914190045058806,121.44706506769654,2019-07-18-23-37-25
1.0,30.91419269037133,121.44831821879303,2019-07-18-23-37-25
1.0,30.91419869853934,121.45107537536693,2019-07-18-23-37-25
1.0,30.914199818106415,121.45157670889968,2019-07-18-23-37-25
1.0,30.914200945857868,121.45207805217787,2019-07-18-23-37-25
1.0,30.914202081721605,121.452579405118,2019-07-18-23-37-25
1.0,30.914207291529863,121.45483561063408,2019-07-18-23-37-25
1.0,30.914209657480125,121.45583842883629,2019-07-18-23-37-25
1.0,30.914220042047017,121.46010079942413,2019-07-18-23-37-25
1.0,30.91422382823784,121.46160531029213,2019-07-18-23-37-25
2.0,30.9142244651213,121.46185606911286,2019-07-18-23-37-25
1.0,30.914225103648576,121.46210682990368,2019-07-18-23-37-25
1.0,30.914234209624095,121.46561768087497,2019-07-18-23-37-25
1.0,30.91423487151567,121.46586846971886,2019-07-18-23-37-25
1.0,30.914236199697417,121.46637005269933,2019-07-18-23-37-25
1.0,30.91423686596526,121.46662084681005,2019-07-18-23-37-25
1.0,30.914237533669482,121.46687164265037,2019-07-18-23-37-25
3.0,30.91424021862489,121.46787484304718,2019-07-18-23-37-25
1.0,30.914245654036087,121.46988132286951,2019-07-18-23-37-25
1.0,30.914246339379474,121.47013213999693,2019-07-18-23-37-25
1.0,30.914247025999185,121.47038295866847,2019-07-18-23-37-25
1.0,30.91425676611841,121.47389457458223,2019-07-18-23-37-25
1.0,30.914263143399943,121.47615218284447,2019-07-18-23-37-25
1.0,30.91426744000775,121.47765731018741,2019-07-18-23-37-25
1.0,30.914270322899483,121.4786607511356,2019-07-18-23-37-25
1.0,30.914273945919447,121.47991507626625,2019-07-18-23-37-25
1.0,30.914274672986327,121.48016594434074,2019-07-18-23-37-25
1.0,30.914275400845003,121.48041681339755,2019-07-18-23-37-25
1.0,30.914291588529256,121.48593615156486,2019-07-18-23-37-25
1.0,30.914292331109365,121.48618703916782,2019-07-18-23-37-25
1.0,30.91429456171994,121.48693970568982,2019-07-18-23-37-25
1.0,30.91430277249641,121.48969952483262,2019-07-18-23-37-25
1.0,30.914304269849215,121.49020131616493,2019-07-18-23-37-25
1.0,30.914305768322542,121.49070310905306,2019-07-18-23-37-25
1.0,30.914340302791178,121.50224449690457,2019-07-18-23-37-25
1.0,30.914346269866737,121.5042516634888,2019-07-18-23-37-25
1.0,30.914429399438053,121.44180253886486,2019-07-18-23-37-25
1.0,30.914430837030658,121.44255425186573,2019-07-18-23-37-25
1.0,30.914433775174427,121.44405775258699,2019-07-18-23-37-25
1.0,30.914440949181255,121.44756629897206,2019-07-18-23-37-25
1.0,30.91444200949826,121.4480675620194,2019-07-18-23-37-25
1.0,30.914445242195054,121.4495714126929,2019-07-18-23-37-25
1.0,30.91446070435651,121.45633983017136,2019-07-18-23-37-25
1.0,30.91447052138345,121.46035152487164,2019-07-18-23-37-25
1.0,30.914471149889806,121.46060227366054,2019-07-18-23-37-25
1.0,30.914474317657557,121.4618560478278,2019-07-18-23-37-25
1.0,30.914476238128078,121.46260833606713,2019-07-18-23-37-25
1.0,30.914476881522884,121.46285910269627,2019-07-18-23-37-25
1.0,30.914478821271135,121.46361141405777,2019-07-18-23-37-25
1.0,30.914484062159126,121.46561765961911,2019-07-18-23-37-25
1.0,30.91448472405062,121.465868448465,2019-07-18-23-37-25
1.0,30.91448538741203,121.46611923907943,2019-07-18-23-37-25
1.0,30.914490071159182,121.46787482180936,2019-07-18-23-37-25
1.0,30.91449825555425,121.47088457937652,2019-07-18-23-37-25
1.0,30.914502416033972,121.47238954080048,2019-07-18-23-37-25
1.0,30.914507323002812,121.47414539359178,2019-07-18-23-37-25
1.0,30.91450944253207,121.47489792207539,2019-07-18-23-37-25
1.0,30.914513709629603,121.47640301328792,2019-07-18-23-37-25
1.0,30.91451442430531,121.47665386609802,2019-07-18-23-37-25
1.0,30.91452379844973,121.4799150551299,2019-07-18-23-37-25
1.0,30.914524525516523,121.48016592320657,2019-07-18-23-37-25
1.0,30.91453551948698,121.48392905406224,2019-07-18-23-37-25
1.0,30.9145414410575,121.48593613048172,2019-07-18-23-37-25
1.0,30.914542183637526,121.48618701808692,2019-07-18-23-37-25
1.0,30.914543670245564,121.48668879516882,2019-07-18-23-37-25
1.0,30.9145511288951,121.48919771412265,2019-07-18-23-37-25
1.0,30.91457590724313,121.49747738325996,2019-07-18-23-37-25
1.0,30.914605754770704,121.50751322267854,2019-07-18-23-37-25
1.0,30.914606491776464,121.50776410932667,2019-07-18-23-37-25
2.0,30.914607228154573,121.50801499531083,2019-07-18-23-37-25
1.0,30.91468068956337,121.44255423045085,2019-07-18-23-37-25
1.0,30.9146816596662,121.44305538634791,2019-07-18-23-37-25
1.0,30.914682148208087,121.44330596843918,2019-07-18-23-37-25
1.0,30.914686648451664,121.44556132998127,2019-07-18-23-37-25
1.0,30.914688189281215,121.4463131655572,2019-07-18-23-37-25
1.0,30.91469346873826,121.44881945451523,2019-07-18-23-37-25
1.0,30.914694008603323,121.44907009758263,2019-07-18-23-37-25
1.0,30.914704082562245,121.45358209695532,2019-07-18-23-37-25
1.0,30.914708175758634,121.45533697251948,2019-07-18-23-37-25
1.0,30.91471479539339,121.4580948578288,2019-07-18-23-37-25
1.0,30.914718498673682,121.45959926950916,2019-07-18-23-37-25
1.0,30.914722898072032,121.46135451087588,2019-07-18-23-37-25
1.0,30.914729323531912,121.4638621670248,2019-07-18-23-37-25
1.0,30.91473193794082,121.46486528255937,2019-07-18-23-37-25
1.0,30.914737907858353,121.46712239771941,2019-07-18-23-37-25
1.0,30.914746044437003,121.47013209755787,2019-07-18-23-37-25
1.0,30.914748798456497,121.47113538138989,2019-07-18-23-37-25
1.0,30.914757880964345,121.4743962139298,2019-07-18-23-37-25
1.0,30.914763562151496,121.47640299212098,2019-07-18-23-37-25
1.0,30.914764276827118,121.47665384493322,2019-07-18-23-37-25
1.0,30.91479129357618,121.4859361093984,2019-07-18-23-37-25
1.0,30.914792036156122,121.48618699700583,2019-07-18-23-37-25
1.0,30.91479277922301,121.48643788524207,2019-07-18-23-37-25
1.0,30.914793522763986,121.48668877409222,2019-07-18-23-37-25
1.0,30.914794266766183,121.4869396635413,2019-07-18-23-37-25
1.0,30.914799486612655,121.48869590519999,2019-07-18-23-37-25
1.0,30.914806222990435,121.49095396396662,2019-07-18-23-37-25
1.0,30.914821248794503,121.49597195595139,2019-07-18-23-37-25
1.0,30.914857080665744,121.50801497442679,2019-07-18-23-37-25
1.0,30.914857816403405,121.5082658597345,2019-07-18-23-37-25
1.0,30.914858551488003,121.50851674434875,2019-07-18-23-37-25
1.0,30.914860752696583,121.50926939388377,2019-07-18-23-37-25
1.0,30.91492910449441,121.44180249602638,2019-07-18-23-37-25
1.0,30.914931025971963,121.442804785602,2019-07-18-23-37-25
2.0,30.892498282894977,121.56442404030493,2019-07-18-23-37-25
1.0,30.89250393152733,121.56918147870776,2019-07-18-23-37-25
1.0,30.892740001626354,121.5586635414818,2019-07-18-23-37-25
2.0,30.893003908546405,121.56943179817078,2019-07-18-23-37-25
1.0,30.89326650406105,121.59095085737403,2019-07-18-23-37-25
1.0,30.89339570992272,121.51704809317005,2019-07-18-23-37-25
1.0,30.89339641428201,121.51729894419337,2019-07-18-23-37-25
1.0,30.893636312272314,121.51378690528988,2019-07-18-23-37-25
1.0,30.893637029814354,121.51403777077114,2019-07-18-23-37-25
1.0,30.89376626121052,121.59545183251281,2019-07-18-23-37-25
1.0,30.893766212054754,121.59595188313824,2019-07-18-23-37-25
1.0,30.893765954756134,121.59770196335673,2019-07-18-23-37-25
1.0,30.893873835623456,121.50952202804591,2019-07-18-23-37-25
1.0,30.893886883315922,121.51403774995622,2019-07-18-23-37-25
1.0,30.89388759991709,121.51428861441268,2019-07-18-23-37-25
1.0,30.914932491589997,121.44355653187154,2019-07-18-23-37-25
1.0,30.91493298475862,121.44380711945645,2019-07-18-23-37-25
1.0,30.914943321259553,121.4488194331381,2019-07-18-23-37-25
1.0,30.914943861124534,121.44907007620711,2019-07-18-23-37-25
1.0,30.914948256129716,121.4510753112802,2019-07-18-23-37-25
1.0,30.91494937569632,121.45157664482296,2019-07-18-23-37-25
1.0,30.914953935082057,121.45358207560982,2019-07-18-23-37-25
1.0,30.914958620723393,121.45558765688504,2019-07-18-23-37-25
1.0,30.914959215066013,121.45583836484765,2019-07-18-23-37-25
1.0,30.914965875251493,121.45859629860553,2019-07-18-23-37-25
1.0,30.914974661228445,121.46210676605365,2019-07-18-23-37-25
1.0,30.914975943171452,121.46260829350794,2019-07-18-23-37-25
1.0,30.914981790457016,121.46486526129719,2019-07-18-23-37-25
1.0,30.91498310679024,121.46536683003839,2019-07-18-23-37-25
1.0,30.91498776037381,121.46712237647515,2019-07-18-23-37-25
1.0,30.91499045091577,121.46812558363166,2019-07-18-23-37-25
1.0,30.91499112700091,121.46837638958115,2019-07-18-23-37-25
1.0,30.914992483230925,121.46887800638001,2019-07-18-23-37-25
1.0,30.914997960592196,121.47088453694946,2019-07-18-23-37-25
1.0,30.91500003540446,121.47163701109223,2019-07-18-23-37-25
1.0,30.9150056204336,121.47364367215388,2019-07-18-23-37-25
1.0,30.915009147567346,121.47489787971561,2019-07-18-23-37-25
1.0,30.91501056585983,121.47539957181542,2019-07-18-23-37-25
1.0,30.89388903024793,121.51479034018759,2019-07-18-23-37-25
1.0,30.89389541693794,121.51704805159234,2019-07-18-23-37-25
1.0,30.893950235311618,121.53836475805205,2019-07-18-23-37-25
1.0,30.89399189268524,121.56041679582557,2019-07-18-23-37-25
1.0,30.89416853150202,121.5255762048343,2019-07-18-23-37-25
1.0,30.894411025095216,121.52281725311566,2019-07-18-23-37-25
1.0,30.894515907809936,121.59320138990061,2019-07-18-23-37-25
1.0,30.894752340340673,121.56893093108935,2019-07-18-23-37-25
1.0,30.89500219376956,121.56893091063145,2019-07-18-23-37-25
1.0,30.895015603676786,121.59270123002642,2019-07-18-23-37-25
1.0,30.89518085769585,121.53059183593525,2019-07-18-23-37-25
1.0,30.89525231986169,121.56918125368874,2019-07-18-23-37-25
1.0,30.895252589783077,121.56943161407048,2019-07-18-23-37-25
1.0,30.895502443184213,121.56943159361396,2019-07-18-23-37-25
2.0,30.895502974748897,121.5699323049656,2019-07-18-23-37-25
1.0,30.895503236386965,121.57018265592846,2019-07-18-23-37-25
1.0,30.895515185123735,121.5909506736675,2019-07-18-23-37-25
1.0,30.895751753973435,121.56893084925665,2019-07-18-23-37-25
1.0,30.895752026650378,121.56918121277377,2019-07-18-23-37-25
1.0,30.895752296571633,121.56943157315725,2019-07-18-23-37-25
1.0,30.895752563734458,121.56968193040392,2019-07-18-23-37-25
1.0,30.89588499328607,121.51378671792901,2019-07-18-23-37-25
1.0,30.915012700965928,121.47615211933719,2019-07-18-23-37-25
1.0,30.91502277721933,121.47966414577233,2019-07-18-23-37-25
1.0,30.915031542690265,121.48267461337171,2019-07-18-23-37-25
1.0,30.9150418886652,121.48618697592454,2019-07-18-23-37-25
1.0,30.915044119275006,121.48693964246675,2019-07-18-23-37-25
1.0,30.91504933912088,121.48869588414122,2019-07-18-23-37-25
1.0,30.915053827400957,121.49020125302987,2019-07-18-23-37-25
1.0,30.915076363823847,121.49772824227401,2019-07-18-23-37-25
1.0,30.915086868100598,121.50124084223198,2019-07-18-23-37-25
1.0,30.915109138408244,121.5087676073773,2019-07-18-23-37-25
1.0,30.915109872148573,121.50901849056277,2019-07-18-23-37-25
1.0,30.915129380821533,121.51579201011454,2019-07-18-23-37-25
1.0,30.915181853244558,121.44330592561747,2019-07-18-23-37-25
1.0,30.915182837271974,121.44380709804841,2019-07-18-23-37-25
1.0,30.915186353486774,121.44556128718627,2019-07-18-23-37-25
1.0,30.915193713636285,121.44907005483138,2019-07-18-23-37-25
2.0,30.915196997330185,121.45057396619978,2019-07-18-23-37-25
1.0,30.915206701626655,121.45483552528724,2019-07-18-23-37-25
1.0,30.915207880787683,121.45533692985269,2019-07-18-23-37-25
1.0,30.91521026191338,121.45633976619283,2019-07-18-23-37-25
1.0,30.915214500420685,121.45809481520159,2019-07-18-23-37-25
1.0,30.915222603097234,121.46135446829715,2019-07-18-23-37-25
1.0,30.91522451373607,121.46210674476991,2019-07-18-23-37-25
1.0,30.91522515389622,121.46235750752622,2019-07-18-23-37-25
1.0,30.895956869984307,121.54187420759222,2019-07-18-23-37-25
1.0,30.896001053737738,121.56843009237414,2019-07-18-23-37-25
1.0,30.89601453103434,121.58869974281977,2019-07-18-23-37-25
1.0,30.89625406315358,121.57143430214512,2019-07-18-23-37-25
1.0,30.896262432680594,121.58294627631591,2019-07-18-23-37-25
1.0,30.89640370785204,121.52055964319169,2019-07-18-23-37-25
1.0,30.896488943297218,121.55941469040832,2019-07-18-23-37-25
1.0,30.896695738215733,121.53711098873994,2019-07-18-23-37-25
1.0,30.896901343392255,121.51980709483573,2019-07-18-23-37-25
1.0,30.897254203124152,121.5721852070022,2019-07-18-23-37-25
1.0,30.89725443978009,121.57243552955741,2019-07-18-23-37-25
1.0,30.897638969242223,121.51554260874073,2019-07-18-23-37-25
1.0,30.897957316155072,121.54262604281178,2019-07-18-23-37-25
1.0,30.897959445479472,121.54362867542541,2019-07-18-23-37-25
1.0,30.897959972371595,121.5438793274295,2019-07-18-23-37-25
1.0,30.898459151987392,121.54362863424765,2019-07-18-23-37-25
1.0,30.89873570992533,121.55816206376046,2019-07-18-23-37-25
1.0,30.89873686545008,121.55891353788333,2019-07-18-23-37-25
1.0,30.90012961956898,121.51278289184619,2019-07-18-23-37-25
1.0,30.900262522466345,121.59420112102177,2019-07-18-23-37-25
1.0,30.901724328939476,121.55239965338356,2019-07-18-23-37-25
1.0,30.902257740395342,121.58069397644779,2019-07-18-23-37-25
1.0,30.902910738642376,121.52457225390869,2019-07-18-23-37-25
1.0,30.90321452396875,121.54763837293581,2019-07-18-23-37-25
1.0,30.91522967984792,121.46411290059785,2019-07-18-23-37-25
1.0,30.915230987062984,121.46461445838565,2019-07-18-23-37-25
1.0,30.915231642963747,121.46486524003483,2019-07-18-23-37-25
1.0,30.915258292494503,121.47464701440005,2019-07-18-23-37-25
1.0,30.915262553468924,121.47615209816769,2019-07-18-23-37-25
1.0,30.915272629721148,121.47966412463319,2019-07-18-23-37-25
1.0,30.915273355983373,121.47991499171964,2019-07-18-23-37-25
1.0,30.915289514937733,121.48543429395329,2019-07-18-23-37-25
1.0,30.91529174116481,121.48618695484306,2019-07-18-23-37-25
1.0,30.915292484231532,121.48643784308379,2019-07-18-23-37-25
1.0,30.915293227772338,121.48668873193843,2019-07-18-23-37-25
1.0,30.915298444750224,121.4884449698547,2019-07-18-23-37-25
1.0,30.91531043034885,121.49245931057344,2019-07-18-23-37-25
1.0,30.915359724640428,121.50901846968726,2019-07-18-23-37-25
1.0,30.915363382722713,121.5102728742694,2019-07-18-23-37-25
4.0,30.91537566983162,121.51453768740518,2019-07-18-23-37-25
1.0,30.915431217207,121.4430553221107,2019-07-18-23-37-25
1.0,30.915432689775923,121.44380707664017,2019-07-18-23-37-25
1.0,30.91543774681906,121.44631310137812,2019-07-18-23-37-25
1.0,30.915440359249143,121.4475662134314,2019-07-18-23-37-25
1.0,30.91544356613863,121.44907003345546,2019-07-18-23-37-25
1.0,30.91544574684804,121.4500726310228,2019-07-18-23-37-25
1.0,30.915448519898188,121.45132593410605,2019-07-18-23-37-25
1.0,30.91545248822492,121.45308066089096,2019-07-18-23-37-25
1.0,30.915453640093343,121.4535820329182,2019-07-18-23-37-25
1.0,30.90326032995346,121.59795118683762,2019-07-18-23-37-25
1.0,30.90337698754454,121.51253175054323,2019-07-18-23-37-25
1.0,30.903755952252425,121.57919250297243,2019-07-18-23-37-25
1.0,30.90387452219815,121.51177909180831,2019-07-18-23-37-25
1.0,30.90389792312805,121.52005735029636,2019-07-18-23-37-25
1.0,30.90563069957026,121.51428763599834,2019-07-18-23-37-25
1.0,30.905644119949905,121.5190538486518,2019-07-18-23-37-25
1.0,30.90641067421924,121.52532438541394,2019-07-18-23-37-25
1.0,30.906868392381092,121.51027358355094,2019-07-18-23-37-25
1.0,30.906869850428876,121.51077533966036,2019-07-18-23-37-25
1.0,30.907367367873317,121.51002266255223,2019-07-18-23-37-25
1.0,30.907373911121535,121.51228054568863,2019-07-18-23-37-25
1.0,30.907375356100736,121.51278228767453,2019-07-18-23-37-25
1.0,30.90762376393085,121.51228052484785,2019-07-18-23-37-25
1.0,30.90786998955148,121.51102613305585,2019-07-18-23-37-25
1.0,30.907870716620607,121.51127700901272,2019-07-18-23-37-25
1.0,30.90787216833342,121.51177875830541,2019-07-18-23-37-25
1.0,30.907872892952124,121.5120296316123,2019-07-18-23-37-25
1.0,30.90798981917555,121.56492360623612,2019-07-18-23-37-25
1.0,30.908115463736248,121.50952083901801,2019-07-18-23-37-25
1.0,30.908116195367775,121.50977171988454,2019-07-18-23-37-25
1.0,30.908116926270328,121.51002259996966,2019-07-18-23-37-25
1.0,30.90811838583814,121.5105243577371,2019-07-18-23-37-25
1.0,30.90812779380495,121.51378569758201,2019-07-18-23-37-25
1.0,30.90812922793849,121.51428742777071,2019-07-18-23-37-25
1.0,30.91546011441345,121.45633974486626,2019-07-18-23-37-25
1.0,30.915464352920196,121.45809479388768,2019-07-18-23-37-25
1.0,30.915464965695598,121.4583455238675,2019-07-18-23-37-25
1.0,30.915485462276198,121.46636994644797,2019-07-18-23-37-25
1.0,30.91549015591769,121.4681255411587,2019-07-18-23-37-25
1.0,30.915490832002664,121.46837634711225,2019-07-18-23-37-25
1.0,30.91549491660909,121.46988121676007,2019-07-18-23-37-25
1.0,30.91549697645533,121.47063367279208,2019-07-18-23-37-25
1.0,30.915497665592298,121.47088449452161,2019-07-18-23-37-25
1.0,30.915501826070024,121.4723894559956,2019-07-18-23-37-25
1.0,30.91554085107534,121.48593604614723,2019-07-18-23-37-25
1.0,30.91554159365502,121.48618693376139,2019-07-18-23-37-25
1.0,30.915542336721657,121.48643782200436,2019-07-18-23-37-25
1.0,30.91554382426432,121.48693960031707,2019-07-18-23-37-25
1.0,30.915679138854042,121.44205299998464,2019-07-18-23-37-25
1.0,30.915680099599594,121.44255414478936,2019-07-18-23-37-25
1.0,30.915680583484768,121.44280472135986,2019-07-18-23-37-25
1.0,30.915695050993115,121.44982195648787,2019-07-18-23-37-25
1.0,30.915695599340722,121.45007260965319,2019-07-18-23-37-25
1.0,30.91570119681439,121.45257927700328,2019-07-18-23-37-25
1.0,30.91570407148316,121.45383270112032,2019-07-18-23-37-25
1.0,30.915705819922074,121.45458478376646,2019-07-18-23-37-25
1.0,30.915706406618394,121.45483548261262,2019-07-18-23-37-25
1.0,30.915706995240587,121.45508618375587,2019-07-18-23-37-25
1.0,30.90812994358179,121.51453829131006,2019-07-18-23-37-25
1.0,30.908132084670648,121.51529087553752,2019-07-18-23-37-25
1.0,30.90814817603246,121.52106033169225,2019-07-18-23-37-25
1.0,30.908368967254965,121.51077521453568,2019-07-18-23-37-25
1.0,30.908371873897156,121.5117787166141,2019-07-18-23-37-25
1.0,30.908372598515694,121.5120295899254,2019-07-18-23-37-25
1.0,30.908373322292473,121.51228046232441,2019-07-18-23-37-25
1.0,30.908374045215048,121.51253133379672,2019-07-18-23-37-25
1.0,30.908379080714024,121.51428740694689,2019-07-18-23-37-25
1.0,30.908382649154273,121.51554171395624,2019-07-18-23-37-25
1.0,30.908618820020752,121.51077519368091,2019-07-18-23-37-25
1.0,30.908623175057752,121.51228044148287,2019-07-18-23-37-25
1.0,30.908623897980245,121.51253131295739,2019-07-18-23-37-25
1.0,30.908634630909567,121.51629426412063,2019-07-18-23-37-25
1.0,30.908867214729234,121.51027341668106,2019-07-18-23-37-25
1.0,30.908868672775668,121.51077517282594,2019-07-18-23-37-25
1.0,30.908869400636256,121.51102604964596,2019-07-18-23-37-25
1.0,30.90887447279035,121.51278216265344,2019-07-18-23-37-25
1.0,30.90887806963624,121.51403650071137,2019-07-18-23-37-25
1.0,30.90888306536582,121.51579253045558,2019-07-18-23-37-25
1.0,30.90889428868161,121.51980609775696,2019-07-18-23-37-25
1.0,30.909006055797065,121.58569709377586,2019-07-18-23-37-25
1.0,30.909117067473503,121.51027339582147,2019-07-18-23-37-25
1.0,30.909125046710436,121.51303301139816,2019-07-18-23-37-25
1.0,30.90912792237924,121.5140364798848,2019-07-18-23-37-25
1.0,30.915726144060084,121.46285899630642,2019-07-18-23-37-25
1.0,30.91573933368819,121.46787471561733,2019-07-18-23-37-25
1.0,30.915748900064234,121.47138612126753,2019-07-18-23-37-25
1.0,30.91574959288981,121.47163694746887,2019-07-18-23-37-25
1.0,30.915757290959988,121.47439612919166,2019-07-18-23-37-25
1.0,30.915765119054086,121.47715546945025,2019-07-18-23-37-25
1.0,30.915790703556283,121.48593602506311,2019-07-18-23-37-25
1.0,30.91584240449438,121.50324795780259,2019-07-18-23-37-25
1.0,30.915930435970367,121.44280469994543,2019-07-18-23-37-25
1.0,30.915940593296988,121.44781680089977,2019-07-18-23-37-25
1.0,30.915943813113568,121.44932063631626,2019-07-18-23-37-25
1.0,30.91594435723685,121.44957128445736,2019-07-18-23-37-25
1.0,30.915945451824104,121.45007258828336,2019-07-18-23-37-25
1.0,30.91595567240405,121.45458476242712,2019-07-18-23-37-25
1.0,30.91595625910029,121.45483546127502,2019-07-18-23-37-25
1.0,30.915959819385588,121.45633970221252,2019-07-18-23-37-25
1.0,30.915960419361085,121.45659041690608,2019-07-18-23-37-25
1.0,30.915961624876893,121.45709185293785,2019-07-18-23-37-25
1.0,30.915963446914635,121.45784402342548,2019-07-18-23-37-25
1.0,30.915964057891216,121.4580947512593,2019-07-18-23-37-25
1.0,30.915967139552237,121.45934842243916,2019-07-18-23-37-25
1.0,30.915981200427723,121.46486517624655,2019-07-18-23-37-25
1.0,30.91598450242218,121.46611911156405,2019-07-18-23-37-25
1.0,30.91598583350913,121.46662069807074,2019-07-18-23-37-25
1.0,30.9091314957061,121.51529079227592,2019-07-18-23-37-25
1.0,30.90916365672044,121.52707975033293,2019-07-18-23-37-25
1.0,30.909164957751653,121.52758133293639,2019-07-18-23-37-25
1.0,30.9092424134053,121.56767787950558,2019-07-18-23-37-25
1.0,30.909369106113516,121.51102600793988,2019-07-18-23-37-25
1.0,30.909369833182136,121.51127688391001,2019-07-18-23-37-25
1.0,30.909371284893936,121.51177863322921,2019-07-18-23-37-25
1.0,30.909377775111476,121.51403645905805,2019-07-18-23-37-25
1.0,30.909379207350316,121.51453818719999,2019-07-18-23-37-25
1.0,30.909380635727793,121.51503991111935,2019-07-18-23-37-25
1.0,30.909384189136354,121.51629420169954,2019-07-18-23-37-25
1.0,30.909390518071692,121.51855185083255,2019-07-18-23-37-25
1.0,30.909391215652732,121.51880269452143,2019-07-18-23-37-25
1.0,30.90939812513526,121.5213110579965,2019-07-18-23-37-25
1.0,30.909616772929795,121.5102733541017,2019-07-18-23-37-25
1.0,30.90962113761622,121.5117786123825,2019-07-18-23-37-25
1.0,30.90962258601069,121.51228035811484,2019-07-18-23-37-25
1.0,30.909623308932847,121.51253122959815,2019-07-18-23-37-25
1.0,30.909629774749124,121.51478902887418,2019-07-18-23-37-25
1.0,30.909632623560817,121.51579246802095,2019-07-18-23-37-25
1.0,30.909868811547938,121.51102596623302,2019-07-18-23-37-25
1.0,30.909869538616388,121.51127684220758,2019-07-18-23-37-25
1.0,30.909881765577392,121.51554158907456,2019-07-18-23-37-25
1.0,30.909960550770087,121.54763781754863,2019-07-18-23-37-25
1.0,30.90998958195515,121.56567467281343,2019-07-18-23-37-25
2.0,30.91598918616588,121.46787469437832,2019-07-18-23-37-25
1.0,30.915991893196367,121.46887792145772,2019-07-18-23-37-25
1.0,30.916001531031718,121.47238941359198,2019-07-18-23-37-25
1.0,30.9160043282509,121.47339274986992,2019-07-18-23-37-25
1.0,30.916014254935067,121.47690459311289,2019-07-18-23-37-25
1.0,30.91602218717039,121.47966406121462,2019-07-18-23-37-25
1.0,30.916040556027923,121.48593600397881,2019-07-18-23-37-25
1.0,30.916043529216225,121.48693955816661,2019-07-18-23-37-25
1.0,30.91618077466363,121.4430552578717,2019-07-18-23-37-25
1.0,30.916181263205065,121.44330583997166,2019-07-18-23-37-25
1.0,30.916183740519465,121.4445587915547,2019-07-18-23-37-25
1.0,30.91618424285095,121.44480939002675,2019-07-18-23-37-25
1.0,30.916185254321263,121.44531059505533,2019-07-18-23-37-25
1.0,30.91618834262729,121.44681427416391,2019-07-18-23-37-25
1.0,30.916190977017592,121.44806741234325,2019-07-18-23-37-25
1.0,30.916191510430654,121.44831804774806,2019-07-18-23-37-25
1.0,30.91619204600265,121.44856868572005,2019-07-18-23-37-25
1.0,30.91619312358977,121.4490699693265,2019-07-18-23-37-25
1.0,30.916196407281806,121.45057388073403,2019-07-18-23-37-25
1.0,30.916203776438337,121.45383265843098,2019-07-18-23-37-25
1.0,30.916206700194977,121.45508614108398,2019-07-18-23-37-25
1.0,30.91620729073334,121.45533684451678,2019-07-18-23-37-25
1.0,30.916208477520666,121.45583825819597,2019-07-18-23-37-25
1.0,30.916209073750345,121.45608896841999,2019-07-18-23-37-25
1.0,30.910118664249215,121.51102594537932,2019-07-18-23-37-25
1.0,30.910123014344993,121.51253118791739,2019-07-18-23-37-25
1.0,30.91012517786158,121.51328379667608,2019-07-18-23-37-25
1.0,30.910129480159757,121.51478898723278,2019-07-18-23-37-25
1.0,30.91013232897078,121.51579242639691,2019-07-18-23-37-25
1.0,30.910133038638023,121.5160432834071,2019-07-18-23-37-25
1.0,30.91013374726675,121.51629413927672,2019-07-18-23-37-25
1.0,30.910161104446793,121.52632728058458,2019-07-18-23-37-25
1.0,30.910374310266736,121.51303290721869,2019-07-18-23-37-25
1.0,30.910375030551553,121.513283775842,2019-07-18-23-37-25
1.0,30.91037718593386,121.5140363757491,2019-07-18-23-37-25
1.0,30.910621273017114,121.51202940232491,2019-07-18-23-37-25
1.0,30.910875455280923,121.51353460181669,2019-07-18-23-37-25
1.0,30.910877607877325,121.51428719869826,2019-07-18-23-37-25
1.0,30.91100409744029,121.5836956165947,2019-07-18-23-37-25
1.0,30.911131028971273,121.51554148500124,2019-07-18-23-37-25
1.0,30.911132449331472,121.51604320016538,2019-07-18-23-37-25
1.0,30.911134572052635,121.51679576432228,2019-07-18-23-37-25
1.0,30.911139486889937,121.51855170531171,2019-07-18-23-37-25
1.0,30.91138794091167,121.51804999328441,2019-07-18-23-37-25
1.0,30.911502842640257,121.58169405683675,2019-07-18-23-37-25
1.0,30.911996227950702,121.57293495848381,2019-07-18-23-37-25
1.0,30.912004683830716,121.58694756578795,2019-07-18-23-37-25
1.0,30.912246308836362,121.57318525110995,2019-07-18-23-37-25
1.0,30.912362959498374,121.50952048427528,2019-07-18-23-37-25
1.0,30.916210873666817,121.45684111249474,2019-07-18-23-37-25
1.0,30.91621269021852,121.45759327643479,2019-07-18-23-37-25
1.0,30.916216992023454,121.4593484011339,2019-07-18-23-37-25
1.0,30.91621948887573,121.46035137579115,2019-07-18-23-37-25
1.0,30.916229742621454,121.46436359350196,2019-07-18-23-37-25
1.0,30.91623568597799,121.46662067682149,2019-07-18-23-37-25
1.0,30.916242425786024,121.46912871105967,2019-07-18-23-37-25
1.0,30.916243107230187,121.46937952349049,2019-07-18-23-37-25
1.0,30.916245846002006,121.47038278892397,2019-07-18-23-37-25
1.0,30.916252779814595,121.47289105774526,2019-07-18-23-37-25
1.0,30.916254882859267,121.47364356619796,2019-07-18-23-37-25
1.0,30.916257702414995,121.47464692966885,2019-07-18-23-37-25
1.0,30.91626697937012,121.47790799953472,2019-07-18-23-37-25
1.0,30.916278603893844,121.48192187859622,2019-07-18-23-37-25
1.0,30.916297108153895,121.48819399286545,2019-07-18-23-37-25
1.0,30.91634061680399,121.50274612341238,2019-07-18-23-37-25
1.0,30.916343600442403,121.50374970689684,2019-07-18-23-37-25
1.0,30.916377220778635,121.51529018853803,2019-07-18-23-37-25
1.0,30.916430627130726,121.44305523645832,2019-07-18-23-37-25
1.0,30.916433592986106,121.4445587701501,2019-07-18-23-37-25
1.0,30.91643459992062,121.44505996979501,2019-07-18-23-37-25
1.0,30.916436127282424,121.44581178940605,2019-07-18-23-37-25
1.0,30.916437674807806,121.44656363297118,2019-07-18-23-37-25
1.0,30.916438717587084,121.44706487519926,2019-07-18-23-37-25
1.0,30.916442436190515,121.44881930487114,2019-07-18-23-37-25
1.0,30.91273796091147,121.56567444750743,2019-07-18-23-37-25
1.0,30.91286339631579,121.50977132344602,2019-07-18-23-37-25
1.0,30.912869222055942,121.51177834135797,2019-07-18-23-37-25
1.0,30.912900146865162,121.52281571776591,2019-07-18-23-37-25
1.0,30.91317152683661,121.53109187794006,2019-07-18-23-37-25
1.0,30.913205134660654,121.54588319805167,2019-07-18-23-37-25
1.0,30.913245025906186,121.57243422049766,2019-07-18-23-37-25
1.0,30.91399594484791,121.57393602810276,2019-07-18-23-37-25
1.0,30.914860752696583,121.50926939388377,2019-07-18-23-37-25
1.0,30.914953593231957,121.54563242192951,2019-07-18-23-37-25
1.0,30.915129380821533,121.51579201011454,2019-07-18-23-37-25
1.0,30.91518601160838,121.53761088537068,2019-07-18-23-37-25
1.0,30.9152252136394,121.55765971239035,2019-07-18-23-37-25
1.0,30.91522560654596,121.55791021263006,2019-07-18-23-37-25
1.0,30.915247810977505,121.57718958174833,2019-07-18-23-37-25
1.0,30.915363382722713,121.5102728742694,2019-07-18-23-37-25
4.0,30.91537566983162,121.51453768740518,2019-07-18-23-37-25
1.0,30.91548410540925,121.56392130802894,2019-07-18-23-37-25
1.0,30.915497844059683,121.57743982014411,2019-07-18-23-37-25
1.0,30.915693059364333,121.54086987896767,2019-07-18-23-37-25
1.0,30.91599699870019,121.57668899310524,2019-07-18-23-37-25
1.0,30.91600044516645,121.58219408794945,2019-07-18-23-37-25
1.0,30.91600125562275,121.5839453833517,2019-07-18-23-37-25
1.0,30.91620833058578,121.54838912933249,2019-07-18-23-37-25
1.0,30.916377220778635,121.51529018853803,2019-07-18-23-37-25
1.0,30.916444608415826,121.4498218923729,2019-07-18-23-37-25
1.0,30.916445707209704,121.45032320121122,2019-07-18-23-37-25
1.0,30.916446259746607,121.45057385936708,2019-07-18-23-37-25
1.0,30.91645362890212,121.45383263708601,2019-07-18-23-37-25
1.0,30.916455377340327,121.45458471974783,2019-07-18-23-37-25
1.0,30.916456552658364,121.45508611974775,2019-07-18-23-37-25
1.0,30.91645773564167,121.45558752889178,2019-07-18-23-37-25
1.0,30.916458926213412,121.45608894709085,2019-07-18-23-37-25
1.0,30.91646254268111,121.45759325511645,2019-07-18-23-37-25
1.0,30.91646437560035,121.45834543861724,2019-07-18-23-37-25
1.0,30.916469341337436,121.46035135449316,2019-07-18-23-37-25
1.0,30.91648420735104,121.46611906905736,2019-07-18-23-37-25
1.0,30.91649227824487,121.46912868983046,2019-07-18-23-37-25
1.0,30.916492959688952,121.46937950226331,2019-07-18-23-37-25
1.0,30.916503332156164,121.4731418713247,2019-07-18-23-37-25
1.0,30.916504033174956,121.47339270748235,2019-07-18-23-37-25
1.0,30.916504735316618,121.4736435450062,2019-07-18-23-37-25
1.0,30.916516831826044,121.47790797837936,2019-07-18-23-37-25
1.0,30.916528456348416,121.48192185747591,2019-07-18-23-37-25
1.0,30.91653877729708,121.48543418850937,2019-07-18-23-37-25
1.0,30.9166089869597,121.50901836530689,2019-07-18-23-37-25
1.0,30.91667807189647,121.44180234608548,2019-07-18-23-37-25
1.0,30.9166785487421,121.44205291430859,2019-07-18-23-37-25
1.0,30.916679509487054,121.44255405912467,2019-07-18-23-37-25
1.0,30.916680479588685,121.44305521504472,2019-07-18-23-37-25
1.0,30.916464289041663,121.55164674449456,2019-07-18-23-37-25
1.0,30.91670306958483,121.54588290983313,2019-07-18-23-37-25
1.0,30.916711373281434,121.55014325638197,2019-07-18-23-37-25
1.0,30.91673434093401,121.56467247290117,2019-07-18-23-37-25
1.0,30.916752585908604,121.59670005744371,2019-07-18-23-37-25
1.0,30.916869033456685,121.51253062515224,2019-07-18-23-37-25
1.0,30.91686975550977,121.51278149575813,2019-07-18-23-37-25
1.0,30.91687692565602,121.51529014689503,2019-07-18-23-37-25
1.0,30.916966674870654,121.55315007205563,2019-07-18-23-37-25
1.0,30.916983871613844,121.56442203302326,2019-07-18-23-37-25
1.0,30.916984193352878,121.56467245241068,2019-07-18-23-37-25
1.0,30.917002581569633,121.59544993358877,2019-07-18-23-37-25
1.0,30.917002362082567,121.59720005684294,2019-07-18-23-37-25
2.0,30.917110157216488,121.50952008773265,2019-07-18-23-37-25
1.0,30.91712032910962,121.51303234456701,2019-07-18-23-37-25
1.0,30.91720528604304,121.54713599032769,2019-07-18-23-37-25
1.0,30.91721107811841,121.55014321525647,2019-07-18-23-37-25
1.0,30.91736801538006,121.51227971190887,2019-07-18-23-37-25
1.0,30.9173687382996,121.51253058346039,2019-07-18-23-37-25
1.0,30.917369460352518,121.51278145407068,2019-07-18-23-37-25
1.0,30.917370901808855,121.51328319241009,2019-07-18-23-37-25
1.0,30.917386497674435,121.51880202927525,2019-07-18-23-37-25
1.0,30.91743583548428,121.53811211464627,2019-07-18-23-37-25
1.0,30.917502237198605,121.59594994335957,2019-07-18-23-37-25
1.0,30.91761132457108,121.51002180710795,2019-07-18-23-37-25
1.0,30.91669175092435,121.44856864296001,2019-07-18-23-37-25
1.0,30.91669228864672,121.44881928349263,2019-07-18-23-37-25
1.0,30.916696666820723,121.45082449863507,2019-07-18-23-37-25
1.0,30.916701750591212,121.45308055414131,2019-07-18-23-37-25
1.0,30.916704645034102,121.45433400186282,2019-07-18-23-37-25
1.0,30.91670640511261,121.45508609841131,2019-07-18-23-37-25
1.0,30.91671856699112,121.46010058643225,2019-07-18-23-37-25
1.0,30.916729447533132,121.4643635509672,2019-07-18-23-37-25
1.0,30.916730757808512,121.4648651124565,2019-07-18-23-37-25
1.0,30.916732734550315,121.46561746830761,2019-07-18-23-37-25
1.0,30.91673339644107,121.46586825717137,2019-07-18-23-37-25
1.0,30.91673405980174,121.46611904780372,2019-07-18-23-37-25
1.0,30.91674077178597,121.46862704853802,2019-07-18-23-37-25
1.0,30.91674145057321,121.46887785776394,2019-07-18-23-37-25
1.0,30.916743494893673,121.46963029505532,2019-07-18-23-37-25
1.0,30.916771744536444,121.47966399779429,2019-07-18-23-37-25
1.0,30.91677247079816,121.47991486489387,2019-07-18-23-37-25
1.0,30.916784191823215,121.48392886414437,2019-07-18-23-37-25
1.0,30.916822324322524,121.49672449124,2019-07-18-23-37-25
1.0,30.916869033456685,121.51253062515224,2019-07-18-23-37-25
1.0,30.91686975550977,121.51278149575813,2019-07-18-23-37-25
1.0,30.91687692565602,121.51529014689503,2019-07-18-23-37-25
1.0,30.916929361936088,121.442554037708,2019-07-18-23-37-25
1.0,30.91693430482625,121.44505992699119,2019-07-18-23-37-25
2.0,30.917617867788117,121.51227969106046,2019-07-18-23-37-25
2.0,30.917619312760404,121.51278143322666,2019-07-18-23-37-25
1.0,30.9176200339342,121.51303230288356,2019-07-18-23-37-25
1.0,30.917656680672152,121.52632665876845,2019-07-18-23-37-25
1.0,30.917712637998786,121.55114549676495,2019-07-18-23-37-25
1.0,30.91774902244773,121.5814433415678,2019-07-18-23-37-25
2.0,30.917861907128664,121.51027266561508,2019-07-18-23-37-25
1.0,30.917862636532195,121.51052354417999,2019-07-18-23-37-25
1.0,30.917868443106634,121.51253054176777,2019-07-18-23-37-25
1.0,30.917869165159377,121.51278141238247,2019-07-18-23-37-25
1.0,30.91786988633309,121.51303228204155,2019-07-18-23-37-25
1.0,30.91790914747205,121.52732981734415,2019-07-18-23-37-25
1.0,30.917956811271214,121.54813837922188,2019-07-18-23-37-25
3.0,30.91796782263352,121.55415217991896,2019-07-18-23-37-25
1.0,30.91799222271879,121.57243383172376,2019-07-18-23-37-25
1.0,30.91799245658262,121.57268415117264,2019-07-18-23-37-25
1.0,30.917999137392403,121.58194372654282,2019-07-18-23-37-25
1.0,30.918112488923068,121.51052352331573,2019-07-18-23-37-25
3.0,30.918117572577543,121.51227964936307,2019-07-18-23-37-25
2.0,30.918118295496832,121.51253052092117,2019-07-18-23-37-25
1.0,30.918119017549493,121.51278139153807,2019-07-18-23-37-25
1.0,30.91811973872312,121.51303226119936,2019-07-18-23-37-25
1.0,30.918134658550468,121.51830027809164,2019-07-18-23-37-25
1.0,30.91824036013547,121.57068148647573,2019-07-18-23-37-25
1.0,30.9182413567876,121.57168283389765,2019-07-18-23-37-25
1.0,30.916934811693153,121.44531053085441,2019-07-18-23-37-25
1.0,30.916956257557782,121.45508607707468,2019-07-18-23-37-25
1.0,30.916972205620183,121.46160507612468,2019-07-18-23-37-25
1.0,30.916977995844572,121.46386197558763,2019-07-18-23-37-25
1.0,30.91697995435035,121.46461430952981,2019-07-18-23-37-25
1.0,30.916981267664916,121.46511587467556,2019-07-18-23-37-25
1.0,30.916991983135212,121.46912864737143,2019-07-18-23-37-25
1.0,30.91703109752016,121.48292532256656,2019-07-18-23-37-25
1.0,30.917031833257013,121.48317620148993,2019-07-18-23-37-25
1.0,30.917032569634234,121.48342708122001,2019-07-18-23-37-25
1.0,30.917038482176498,121.48543414633045,2019-07-18-23-37-25
1.0,30.917102064809196,121.50676034993691,2019-07-18-23-37-25
2.0,30.917110157216488,121.50952008773265,2019-07-18-23-37-25
1.0,30.91712032910962,121.51303234456701,2019-07-18-23-37-25
1.0,30.91717777678596,121.44180230324343,2019-07-18-23-37-25
1.0,30.917182152514886,121.44405751710819,2019-07-18-23-37-25
1.0,30.91718466413233,121.44531050945372,2019-07-18-23-37-25
1.0,30.917191455809736,121.44856860019918,2019-07-18-23-37-25
1.0,30.917201455473794,121.45308051144006,2019-07-18-23-37-25
1.0,30.917204934676366,121.4545846557274,2019-07-18-23-37-25
1.0,30.917206700531978,121.4553367591777,2019-07-18-23-37-25
1.0,30.917207292976762,121.45558746489249,2019-07-18-23-37-25
1.0,30.917216401816983,121.45934831591082,2019-07-18-23-37-25
1.0,30.917218271869245,121.46010054383152,2019-07-18-23-37-25
1.0,30.918242308954493,121.57268413070975,2019-07-18-23-37-25
1.0,30.918362341305134,121.51052350245128,2019-07-18-23-37-25
1.0,30.918367424959015,121.51227962851408,2019-07-18-23-37-25
1.0,30.91836814787822,121.51253050007439,2019-07-18-23-37-25
1.0,30.918382407887034,121.51754771461614,2019-07-18-23-37-25
1.0,30.918492392392615,121.57293442652426,2019-07-18-23-37-25
1.0,30.91849372017869,121.57443625744014,2019-07-18-23-37-25
1.0,30.91850167199894,121.59119887801693,2019-07-18-23-37-25
1.0,30.91861872230335,121.51278134984871,2019-07-18-23-37-25
1.0,30.918709722672777,121.5498925044412,2019-07-18-23-37-25
1.0,30.918710192414476,121.55014309187546,2019-07-18-23-37-25
1.0,30.91872769138853,121.56066523400149,2019-07-18-23-37-25
1.0,30.91874177980823,121.57243377033225,2019-07-18-23-37-25
1.0,30.918989402237727,121.57018073242514,2019-07-18-23-37-25
1.0,30.91899042107753,121.57118210509871,2019-07-18-23-37-25
1.0,30.91899209709241,121.57293438559907,2019-07-18-23-37-25
1.0,30.9189955970824,121.57718927500166,2019-07-18-23-37-25
1.0,30.919171093741685,121.53234517617403,2019-07-18-23-37-25
1.0,30.919234432891066,121.56592431890229,2019-07-18-23-37-25
1.0,30.919381114067196,121.51729678136505,2019-07-18-23-37-25
1.0,30.919705289198962,121.54788762644769,2019-07-18-23-37-25
1.0,30.919738959224905,121.57018067100964,2019-07-18-23-37-25
1.0,30.919743811058524,121.57543731205863,2019-07-18-23-37-25
1.0,30.919744011345138,121.57568759330621,2019-07-18-23-37-25
1.0,30.91974459535429,121.57643841787265,2019-07-18-23-37-25
1.0,30.917224615404585,121.4626081019818,2019-07-18-23-37-25
1.0,30.917231779015296,121.46536663870553,2019-07-18-23-37-25
1.0,30.917241155445616,121.46887781530044,2019-07-18-23-37-25
1.0,30.917251490853452,121.47264013956175,2019-07-18-23-37-25
1.0,30.91727072395692,121.4794130894205,2019-07-18-23-37-25
1.0,30.917272175663207,121.47991482261706,2019-07-18-23-37-25
1.0,30.917276549684495,121.481420045666,2019-07-18-23-37-25
1.0,30.917278013657544,121.48192179411379,2019-07-18-23-37-25
1.0,30.9172890761693,121.48568501156822,2019-07-18-23-37-25
2.0,30.9173054975103,121.4912046509345,2019-07-18-23-37-25
1.0,30.91733778487226,121.5019933481433,2019-07-18-23-37-25
1.0,30.917339279670617,121.50249514284745,2019-07-18-23-37-25
1.0,30.917340773037264,121.50299693614723,2019-07-18-23-37-25
1.0,30.91736801538006,121.51227971190887,2019-07-18-23-37-25
1.0,30.9173687382996,121.51253058346039,2019-07-18-23-37-25
1.0,30.917369460352518,121.51278145407068,2019-07-18-23-37-25
1.0,30.917370901808855,121.51328319241009,2019-07-18-23-37-25
1.0,30.917386497674435,121.51880202927525,2019-07-18-23-37-25
1.0,30.917427629217215,121.44180228182212,2019-07-18-23-37-25
1.0,30.917428585261657,121.44230342106955,2019-07-18-23-37-25
1.0,30.917429066807124,121.44255399487409,2019-07-18-23-37-25
1.0,30.91743400969578,121.44505988418659,2019-07-18-23-37-25
1.0,30.91743451656253,121.44531048805283,2019-07-18-23-37-25
1.0,30.917435025685442,121.44556109459892,2019-07-18-23-37-25
1.0,30.919989070402206,121.5704309984365,2019-07-18-23-37-25
1.0,30.919993460276228,121.57518700716042,2019-07-18-23-37-25
1.0,30.919995364779236,121.57768970770235,2019-07-18-23-37-25
1.0,30.919998328805686,121.58269414707891,2019-07-18-23-37-25
1.0,30.92016040810351,121.52833278232114,2019-07-18-23-37-25
1.0,30.920413461151124,121.52958666052464,2019-07-18-23-37-25
1.0,30.920414729940678,121.5300882071915,2019-07-18-23-37-25
1.0,30.920477734824562,121.5614164758853,2019-07-18-23-37-25
1.0,30.920492107360545,121.57393549618106,2019-07-18-23-37-25
1.0,30.920669589546524,121.53209429701505,2019-07-18-23-37-25
1.0,30.920724284763388,121.55916221853592,2019-07-18-23-37-25
1.0,30.920918821968925,121.53184351930007,2019-07-18-23-37-25
1.0,30.920954550706995,121.54788752355422,2019-07-18-23-37-25
1.0,30.920957446934352,121.54939113638176,2019-07-18-23-37-25
1.0,30.920995290423974,121.57844037362997,2019-07-18-23-37-25
1.0,30.921163018023258,121.52958659840463,2019-07-18-23-37-25
1.0,30.921169294118094,121.53209425564003,2019-07-18-23-37-25
1.0,30.92122360933077,121.55891169190095,2019-07-18-23-37-25
1.0,30.92122398931855,121.55916217750004,2019-07-18-23-37-25
1.0,30.921243517231694,121.57618802348576,2019-07-18-23-37-25
1.0,30.92135837876595,121.50977061385721,2019-07-18-23-37-25
1.0,30.92140772981729,121.52758031774195,2019-07-18-23-37-25
1.0,30.921418526524295,121.53184347792089,2019-07-18-23-37-25
1.0,30.92146787183184,121.55540456643716,2019-07-18-23-37-25
1.0,30.921474218972705,121.55941263963007,2019-07-18-23-37-25
1.0,30.91743553705667,121.44581170381578,2019-07-18-23-37-25
1.0,30.91743605066833,121.44606231569425,2019-07-18-23-37-25
1.0,30.917440239254656,121.44806730542577,2019-07-18-23-37-25
1.0,30.917454202343308,121.45433393783657,2019-07-18-23-37-25
1.0,30.9174547871037,121.45458463438686,2019-07-18-23-37-25
1.0,30.917458934081907,121.45633957424658,2019-07-18-23-37-25
1.0,30.91746134509192,121.4573424463305,2019-07-18-23-37-25
1.0,30.917463172584185,121.45809462336938,2019-07-18-23-37-25
2.0,30.91746563437439,121.45909755612844,2019-07-18-23-37-25
1.0,30.917467499213284,121.45984977781765,2019-07-18-23-37-25
1.0,30.91747127525132,121.46135427668317,2019-07-18-23-37-25
1.0,30.917476402803526,121.46336038640663,2019-07-18-23-37-25
1.0,30.917479659207554,121.4646142669978,2019-07-18-23-37-25
1.0,30.91748097252179,121.46511583215143,2019-07-18-23-37-25
1.0,30.917481631439163,121.46536661744534,2019-07-18-23-37-25
1.0,30.917487627503867,121.46762376428563,2019-07-18-23-37-25
1.0,30.917488975555656,121.46812537125902,2019-07-18-23-37-25
1.0,30.917491007868332,121.46887779406839,2019-07-18-23-37-25
1.0,30.91750134327492,121.47264011836077,2019-07-18-23-37-25
1.0,30.917506258096502,121.4743959808924,2019-07-18-23-37-25
1.0,30.917515522180416,121.47765703514469,2019-07-18-23-37-25
1.0,30.917521301820777,121.47966393437221,2019-07-18-23-37-25
1.0,30.917522028082242,121.47991480147836,2019-07-18-23-37-25
1.0,30.917530067281554,121.48267440223592,2019-07-18-23-37-25
1.0,30.917533749103228,121.48392880083492,2019-07-18-23-37-25
1.0,30.92147749771193,121.56166684968001,2019-07-18-23-37-25
1.0,30.92148991849475,121.57218322258555,2019-07-18-23-37-25
1.0,30.921490848365256,121.5731844940735,2019-07-18-23-37-25
1.0,30.92149129655372,121.57368511076245,2019-07-18-23-37-25
1.0,30.921493750400664,121.57668854315621,2019-07-18-23-37-25
1.0,30.921497676856077,121.58319439777148,2019-07-18-23-37-25
1.0,30.921667757174596,121.53159269823377,2019-07-18-23-37-25
1.0,30.92173138764847,121.56467206305597,2019-07-18-23-37-25
1.0,30.921740926109933,121.57343478354444,2019-07-18-23-37-25
1.0,30.921747642066304,121.58344455918913,2019-07-18-23-37-25
1.0,30.921747964044418,121.58419508552768,2019-07-18-23-37-25
1.0,30.921748065739525,121.58444525456422,2019-07-18-23-37-25
1.0,30.92190808250673,121.5278310650714,2019-07-18-23-37-25
1.0,30.922141285407506,121.52156082755685,2019-07-18-23-37-25
1.0,30.9221507204765,121.52507227330726,2019-07-18-23-37-25
1.0,30.922157934757507,121.52783104435001,2019-07-18-23-37-25
1.0,30.922233568653574,121.56667526661789,2019-07-18-23-37-25
1.0,30.922360706900314,121.51077404637346,2019-07-18-23-37-25
1.0,30.922366506878525,121.5127810371541,2019-07-18-23-37-25
1.0,30.922375099399517,121.51579140636956,2019-07-18-23-37-25
1.0,30.922381447966007,121.51804907817221,2019-07-18-23-37-25
1.0,30.922408433584284,121.52808181063946,2019-07-18-23-37-25
1.0,30.9224565604711,121.54939101295743,2019-07-18-23-37-25
1.0,30.92249914985145,121.58994810402967,2019-07-18-23-37-25
1.0,30.92260910110381,121.51027226911914,2019-07-18-23-37-25
1.0,30.91753670547587,121.48493233352649,2019-07-18-23-37-25
1.0,30.91753818701981,121.48543410415074,2019-07-18-23-37-25
1.0,30.9175441331865,121.48744121239542,2019-07-18-23-37-25
1.0,30.917589878950658,121.5027460187469,2019-07-18-23-37-25
1.0,30.91761132457108,121.51002180710795,2019-07-18-23-37-25
2.0,30.917617867788117,121.51227969106046,2019-07-18-23-37-25
2.0,30.917619312760404,121.51278143322666,2019-07-18-23-37-25
1.0,30.9176200339342,121.51303230288356,2019-07-18-23-37-25
1.0,30.917656680672152,121.52632665876845,2019-07-18-23-37-25
1.0,30.917678919229246,121.44255397345682,2019-07-18-23-37-25
1.0,30.91767940311382,121.4428045500388,2019-07-18-23-37-25
1.0,30.917686937002042,121.4465635260058,2019-07-18-23-37-25
1.0,30.917687979780556,121.44706476824939,2019-07-18-23-37-25
1.0,30.91768850447428,121.44731539329855,2019-07-18-23-37-25
1.0,30.917689560429796,121.44781665120423,2019-07-18-23-37-25
1.0,30.9176900916751,121.44806728404167,2019-07-18-23-37-25
1.0,30.917691698381294,121.44881919797658,2019-07-18-23-37-25
1.0,30.917705226217805,121.45483531190631,2019-07-18-23-37-25
1.0,30.917709386474712,121.45659026762435,2019-07-18-23-37-25
1.0,30.917717976711483,121.46010050122999,2019-07-18-23-37-25
1.0,30.91771923201535,121.46060199681357,2019-07-18-23-37-25
1.0,30.91772690338403,121.46361113750953,2019-07-18-23-37-25
1.0,30.91773214426352,121.46561738327517,2019-07-18-23-37-25
1.0,30.91774018149523,121.46862696360209,2019-07-18-23-37-25
1.0,30.917741540403178,121.46912858368142,2019-07-18-23-37-25
1.0,30.922630599187332,121.5177982097694,2019-07-18-23-37-25
1.0,30.92263269882152,121.51855074879978,2019-07-18-23-37-25
1.0,30.92270203698303,121.54713553750157,2019-07-18-23-37-25
1.0,30.9227396501951,121.57268376234605,2019-07-18-23-37-25
1.0,30.92274670365894,121.58269392222243,2019-07-18-23-37-25
1.0,30.922859682738615,121.51052312685833,2019-07-18-23-37-25
1.0,30.92298805747534,121.57118177758291,2019-07-18-23-37-25
1.0,30.92298950240898,121.57268374187963,2019-07-18-23-37-25
1.0,30.922993766837468,121.57793971473473,2019-07-18-23-37-25
1.0,30.922993938999884,121.57818996398365,2019-07-18-23-37-25
1.0,30.922996790241914,121.58319427512362,2019-07-18-23-37-25
1.0,30.922997705520004,121.58544579649755,2019-07-18-23-37-25
1.0,30.923105880539357,121.5092687049709,2019-07-18-23-37-25
1.0,30.92312536575581,121.51604220102669,2019-07-18-23-37-25
1.0,30.92312607438018,121.51629305700864,2019-07-18-23-37-25
1.0,30.92313030364046,121.51779816815997,2019-07-18-23-37-25
1.0,30.923173006872222,121.53410007437328,2019-07-18-23-37-25
1.0,30.923214289948834,121.5539012051894,2019-07-18-23-37-25
1.0,30.9232220446493,121.55866103918548,2019-07-18-23-37-25
1.0,30.923235555082496,121.56892859768926,2019-07-18-23-37-25
1.0,30.92324664244538,121.58319425468166,2019-07-18-23-37-25
1.0,30.923248529454025,121.58894762809646,2019-07-18-23-37-25
1.0,30.923368076620545,121.51353355995933,2019-07-18-23-37-25
1.0,30.923382255488864,121.51855068640457,2019-07-18-23-37-25
1.0,30.923384344694494,121.51930321393333,2019-07-18-23-37-25
1.0,30.917744273998128,121.47013184290698,2019-07-18-23-37-25
1.0,30.917747719620728,121.47138595157999,2019-07-18-23-37-25
1.0,30.917749106476588,121.47188760547864,2019-07-18-23-37-25
1.0,30.91774980170177,121.47213843460828,2019-07-18-23-37-25
1.0,30.917758942887225,121.47539933886964,2019-07-18-23-37-25
1.0,30.917766814251966,121.47815873232535,2019-07-18-23-37-25
1.0,30.91777042878642,121.47941304713416,2019-07-18-23-37-25
1.0,30.917771880492367,121.47991478033947,2019-07-18-23-37-25
1.0,30.9177865578843,121.48493231243187,2019-07-18-23-37-25
1.0,30.91778803942807,121.4854340830606,2019-07-18-23-37-25
1.0,30.91778878099456,121.48568496939261,2019-07-18-23-37-25
1.0,30.917791008718467,121.48643763228075,2019-07-18-23-37-25
1.0,30.917791752258424,121.48668852115784,2019-07-18-23-37-25
2.0,30.917861907128664,121.51027266561508,2019-07-18-23-37-25
1.0,30.917862636532195,121.51052354417999,2019-07-18-23-37-25
1.0,30.917868443106634,121.51253054176777,2019-07-18-23-37-25
1.0,30.917869165159377,121.51278141238247,2019-07-18-23-37-25
1.0,30.91786988633309,121.51303228204155,2019-07-18-23-37-25
1.0,30.91790914747205,121.52732981734415,2019-07-18-23-37-25
1.0,30.917931214310045,121.44380686254692,2019-07-18-23-37-25
1.0,30.917935755501585,121.44606227290097,2019-07-18-23-37-25
1.0,30.91793678941409,121.44656350461214,2019-07-18-23-37-25
1.0,30.91794047749921,121.4483178980733,2019-07-18-23-37-25
1.0,30.917942090656705,121.44906981968535,2019-07-18-23-37-25
1.0,30.917943176776998,121.44957111346555,2019-07-18-23-37-25
1.0,30.92338573154685,121.51980489236854,2019-07-18-23-37-25
1.0,30.923386423152195,121.52005572956983,2019-07-18-23-37-25
1.0,30.9234892068135,121.57268370094623,2019-07-18-23-37-25
1.0,30.923489437887255,121.57293401723894,2019-07-18-23-37-25
1.0,30.92349011435789,121.57368494705716,2019-07-18-23-37-25
1.0,30.923495210011872,121.58069223914381,2019-07-18-23-37-25
1.0,30.923630008062734,121.51779812654978,2019-07-18-23-37-25
1.0,30.92373905900424,121.57268368047924,2019-07-18-23-37-25
1.0,30.923743995173478,121.5789406311394,2019-07-18-23-37-25
1.0,30.923748544250362,121.59594943261297,2019-07-18-23-37-25
1.0,30.92387421271691,121.51579128143678,2019-07-18-23-37-25
1.0,30.923879860262442,121.51779810574439,2019-07-18-23-37-25
1.0,30.923917668690645,121.53209402806397,2019-07-18-23-37-25
1.0,30.923958945134466,121.55114498276794,2019-07-18-23-37-25
1.0,30.92396076165708,121.55214726183712,2019-07-18-23-37-25
1.0,30.923989596034765,121.57343459936689,2019-07-18-23-37-25
1.0,30.923991499516642,121.57568724553491,2019-07-18-23-37-25
1.0,30.92399169699451,121.57593752359854,2019-07-18-23-37-25
1.0,30.923996735639548,121.58444507060584,2019-07-18-23-37-25
1.0,30.924121216117516,121.5147878209637,2019-07-18-23-37-25
1.0,30.924129712454597,121.51779808493882,2019-07-18-23-37-25
1.0,30.924132509663405,121.51880146782209,2019-07-18-23-37-25
1.0,30.924133206068984,121.51905231034266,2019-07-18-23-37-25
1.0,30.924210163345368,121.55189667563694,2019-07-18-23-37-25
1.0,30.924235506417293,121.56942923987184,2019-07-18-23-37-25
1.0,30.91794986882966,121.45257908481786,2019-07-18-23-37-25
1.0,30.91795390717144,121.45433389515141,2019-07-18-23-37-25
1.0,30.917955078627283,121.45483529056712,2019-07-18-23-37-25
1.0,30.91795625778657,121.45533669517133,2019-07-18-23-37-25
1.0,30.917963490184537,121.45834531073596,2019-07-18-23-37-25
1.0,30.917964104747735,121.4585960428721,2019-07-18-23-37-25
1.0,30.917964721089437,121.45884677713458,2019-07-18-23-37-25
1.0,30.917965339199498,121.45909751351162,2019-07-18-23-37-25
1.0,30.917968455917766,121.46035122670102,2019-07-18-23-37-25
1.0,30.917969084422992,121.46060197551627,2019-07-18-23-37-25
1.0,30.917978056815826,121.46411266663408,2019-07-18-23-37-25
1.0,30.917980677343007,121.46511578962651,2019-07-18-23-37-25
1.0,30.917990033900256,121.4686269423676,2019-07-18-23-37-25
1.0,30.91799207425162,121.46937937489618,2019-07-18-23-37-25
1.0,30.918005962911586,121.47439593851942,2019-07-18-23-37-25
1.0,30.918008085625505,121.47514847098185,2019-07-18-23-37-25
1.0,30.918015946371675,121.47790785144312,2019-07-18-23-37-25
1.0,30.91802028118785,121.4794130259907,2019-07-18-23-37-25
1.0,30.918036410283868,121.48493229133706,2019-07-18-23-37-25
1.0,30.918042348658485,121.48693938955704,2019-07-18-23-37-25
1.0,30.91804309310791,121.4871902796194,2019-07-18-23-37-25
1.0,30.918047568497197,121.48869563142074,2019-07-18-23-37-25
1.0,30.918112488923068,121.51052352331573,2019-07-18-23-37-25
3.0,30.918117572577543,121.51227964936307,2019-07-18-23-37-25
2.0,30.918118295496832,121.51253052092117,2019-07-18-23-37-25
1.0,30.924241743838206,121.576187778008,2019-07-18-23-37-25
1.0,30.924248363445052,121.59444920270714,2019-07-18-23-37-25
1.0,30.924360979528238,121.51127563250435,2019-07-18-23-37-25
1.0,30.924373206406223,121.51554038153088,2019-07-18-23-37-25
1.0,30.924376749465385,121.51679466142436,2019-07-18-23-37-25
1.0,30.924383058253227,121.51905228954755,2019-07-18-23-37-25
1.0,30.924419834840155,121.53309699502437,2019-07-18-23-37-25
1.0,30.924449502227546,121.54638352798786,2019-07-18-23-37-25
1.0,30.924485625741404,121.56967957673966,2019-07-18-23-37-25
1.0,30.92448589013547,121.56992993094471,2019-07-18-23-37-25
1.0,30.924486920049304,121.570931316296,2019-07-18-23-37-25
1.0,30.92449059458471,121.57493635125653,2019-07-18-23-37-25
1.0,30.92449387065813,121.57944103942484,2019-07-18-23-37-25
1.0,30.92449821560787,121.59444918227439,2019-07-18-23-37-25
1.0,30.92460937678892,121.51077385857714,2019-07-18-23-37-25
1.0,30.92461877358042,121.51403518826467,2019-07-18-23-37-25
1.0,30.92462163417623,121.51503864085757,2019-07-18-23-37-25
1.0,30.92463081771405,121.51829973730987,2019-07-18-23-37-25
1.0,30.924632910430034,121.51905226875226,2019-07-18-23-37-25
1.0,30.924741253496332,121.57593746222352,2019-07-18-23-37-25
1.0,30.924742198729994,121.57718880457543,2019-07-18-23-37-25
1.0,30.92474356474532,121.57919078575937,2019-07-18-23-37-25
1.0,30.92474475036383,121.5811925616099,2019-07-18-23-37-25
1.0,30.924747293261373,121.58744678824773,2019-07-18-23-37-25
1.0,30.924860683879675,121.51127559077898,2019-07-18-23-37-25
1.0,30.918119017549493,121.51278139153807,2019-07-18-23-37-25
1.0,30.91811973872312,121.51303226119936,2019-07-18-23-37-25
1.0,30.918134658550468,121.51830027809164,2019-07-18-23-37-25
1.0,30.918177186457715,121.44180221755697,2019-07-18-23-37-25
1.0,30.918189796489465,121.44806724127291,2019-07-18-23-37-25
1.0,30.91819194305917,121.44906979830725,2019-07-18-23-37-25
1.0,30.918192485056725,121.44932044393501,2019-07-18-23-37-25
1.0,30.918197457620852,121.45157636713662,2019-07-18-23-37-25
1.0,30.918202016998432,121.45358179810025,2019-07-18-23-37-25
1.0,30.91821150966653,121.45759310588255,2019-07-18-23-37-25
1.0,30.91821705643698,121.45984971390887,2019-07-18-23-37-25
1.0,30.918224025050378,121.46260801685395,2019-07-18-23-37-25
1.0,30.91823317431718,121.46611892027774,2019-07-18-23-37-25
1.0,30.918242609402185,121.46963016769931,2019-07-18-23-37-25
1.0,30.918244665416758,121.47038261916695,2019-07-18-23-37-25
1.0,30.91824673281322,121.47113508441032,2019-07-18-23-37-25
1.0,30.918255109868177,121.47414507577874,2019-07-18-23-37-25
1.0,30.918257229393664,121.474897604358,2019-07-18-23-37-25
1.0,30.918263643390755,121.47715525782688,2019-07-18-23-37-25
1.0,30.918266519046863,121.47815869001644,2019-07-18-23-37-25
1.0,30.918275959305337,121.48141996116279,2019-07-18-23-37-25
1.0,30.918285522723128,121.4846813859706,2019-07-18-23-37-25
1.0,30.91828997044207,121.48618670185017,2019-07-18-23-37-25
1.0,30.91829071350777,121.48643759011783,2019-07-18-23-37-25
1.0,30.918291457047555,121.48668847899941,2019-07-18-23-37-25
1.0,30.924866470383858,121.51328256713823,2019-07-18-23-37-25
1.0,30.924868625751518,121.51403516742607,2019-07-18-23-37-25
1.0,30.92487005797993,121.5145368958385,2019-07-18-23-37-25
1.0,30.92487077265226,121.5147877584681,2019-07-18-23-37-25
1.0,30.924880669883724,121.51829971650801,2019-07-18-23-37-25
1.0,30.924882762599456,121.51905224795678,2019-07-18-23-37-25
1.0,30.924883457822386,121.51930308917602,2019-07-18-23-37-25
1.0,30.924972896820055,121.55991330882209,2019-07-18-23-37-25
1.0,30.92499110564877,121.57593744176481,2019-07-18-23-37-25
1.0,30.924992756424615,121.57818980036353,2019-07-18-23-37-25
1.0,30.924993416896935,121.57919076530844,2019-07-18-23-37-25
1.0,30.92499432303116,121.58069211645983,2019-07-18-23-37-25
1.0,30.924995373286094,121.58269373823222,2019-07-18-23-37-25
1.0,30.92499714541098,121.58744676781026,2019-07-18-23-37-25
1.0,30.925122762918058,121.51554031905427,2019-07-18-23-37-25
1.0,30.92512347360665,121.51579117732086,2019-07-18-23-37-25
1.0,30.92512559946563,121.51654374530452,2019-07-18-23-37-25
1.0,30.92512982216486,121.51804884933652,2019-07-18-23-37-25
1.0,30.925130522046064,121.51829969570595,2019-07-18-23-37-25
1.0,30.925131918356303,121.51880138463203,2019-07-18-23-37-25
1.0,30.92514694811158,121.52431959728075,2019-07-18-23-37-25
1.0,30.9251619222582,121.53008781380996,2019-07-18-23-37-25
1.0,30.92516255414354,121.53033858436667,2019-07-18-23-37-25
1.0,30.925222002010607,121.55941233185216,2019-07-18-23-37-25
1.0,30.91829220104856,121.48693936847997,2019-07-18-23-37-25
1.0,30.91829518140704,121.48794293209316,2019-07-18-23-37-25
1.0,30.91832519699838,121.49797887049282,2019-07-18-23-37-25
1.0,30.918328952122103,121.49923337368227,2019-07-18-23-37-25
1.0,30.918362341305134,121.51052350245128,2019-07-18-23-37-25
1.0,30.918367424959015,121.51227962851408,2019-07-18-23-37-25
1.0,30.91836814787822,121.51253050007439,2019-07-18-23-37-25
1.0,30.918382407887034,121.51754771461614,2019-07-18-23-37-25
1.0,30.91842703885364,121.44180219613486,2019-07-18-23-37-25
1.0,30.91842847644265,121.44255390920385,2019-07-18-23-37-25
1.0,30.918430919109436,121.44380681972588,2019-07-18-23-37-25
1.0,30.91843241239498,121.44455859890617,2019-07-18-23-37-25
1.0,30.91844507914074,121.45057368842447,2019-07-18-23-37-25
1.0,30.918446749204058,121.45132567775659,2019-07-18-23-37-25
1.0,30.918451869390747,121.45358177675197,2019-07-18-23-37-25
1.0,30.918454196724422,121.45458454902274,2019-07-18-23-37-25
1.0,30.918461362057574,121.45759308456265,2019-07-18-23-37-25
1.0,30.91847259549908,121.46210646806344,2019-07-18-23-37-25
1.0,30.91847323565817,121.46235723084469,2019-07-18-23-37-25
1.0,30.918473877439812,121.4626079955715,2019-07-18-23-37-25
1.0,30.918481041046036,121.46536653240261,2019-07-18-23-37-25
1.0,30.918489738683938,121.46862689989807,2019-07-18-23-37-25
1.0,30.91850708177905,121.47489758317529,2019-07-18-23-37-25
1.0,30.918519985964345,121.47941298370318,2019-07-18-23-37-25
1.0,30.92522311853068,121.56016376207947,2019-07-18-23-37-25
1.0,30.925225980352867,121.56216744471244,2019-07-18-23-37-25
1.0,30.925247062749943,121.58769687486836,2019-07-18-23-37-25
1.0,30.925247682549767,121.59119832635,2019-07-18-23-37-25
1.0,30.925382466916368,121.51905220636523,2019-07-18-23-37-25
1.0,30.925408590062244,121.52883391235726,2019-07-18-23-37-25
1.0,30.925467155119943,121.55640632581309,2019-07-18-23-37-25
1.0,30.92546796394789,121.55690735253417,2019-07-18-23-37-25
1.0,30.925469550946048,121.55790937116504,2019-07-18-23-37-25
1.0,30.925472970672754,121.56016374156296,2019-07-18-23-37-25
1.0,30.925479805929733,121.56517258526627,2019-07-18-23-37-25
1.0,30.925491196458964,121.5764379473905,2019-07-18-23-37-25
1.0,30.925492630051234,121.5784400055051,2019-07-18-23-37-25
1.0,30.925494704869074,121.58194311324984,2019-07-18-23-37-25
1.0,30.92549733587726,121.58969775990958,2019-07-18-23-37-25
1.0,30.92561746468978,121.51378423914824,2019-07-18-23-37-25
1.0,30.92562388757329,121.51604199281746,2019-07-18-23-37-25
1.0,30.925634401137508,121.51980470526811,2019-07-18-23-37-25
1.0,30.925712378342034,121.55365045356255,2019-07-18-23-37-25
1.0,30.92572094891383,121.55891132252279,2019-07-18-23-37-25
1.0,30.92573787626107,121.5726835167367,2019-07-18-23-37-25
1.0,30.92573810733424,121.57293383303623,2019-07-18-23-37-25
1.0,30.92573943510902,121.57443566407882,2019-07-18-23-37-25
1.0,30.925739855311793,121.57493624894863,2019-07-18-23-37-25
1.0,30.925743735468956,121.58044183794674,2019-07-18-23-37-25
1.0,30.91852289259247,121.48041645412748,2019-07-18-23-37-25
1.0,30.918534635717688,121.48443048131752,2019-07-18-23-37-25
1.0,30.918535375105222,121.48468136487317,2019-07-18-23-37-25
1.0,30.918536115056632,121.48493224914685,2019-07-18-23-37-25
1.0,30.918539822823654,121.48618668076617,2019-07-18-23-37-25
1.0,30.918541309428967,121.4866884579199,2019-07-18-23-37-25
1.0,30.918547273267407,121.48869558929795,2019-07-18-23-37-25
1.0,30.918548020493645,121.48894648303404,2019-07-18-23-37-25
1.0,30.91856903541211,121.4959716410369,2019-07-18-23-37-25
1.0,30.91861872230335,121.51278134984871,2019-07-18-23-37-25
1.0,30.918678328829653,121.44255388778579,2019-07-18-23-37-25
1.0,30.918680278328573,121.44355621070822,2019-07-18-23-37-25
1.0,30.91868428770343,121.44556098759901,2019-07-18-23-37-25
1.0,30.91868791406892,121.44731530774133,2019-07-18-23-37-25
1.0,30.91869382854329,121.45007235320222,2019-07-18-23-37-25
1.0,30.91870172177436,121.4535817554035,2019-07-18-23-37-25
1.0,30.918702300671647,121.45383244497245,2019-07-18-23-37-25
1.0,30.918708196083156,121.45633946760287,2019-07-18-23-37-25
1.0,30.91871000157183,121.45709161838757,2019-07-18-23-37-25
1.0,30.918722447879976,121.46210644677696,2019-07-18-23-37-25
2.0,30.918728266821038,121.46436338082032,2019-07-18-23-37-25
1.0,30.918728921195488,121.46461416066433,2019-07-18-23-37-25
1.0,30.91873023450891,121.46511572583766,2019-07-18-23-37-25
1.0,30.918732215725047,121.46586808711923,2019-07-18-23-37-25
1.0,30.91875411028007,121.47389419316669,2019-07-18-23-37-25
1.0,30.925864437545897,121.512780745267,2019-07-18-23-37-25
1.0,30.925874448338174,121.51629282800121,2019-07-18-23-37-25
1.0,30.925968466835347,121.55740832660845,2019-07-18-23-37-25
1.0,30.925985779582653,121.57068085183708,2019-07-18-23-37-25
1.0,30.92598885582718,121.57393504599514,2019-07-18-23-37-25
1.0,30.9259894987353,121.57468593764541,2019-07-18-23-37-25
1.0,30.925991817819696,121.57768921683169,2019-07-18-23-37-25
1.0,30.92599344079893,121.58019159711837,2019-07-18-23-37-25
1.0,30.92622103314916,121.55916176710008,2019-07-18-23-37-25
1.0,30.926235631700358,121.57068083136188,2019-07-18-23-37-25
1.0,30.926237580502534,121.57268347579921,2019-07-18-23-37-25
1.0,30.926240560970527,121.57618761434126,2019-07-18-23-37-25
1.0,30.926241844913484,121.57793944883842,2019-07-18-23-37-25
1.0,30.926242186419724,121.5784399441451,2019-07-18-23-37-25
1.0,30.926242352946797,121.57869018698828,2019-07-18-23-37-25
1.0,30.926242516655766,121.57894042662379,2019-07-18-23-37-25
1.0,30.926243724830243,121.58094222817729,2019-07-18-23-37-25
1.0,30.926425271610167,121.53585493355662,2019-07-18-23-37-25
1.0,30.926425862145496,121.53610565761932,2019-07-18-23-37-25
1.0,30.926484442829327,121.56967941291482,2019-07-18-23-37-25
1.0,30.926485483811007,121.5706808108865,2019-07-18-23-37-25
1.0,30.92648573713457,121.57093115250474,2019-07-18-23-37-25
1.0,30.92648672266987,121.5719324873955,2019-07-18-23-37-25
1.0,30.926490413079748,121.5761875938821,2019-07-18-23-37-25
2.0,30.926490604938127,121.57643786555747,2019-07-18-23-37-25
1.0,30.918756934155738,121.47489756199236,2019-07-18-23-37-25
1.0,30.918757642781465,121.47514840744007,2019-07-18-23-37-25
1.0,30.918761201244717,121.47640265342328,2019-07-18-23-37-25
1.0,30.918767667032423,121.47866037045476,2019-07-18-23-37-25
1.0,30.918769838339518,121.47941296255914,2019-07-18-23-37-25
1.0,30.91878967519654,121.48618665968196,2019-07-18-23-37-25
1.0,30.918796378771216,121.48844467497712,2019-07-18-23-37-25
1.0,30.918820391650886,121.49647342221976,2019-07-18-23-37-25
1.0,30.918824150296285,121.49772792759575,2019-07-18-23-37-25
1.0,30.918857658563514,121.50901817741011,2019-07-18-23-37-25
1.0,30.918934140080882,121.44556096619843,2019-07-18-23-37-25
1.0,30.918936198974745,121.44656341903548,2019-07-18-23-37-25
1.0,30.918940422628864,121.44856845053003,2019-07-18-23-37-25
1.0,30.918940960350536,121.44881909107706,2019-07-18-23-37-25
1.0,30.918944231365078,121.45032298751453,2019-07-18-23-37-25
1.0,30.918972940411155,121.46235718827535,2019-07-18-23-37-25
1.0,30.918974225585977,121.46285871966984,2019-07-18-23-37-25
1.0,30.918976815063104,121.46386180540789,2019-07-18-23-37-25
1.0,30.918978773566927,121.46461413939704,2019-07-18-23-37-25
1.0,30.918980086880183,121.46511570457432,2019-07-18-23-37-25
1.0,30.918980745797064,121.46536648988008,2019-07-18-23-37-25
1.0,30.918982068096074,121.46586806586184,2019-07-18-23-37-25
1.0,30.9190025572559,121.47339249553275,2019-07-18-23-37-25
1.0,30.919003259396728,121.47364333307773,2019-07-18-23-37-25
1.0,30.919003962648443,121.47389417197508,2019-07-18-23-37-25
2.0,30.926490793985433,121.57668813403347,2019-07-18-23-37-25
1.0,30.926490980220645,121.57693839930893,2019-07-18-23-37-25
1.0,30.926491522044422,121.57768917592097,2019-07-18-23-37-25
1.0,30.92649203852837,121.57843992369139,2019-07-18-23-37-25
1.0,30.926493435786593,121.58069199376915,2019-07-18-23-37-25
1.0,30.92671600750209,121.5561557054405,2019-07-18-23-37-25
1.0,30.92673507981994,121.5704304456391,2019-07-18-23-37-25
1.0,30.92673558923815,121.57093113203,2019-07-18-23-37-25
1.0,30.926741890630016,121.5784399032375,2019-07-18-23-37-25
1.0,30.92691589445788,121.53209377977305,2019-07-18-23-37-25
1.0,30.92693696219976,121.541119629687,2019-07-18-23-37-25
1.0,30.926965448842243,121.55590516432916,2019-07-18-23-37-25
1.0,30.92697631251656,121.56316907024078,2019-07-18-23-37-25
1.0,30.926984411423604,121.56992972617034,2019-07-18-23-37-25
1.0,30.92698493191671,121.57043042516253,2019-07-18-23-37-25
1.0,30.926987136811952,121.57268341439158,2019-07-18-23-37-25
1.0,30.926988044352694,121.57368466054422,2019-07-18-23-37-25
1.0,30.92716574655906,121.53209375908091,2019-07-18-23-37-25
1.0,30.927233731965867,121.56942899412198,2019-07-18-23-37-25
1.0,30.927233999120286,121.56967935147743,2019-07-18-23-37-25
1.0,30.927235293424534,121.57093109107994,2019-07-18-23-37-25
1.0,30.927236036743793,121.57168209699789,2019-07-18-23-37-25
1.0,30.92723698890124,121.57268339392198,2019-07-18-23-37-25
1.0,30.927237673746077,121.573434333306,2019-07-18-23-37-25
1.0,30.927238116341435,121.5739349436676,2019-07-18-23-37-25
1.0,30.919007495149422,121.4751483862591,2019-07-18-23-37-25
1.0,30.919023325969835,121.48066728192303,2019-07-18-23-37-25
1.0,30.919024055372894,121.48091815294262,2019-07-18-23-37-25
1.0,30.9190417581665,121.48693930524757,2019-07-18-23-37-25
1.0,30.919043992807218,121.48769197715401,2019-07-18-23-37-25
1.0,30.919044738523954,121.4879428688878,2019-07-18-23-37-25
1.0,30.91904548463742,121.48819376114578,2019-07-18-23-37-25
1.0,30.91904623113469,121.48844465391298,2019-07-18-23-37-25
1.0,30.919062724927386,121.49396439317738,2019-07-18-23-37-25
1.0,30.919066484224807,121.49521889611817,2019-07-18-23-37-25
1.0,30.919070244011625,121.49647340122829,2019-07-18-23-37-25
1.0,30.919070995884162,121.4967243023441,2019-07-18-23-37-25
1.0,30.919075505429564,121.49822970842453,2019-07-18-23-37-25
1.0,30.919076256617096,121.49848060919429,2019-07-18-23-37-25
1.0,30.919077007654614,121.49873150985414,2019-07-18-23-37-25
1.0,30.919090485843814,121.50324768572625,2019-07-18-23-37-25
1.0,30.91909123156058,121.50349858143173,2019-07-18-23-37-25
1.0,30.91919135258207,121.44906971279288,2019-07-18-23-37-25
1.0,30.919195747576698,121.45107494808849,2019-07-18-23-37-25
1.0,30.919200274649654,121.45308034062718,2019-07-18-23-37-25
1.0,30.919203169088604,121.45433378843506,2019-07-18-23-37-25
1.0,30.919204929164742,121.45508588503611,2019-07-18-23-37-25
1.0,30.919205519702153,121.45533658849007,2019-07-18-23-37-25
1.0,30.9192073027163,121.4560887124572,2019-07-18-23-37-25
1.0,30.91922279277474,121.46235716699039,2019-07-18-23-37-25
1.0,30.92742877319367,121.53760987365443,2019-07-18-23-37-25
1.0,30.92748192329421,121.56792676372262,2019-07-18-23-37-25
1.0,30.927482766046637,121.56867788275832,2019-07-18-23-37-25
1.0,30.927484636089634,121.57043038420879,2019-07-18-23-37-25
1.0,30.927484892184147,121.5706807289831,2019-07-18-23-37-25
1.0,30.927487525828333,121.57343431283847,2019-07-18-23-37-25
1.0,30.92773261812337,121.56867786227512,2019-07-18-23-37-25
1.0,30.927733166213002,121.569178592666,2019-07-18-23-37-25
1.0,30.92773396767319,121.5699296647344,2019-07-18-23-37-25
1.0,30.927905826020968,121.52833214003388,2019-07-18-23-37-25
1.0,30.927951870188416,121.54863876573093,2019-07-18-23-37-25
1.0,30.92796318890877,121.5549029712189,2019-07-18-23-37-25
1.0,30.92797736983364,121.56442113121194,2019-07-18-23-37-25
1.0,30.927987004482922,121.57318396194941,2019-07-18-23-37-25
1.0,30.92812804756227,121.51804859967127,2019-07-18-23-37-25
1.0,30.92818062518669,121.53861263315021,2019-07-18-23-37-25
1.0,30.928181194123894,121.53886333286965,2019-07-18-23-37-25
1.0,30.92822722189813,121.56442111071203,2019-07-18-23-37-25
1.0,30.928388272044245,121.52181113560854,2019-07-18-23-37-25
1.0,30.92867803355602,121.5376097703926,2019-07-18-23-37-25
1.0,30.92872819675672,121.565422729042,2019-07-18-23-37-25
1.0,30.928739081754294,121.5761874097411,2019-07-18-23-37-25
1.0,30.928739832315063,121.57718847726433,2019-07-18-23-37-25
1.0,30.928742519443446,121.5814424419817,2019-07-18-23-37-25
1.0,30.928742909055043,121.58219304535058,2019-07-18-23-37-25
1.0,30.919223434556137,121.46260793172296,2019-07-18-23-37-25
1.0,30.91922862592978,121.46461411812956,2019-07-18-23-37-25
1.0,30.91922993924287,121.46511568331077,2019-07-18-23-37-25
1.0,30.91923391490318,121.46662042181511,2019-07-18-23-37-25
1.0,30.919239974580776,121.4688776454386,2019-07-18-23-37-25
1.0,30.919242018898757,121.46963008279138,2019-07-18-23-37-25
1.0,30.919253815008236,121.47389415078327,2019-07-18-23-37-25
1.0,30.919265928532067,121.47815860539629,2019-07-18-23-37-25
1.0,30.919266649705214,121.47840946623288,2019-07-18-23-37-25
1.0,30.91928419281225,121.48443041801735,2019-07-18-23-37-25
1.0,30.91928641265292,121.48518307084369,2019-07-18-23-37-25
1.0,30.91929012298179,121.48643750578962,2019-07-18-23-37-25
1.0,30.919296083489574,121.48844463284865,2019-07-18-23-37-25
1.0,30.91931633657739,121.49521887511511,2019-07-18-23-37-25
1.0,30.91932235179191,121.49722608356366,2019-07-18-23-37-25
1.0,30.919323855008322,121.49772788563537,2019-07-18-23-37-25
1.0,30.91932610896857,121.49848058822083,2019-07-18-23-37-25
1.0,30.919326860006002,121.49873148888295,2019-07-18-23-37-25
1.0,30.919328361578707,121.49923328981693,2019-07-18-23-37-25
1.0,30.919381114067196,121.51729678136505,2019-07-18-23-37-25
1.0,30.919432324219432,121.44480911177087,2019-07-18-23-37-25
1.0,30.919437471173953,121.44731524357134,2019-07-18-23-37-25
1.0,30.919439591785224,121.44831776977294,2019-07-18-23-37-25
1.0,30.919440665077737,121.44881904831585,2019-07-18-23-37-25
1.0,30.919442291060694,121.4495709852134,2019-07-18-23-37-25
1.0,30.92892730671448,121.5373590387812,2019-07-18-23-37-25
1.0,30.929214936431478,121.55640601776854,2019-07-18-23-37-25
1.0,30.929236036446333,121.5729335464687,2019-07-18-23-37-25
1.0,30.92924074150811,121.5789401811805,2019-07-18-23-37-25
1.0,30.92938148969758,121.51955355479895,2019-07-18-23-37-25
1.0,30.929441922012888,121.54412738169702,2019-07-18-23-37-25
1.0,30.929445023666702,121.5456312274737,2019-07-18-23-37-25
1.0,30.929460159563856,121.55365014529767,2019-07-18-23-37-25
1.0,30.92947615769425,121.56417058570968,2019-07-18-23-37-25
1.0,30.92948542354301,121.57243289020323,2019-07-18-23-37-25
1.0,30.92948956902752,121.5774386747665,2019-07-18-23-37-25
1.0,30.92948974682017,121.57768893044096,2019-07-18-23-37-25
1.0,30.92969789641692,121.54713496104594,2019-07-18-23-37-25
1.0,30.929701795272287,121.54913982076104,2019-07-18-23-37-25
1.0,30.92970368844726,121.55014218687504,2019-07-18-23-37-25
1.0,30.92972154897701,121.56091479626751,2019-07-18-23-37-25
1.0,30.929733045675828,121.57017985197594,2019-07-18-23-37-25
1.0,30.92973550942724,121.57268318921587,2019-07-18-23-37-25
1.0,30.929736416965113,121.57368443540129,2019-07-18-23-37-25
1.0,30.929737897454586,121.57543649366092,2019-07-18-23-37-25
1.0,30.929739598842293,121.57768890998308,2019-07-18-23-37-25
1.0,30.92974011532378,121.57843965777626,2019-07-18-23-37-25
1.0,30.92992729375574,121.53760966712608,2019-07-18-23-37-25
1.0,30.929958989590745,121.5531490034227,2019-07-18-23-37-25
1.0,30.929969566315197,121.55966242167032,2019-07-18-23-37-25
1.0,30.919456558844715,121.4558379808785,2019-07-18-23-37-25
1.0,30.91947457529861,121.46310944569588,2019-07-18-23-37-25
1.0,30.919476519780765,121.46386176286099,2019-07-18-23-37-25
1.0,30.919480450513742,121.46536644735676,2019-07-18-23-37-25
1.0,30.919484434959337,121.46687119644572,2019-07-18-23-37-25
1.0,30.919489826933695,121.46887762420498,2019-07-18-23-37-25
1.0,30.919501560949495,121.47314161695755,2019-07-18-23-37-25
1.0,30.919503667359493,121.47389412959126,2019-07-18-23-37-25
1.0,30.919504371709927,121.47414496983127,2019-07-18-23-37-25
1.0,30.919512188635025,121.47690429680178,2019-07-18-23-37-25
1.0,30.91951434122241,121.47765686587123,2019-07-18-23-37-25
1.0,30.919515060600258,121.47790772449987,2019-07-18-23-37-25
1.0,30.919521574183268,121.48016550048227,2019-07-18-23-37-25
1.0,30.91953700604081,121.48543393542415,2019-07-18-23-37-25
1.0,30.9195377476067,121.48568482177184,2019-07-18-23-37-25
1.0,30.91953923226355,121.48618659642821,2019-07-18-23-37-25
1.0,30.91954220731768,121.48719015316755,2019-07-18-23-37-25
1.0,30.91956318136673,121.49421525147665,2019-07-18-23-37-25
1.0,30.91956844483869,121.49597155705237,2019-07-18-23-37-25
1.0,30.919569948707398,121.49647335924475,2019-07-18-23-37-25
1.0,30.919573707351514,121.49772786465489,2019-07-18-23-37-25
2.0,30.91957896443052,121.49948416909402,2019-07-18-23-37-25
1.0,30.919684208532463,121.44581151122604,2019-07-18-23-37-25
1.0,30.919688379479556,121.44781648011174,2019-07-18-23-37-25
1.0,30.929979281739772,121.56692502313985,2019-07-18-23-37-25
1.0,30.929981286517908,121.56867767791798,2019-07-18-23-37-25
1.0,30.93019660265017,121.5466336787685,2019-07-18-23-37-25
1.0,30.930206613576505,121.5518961821873,2019-07-18-23-37-25
1.0,30.93020927985318,121.55339953465361,2019-07-18-23-37-25
1.0,30.93023195653019,121.56942874834526,2019-07-18-23-37-25
1.0,30.930380203790783,121.51930263167388,2019-07-18-23-37-25
1.0,30.930453711855183,121.55039270996004,2019-07-18-23-37-25
1.0,30.93045869361719,121.55314896231133,2019-07-18-23-37-25
1.0,30.930471464075886,121.56116519658262,2019-07-18-23-37-25
1.0,30.93047217427191,121.56166611131539,2019-07-18-23-37-25
1.0,30.930472525402255,121.56191656417265,2019-07-18-23-37-25
1.0,30.930485296531902,121.57293344411431,2019-07-18-23-37-25
1.0,30.93048575030227,121.57343406721364,2019-07-18-23-37-25
1.0,30.93048823776995,121.57643753819553,2019-07-18-23-37-25
1.0,30.93048842681624,121.57668780668168,2019-07-18-23-37-25
1.0,30.930708983867184,121.55339949354457,2019-07-18-23-37-25
1.0,30.930734917458576,121.5726831073282,2019-07-18-23-37-25
1.0,30.930735148530438,121.57293342364288,2019-07-18-23-37-25
1.0,30.930738465047938,121.57693805150669,2019-07-18-23-37-25
1.0,30.930978984360014,121.5671753297692,2019-07-18-23-37-25
1.0,30.9309792762357,121.56742571525889,2019-07-18-23-37-25
1.0,30.93098256456535,121.57043009751177,2019-07-18-23-37-25
1.0,30.93098695438477,121.57518610686868,2019-07-18-23-37-25
1.0,30.919705224408265,121.4553365458162,2019-07-18-23-37-25
1.0,30.919711844025496,121.45809443152119,2019-07-18-23-37-25
1.0,30.919726372126846,121.46386174158724,2019-07-18-23-37-25
1.0,30.919734287304436,121.46687117519572,2019-07-18-23-37-25
1.0,30.919735626973402,121.46737277210168,2019-07-18-23-37-25
1.0,30.91975492948983,121.47439579020784,2019-07-18-23-37-25
1.0,30.91975563600185,121.47464663308503,2019-07-18-23-37-25
1.0,30.919765633223246,121.47815856308503,2019-07-18-23-37-25
1.0,30.919766354396227,121.47840942392597,2019-07-18-23-37-25
1.0,30.919774342576606,121.48116896151312,2019-07-18-23-37-25
1.0,30.91978315868874,121.48417949298234,2019-07-18-23-37-25
1.0,30.919783897499197,121.48443037581627,2019-07-18-23-37-25
1.0,30.9197868583797,121.48543391433245,2019-07-18-23-37-25
1.0,30.919791315207142,121.48693924201345,2019-07-18-23-37-25
1.0,30.9198107787448,121.49346252997468,2019-07-18-23-37-25
1.0,30.919816041257,121.49521883310841,2019-07-18-23-37-25
1.0,30.919820552914814,121.49672423937534,2019-07-18-23-37-25
1.0,30.91982656468322,121.49873144694003,2019-07-18-23-37-25
1.0,30.919829567071567,121.4997350482051,2019-07-18-23-37-25
1.0,30.91993406087581,121.44581148982618,2019-07-18-23-37-25
1.0,30.919935090330092,121.44631271626618,2019-07-18-23-37-25
1.0,30.919940369771012,121.44881900555387,2019-07-18-23-37-25
1.0,30.91994983169829,121.45308027656908,2019-07-18-23-37-25
1.0,30.91995040663996,121.45333096143239,2019-07-18-23-37-25
1.0,30.930989205996834,121.57818930943172,2019-07-18-23-37-25
1.0,30.931231631669352,121.569679023783,2019-07-18-23-37-25
1.0,30.931232157690175,121.57017972909516,2019-07-18-23-37-25
1.0,30.931232416552465,121.57043007703201,2019-07-18-23-37-25
1.0,30.931234621437632,121.57268306638325,2019-07-18-23-37-25
1.0,30.931237209744367,121.57568665215379,2019-07-18-23-37-25
1.0,30.931238885821607,121.57793903970574,2019-07-18-23-37-25
1.0,30.931239057981944,121.5781892889739,2019-07-18-23-37-25
1.0,30.931239876518106,121.57944048720438,2019-07-18-23-37-25
1.0,30.93124018419991,121.57994094403466,2019-07-18-23-37-25
1.0,30.931413849384064,121.53234416241713,2019-07-18-23-37-25
1.0,30.931450759309477,121.54913967670896,2019-07-18-23-37-25
1.0,30.93147868833003,121.56717528878639,2019-07-18-23-37-25
1.0,30.931487453867202,121.5761871846594,2019-07-18-23-37-25
1.0,30.931487645724307,121.5764374563476,2019-07-18-23-37-25
1.0,30.931488737800827,121.57793901924715,2019-07-18-23-37-25
1.0,30.931488909961104,121.5781892685159,2019-07-18-23-37-25
1.0,30.931663701370546,121.53234414172348,2019-07-18-23-37-25
1.0,30.931688478196705,121.54312458238945,2019-07-18-23-37-25
1.0,30.93170013209573,121.54888905789993,2019-07-18-23-37-25
1.0,30.931733854885746,121.57218238328464,2019-07-18-23-37-25
1.0,30.931735232928663,121.57368427164683,2019-07-18-23-37-25
1.0,30.93194705988214,121.54738539239054,2019-07-18-23-37-25
1.0,30.931982228571627,121.5706803603809,2019-07-18-23-37-25
1.0,30.91995156246077,121.45383233823577,2019-07-18-23-37-25
1.0,30.919956263533606,121.45583793821132,2019-07-18-23-37-25
1.0,30.919970434248896,121.46160482064214,2019-07-18-23-37-25
1.0,30.91997557473156,121.4636109460336,2019-07-18-23-37-25
1.0,30.919978182967345,121.46461405432595,2019-07-18-23-37-25
1.0,30.919979496279947,121.46511561951897,2019-07-18-23-37-25
1.0,30.919986151253813,121.4676235518529,2019-07-18-23-37-25
1.0,30.92000407638689,121.47414492745092,2019-07-18-23-37-25
1.0,30.92001548555617,121.47815854192912,2019-07-18-23-37-25
1.0,30.92001620672907,121.47840940277221,2019-07-18-23-37-25
1.0,30.92003227279869,121.48392858979076,2019-07-18-23-37-25
1.0,30.920033011019637,121.48417947187927,2019-07-18-23-37-25
1.0,30.920054623687967,121.49145531721933,2019-07-18-23-37-25
1.0,30.92006363784359,121.49446610993157,2019-07-18-23-37-25
1.0,30.920065141633646,121.49496791127342,2019-07-18-23-37-25
1.0,30.92006589358414,121.49521881210477,2019-07-18-23-37-25
1.0,30.920066645554215,121.4954697130229,2019-07-18-23-37-25
1.0,30.92006890145138,121.49622241614658,2019-07-18-23-37-25
1.0,30.92006965336925,121.49647331726042,2019-07-18-23-37-25
1.0,30.920076417009167,121.49873142596827,2019-07-18-23-37-25
1.0,30.920078669090323,121.49948412716435,2019-07-18-23-37-25
1.0,30.92016040810351,121.52833278232114,2019-07-18-23-37-25
1.0,30.92018755508773,121.44756580707,2019-07-18-23-37-25
1.0,30.920199684031026,121.453080255216,2019-07-18-23-37-25
1.0,30.93198394350153,121.57243268547268,2019-07-18-23-37-25
1.0,30.931984177361695,121.57268300496443,2019-07-18-23-37-25
1.0,30.931985084897224,121.57368425117667,2019-07-18-23-37-25
1.0,30.931985304795706,121.57393455478042,2019-07-18-23-37-25
1.0,30.931987157808887,121.57618714373304,2019-07-18-23-37-25
1.0,30.931987538711766,121.57668768391247,2019-07-18-23-37-25
1.0,30.931988613901773,121.57818922759932,2019-07-18-23-37-25
1.0,30.932232333857232,121.57093068153841,2019-07-18-23-37-25
1.0,30.93223700977102,121.57618712326958,2019-07-18-23-37-25
1.0,30.93223720162793,121.57643739495971,2019-07-18-23-37-25
1.0,30.932237576907525,121.5769379287401,2019-07-18-23-37-25
1.0,30.932241952557916,121.58469456181156,2019-07-18-23-37-25
1.0,30.932484788817042,121.57368421023583,2019-07-18-23-37-25
1.0,30.932489444035063,121.57994084176201,2019-07-18-23-37-25
1.0,30.932729933738774,121.56892781935098,2019-07-18-23-37-25
1.0,30.932732536087777,121.57143131438784,2019-07-18-23-37-25
1.0,30.932736905534917,121.57643735403352,2019-07-18-23-37-25
1.0,30.932895685762496,121.52557299122378,2019-07-18-23-37-25
1.0,30.93295034795157,121.5493901487979,2019-07-18-23-37-25
1.0,30.93297923209604,121.56842706217685,2019-07-18-23-37-25
1.0,30.932981636391695,121.57068027846111,2019-07-18-23-37-25
1.0,30.9329930086938,121.59044743399139,2019-07-18-23-37-25
1.0,30.932993040435218,121.59069752341372,2019-07-18-23-37-25
1.0,30.933228519459618,121.56792629249951,2019-07-18-23-37-25
1.0,30.933238373228512,121.5789398538811,2019-07-18-23-37-25
1.0,30.920204929080683,121.45533650314152,2019-07-18-23-37-25
1.0,30.92020552152452,121.45558720887753,2019-07-18-23-37-25
1.0,30.920206115865472,121.45583791687743,2019-07-18-23-37-25
1.0,30.92022284392536,121.46260784658882,2019-07-18-23-37-25
1.0,30.920223487318292,121.4628586132623,2019-07-18-23-37-25
1.0,30.920224132312374,121.46310938185655,2019-07-18-23-37-25
1.0,30.920226076793792,121.46386169903916,2019-07-18-23-37-25
1.0,30.92022672808459,121.46411247519148,2019-07-18-23-37-25
1.0,30.92022869119552,121.46486481474619,2019-07-18-23-37-25
1.0,30.92023332426717,121.4666203368067,2019-07-18-23-37-25
1.0,30.92023399196942,121.46687113269513,2019-07-18-23-37-25
1.0,30.920234661096803,121.4671219303003,2019-07-18-23-37-25
1.0,30.920236003581874,121.46762353060853,2019-07-18-23-37-25
1.0,30.92023802771525,121.46837594361857,2019-07-18-23-37-25
1.0,30.92025392871279,121.47414490626045,2019-07-18-23-37-25
1.0,30.920254634149835,121.47439574783134,2019-07-18-23-37-25
1.0,30.920255340661683,121.4746465907128,2019-07-18-23-37-25
1.0,30.920263179760294,121.47740594488187,2019-07-18-23-37-25
1.0,30.920263898221744,121.47765680239046,2019-07-18-23-37-25
1.0,30.9202821251213,121.48392856868529,2019-07-18-23-37-25
1.0,30.92031273834924,121.4942151884384,2019-07-18-23-37-25
1.0,30.920320257559705,121.4967241973952,2019-07-18-23-37-25
1.0,30.920324767102546,121.49822960354393,2019-07-18-23-37-25
1.0,30.92032551828965,121.49848050432509,2019-07-18-23-37-25
1.0,30.920413461151124,121.52958666052464,2019-07-18-23-37-25
1.0,30.93339206565116,121.52431891236246,2019-07-18-23-37-25
1.0,30.933476611976555,121.56642394972431,2019-07-18-23-37-25
1.0,30.93348607483018,121.57593674605783,2019-07-18-23-37-25
1.0,30.93349157966303,121.58569509096306,2019-07-18-23-37-25
1.0,30.933705885342636,121.55264758308552,2019-07-18-23-37-25
1.0,30.93372676396781,121.56667432403758,2019-07-18-23-37-25
1.0,30.933727647784412,121.56742548985454,2019-07-18-23-37-25
1.0,30.9339895436991,121.5816922168496,2019-07-18-23-37-25
1.0,30.93442171522956,121.53635571830223,2019-07-18-23-37-25
1.0,30.934450406143448,121.54989120844071,2019-07-18-23-37-25
1.0,30.934452270772194,121.55089354231217,2019-07-18-23-37-25
1.0,30.934491766164122,121.58844648196754,2019-07-18-23-37-25
1.0,30.934491919831384,121.58919681676711,2019-07-18-23-37-25
1.0,30.93470661514293,121.55339916464543,2019-07-18-23-37-25
1.0,30.934741618068394,121.58844646152383,2019-07-18-23-37-25
1.0,30.934991353561887,121.58794620198626,2019-07-18-23-37-25
1.0,30.93499141316199,121.58819632312378,2019-07-18-23-37-25
1.0,30.934991523980155,121.58869655585676,2019-07-18-23-37-25
1.0,30.93524137587406,121.58869653541292,2019-07-18-23-37-25
1.0,30.93549127898445,121.58894662656894,2019-07-18-23-37-25
1.0,30.93574078163852,121.58744588882342,2019-07-18-23-37-25
1.0,30.935740909228972,121.58794614065201,2019-07-18-23-37-25
1.0,30.935741179300607,121.58919671455013,2019-07-18-23-37-25
1.0,30.93599131847668,121.59119744748962,2019-07-18-23-37-25
1.0,30.936241083448344,121.59044716824454,2019-07-18-23-37-25
1.0,30.920414729940678,121.5300882071915,2019-07-18-23-37-25
1.0,30.920448392456148,121.45257887125973,2019-07-18-23-37-25
1.0,30.9204714143073,121.46210629776601,2019-07-18-23-37-25
1.0,30.92047333963959,121.4628585919802,2019-07-18-23-37-25
1.0,30.92047398463359,121.4631093605764,2019-07-18-23-37-25
1.0,30.920475279381982,121.46361090348123,2019-07-18-23-37-25
1.0,30.920475929114765,121.46386167776483,2019-07-18-23-37-25
1.0,30.920477233243236,121.46436323193147,2019-07-18-23-37-25
1.0,30.920485855901614,121.46762350936399,2019-07-18-23-37-25
1.0,30.920501671288733,121.47339236835361,2019-07-18-23-37-25
2.0,30.920503781030373,121.47414488506979,2019-07-18-23-37-25
1.0,30.92050448646733,121.4743957266428,2019-07-18-23-37-25
1.0,30.9205059005536,121.47489741370647,2019-07-18-23-37-25
1.0,30.920510882312744,121.47665335808905,2019-07-18-23-37-25
1.0,30.920513032076784,121.47740592371906,2019-07-18-23-37-25
1.0,30.920513750538152,121.47765678122981,2019-07-18-23-37-25
1.0,30.920514469915663,121.47790763986713,2019-07-18-23-37-25
1.0,30.92053271565637,121.48417942967257,2019-07-18-23-37-25
1.0,30.920534933804156,121.48493208037827,2019-07-18-23-37-25
1.0,30.920540128171726,121.4866882892768,2019-07-18-23-37-25
1.0,30.92055883293104,121.49296066751376,2019-07-18-23-37-25
1.0,30.920564094345348,121.494716968527,2019-07-18-23-37-25
1.0,30.920565598213372,121.49521877009691,2019-07-18-23-37-25
1.0,30.920574619411976,121.49822958256725,2019-07-18-23-37-25
1.0,30.920576121636003,121.49873138402418,2019-07-18-23-37-25
1.0,30.936241144155463,121.59094734393561,2019-07-18-23-37-25
1.0,30.93624117035005,121.59119742704691,2019-07-18-23-37-25
1.0,30.93647233664469,121.56442043411018,2019-07-18-23-37-25
1.0,30.936490337261304,121.58744582748594,2019-07-18-23-37-25
1.0,30.93649093531704,121.59044714780117,2019-07-18-23-37-25
1.0,30.93649096705765,121.59069723722585,2019-07-18-23-37-25
1.0,30.93649099602404,121.59094732349257,2019-07-18-23-37-25
1.0,30.936740189125903,121.58744580703973,2019-07-18-23-37-25
1.0,30.93674043312066,121.58844629796754,2019-07-18-23-37-25
1.0,30.936740487132923,121.58869641274599,2019-07-18-23-37-25
1.0,30.93674058678635,121.5891966327732,2019-07-18-23-37-25
1.0,30.936740787180938,121.59044712735762,2019-07-18-23-37-25
1.0,30.936740818921493,121.59069721678247,2019-07-18-23-37-25
1.0,30.936740847887826,121.59094730304935,2019-07-18-23-37-25
2.0,30.9367408740823,121.59119738616094,2019-07-18-23-37-25
1.0,30.93674089750733,121.59144746612009,2019-07-18-23-37-25
1.0,30.936740918165395,121.59169754292958,2019-07-18-23-37-25
1.0,30.936952162954558,121.55164505845649,2019-07-18-23-37-25
1.0,30.93695261587328,121.55189562692736,2019-07-18-23-37-25
1.0,30.93698457692525,121.57668727463333,2019-07-18-23-37-25
1.0,30.936990670780588,121.5906971963389,2019-07-18-23-37-25
5.0,30.936990699746865,121.59094728260594,2019-07-18-23-37-25
1.0,30.936990725941282,121.59119736571769,2019-07-18-23-37-25
1.0,30.936990749366256,121.59144744567696,2019-07-18-23-37-25
1.0,30.937107055389934,121.51252893602057,2019-07-18-23-37-25
1.0,30.92057687250996,121.49898228457262,2019-07-18-23-37-25
1.0,30.92057762320785,121.49923318498091,2019-07-18-23-37-25
1.0,30.920679097115606,121.44355603940288,2019-07-18-23-37-25
1.0,30.920687259731725,121.44756576429096,2019-07-18-23-37-25
2.0,30.9207106423585,121.45784361838169,2019-07-18-23-37-25
1.0,30.920711866107283,121.4583450762685,2019-07-18-23-37-25
1.0,30.920722548559855,121.46260780402058,2019-07-18-23-37-25
1.0,30.92072319195263,121.4628585706979,2019-07-18-23-37-25
1.0,30.920724483530858,121.46336010980248,2019-07-18-23-37-25
1.0,30.920726432718112,121.46411243264653,2019-07-18-23-37-25
1.0,30.920735708213098,121.46762348811924,2019-07-18-23-37-25
1.0,30.920750822580935,121.47314151096292,2019-07-18-23-37-25
1.0,30.92075152359831,121.4733923471564,2019-07-18-23-37-25
1.0,30.920781829741628,121.48392852647373,2019-07-18-23-37-25
1.0,30.92078256796232,121.48417940856892,2019-07-18-23-37-25
1.0,30.920783306772435,121.48443029141178,2019-07-18-23-37-25
1.0,30.920787009217047,121.48568471632261,2019-07-18-23-37-25
1.0,30.920791468925472,121.48719004778567,2019-07-18-23-37-25
1.0,30.920794450944918,121.48819361367559,2019-07-18-23-37-25
1.0,30.920810939564518,121.49371334589493,2019-07-18-23-37-25
1.0,30.920811691221136,121.49396424607222,2019-07-18-23-37-25
1.0,30.920816202485383,121.49546965001765,2019-07-18-23-37-25
1.0,30.920824471713146,121.49822956159035,2019-07-18-23-37-25
1.0,30.920948668029705,121.45282950865867,2019-07-18-23-37-25
1.0,30.92095626903956,121.45608856313245,2019-07-18-23-37-25
1.0,30.937116369897645,121.51579017756535,2019-07-18-23-37-25
1.0,30.937214520263407,121.55916086395688,2019-07-18-23-37-25
2.0,30.937240490894563,121.59044708646995,2019-07-18-23-37-25
2.0,30.937240522635005,121.59069717589514,2019-07-18-23-37-25
2.0,30.937240551601224,121.59094726216235,2019-07-18-23-37-25
1.0,30.93724057779558,121.59119734527424,2019-07-18-23-37-25
1.0,30.9372406012205,121.59144742523367,2019-07-18-23-37-25
1.0,30.93724062187845,121.59169750204342,2019-07-18-23-37-25
1.0,30.937240676861062,121.59419809758647,2019-07-18-23-37-25
1.0,30.937356907262473,121.51252891515925,2019-07-18-23-37-25
2.0,30.93735835047578,121.51303065577595,2019-07-18-23-37-25
1.0,30.937359790123427,121.51353239251192,2019-07-18-23-37-25
1.0,30.937366931427203,121.51604101397847,2019-07-18-23-37-25
1.0,30.937475426129772,121.56742518244857,2019-07-18-23-37-25
1.0,30.937490308227506,121.59019697343983,2019-07-18-23-37-25
1.0,30.937490374484792,121.5906971554512,2019-07-18-23-37-25
1.0,30.93749040345095,121.59094724171855,2019-07-18-23-37-25
1.0,30.937490429645255,121.5911973248306,2019-07-18-23-37-25
1.0,30.93749045307011,121.59144740479017,2019-07-18-23-37-25
1.0,30.93749053560371,121.59294781850937,2019-07-18-23-37-25
1.0,30.937606759130432,121.51252889429774,2019-07-18-23-37-25
1.0,30.93760748117652,121.51277976508618,2019-07-18-23-37-25
1.0,30.937608202343576,121.51303063491883,2019-07-18-23-37-25
1.0,30.937617491913496,121.51629184925484,2019-07-18-23-37-25
1.0,30.93761890598852,121.51679355799062,2019-07-18-23-37-25
1.0,30.920958068951496,121.45684070730941,2019-07-18-23-37-25
1.0,30.92096171841357,121.45834505495209,2019-07-18-23-37-25
1.0,30.920969843519302,121.46160473547498,2019-07-18-23-37-25
1.0,30.92097240086477,121.46260778273616,2019-07-18-23-37-25
1.0,30.920975633731985,121.46386163521557,2019-07-18-23-37-25
1.0,30.92097824813273,121.46486475094612,2019-07-18-23-37-25
1.0,30.920978905545795,121.4651155344605,2019-07-18-23-37-25
1.0,30.920979564462023,121.46536631978206,2019-07-18-23-37-25
1.0,30.920993729085286,121.4706332059885,2019-07-18-23-37-25
1.0,30.920999974999923,121.47289065494796,2019-07-18-23-37-25
1.0,30.921003485640817,121.47414484268788,2019-07-18-23-37-25
1.0,30.921004191077607,121.47439568426513,2019-07-18-23-37-25
1.0,30.921057786341926,121.49270972608566,2019-07-18-23-37-25
1.0,30.921060040300354,121.49346242487488,2019-07-18-23-37-25
1.0,30.921061543515556,121.49396422505642,2019-07-18-23-37-25
1.0,30.92106455085941,121.49496782724782,2019-07-18-23-37-25
1.0,30.921071318019298,121.49722593666438,2019-07-18-23-37-25
1.0,30.921073572682285,121.49797863973048,2019-07-18-23-37-25
1.0,30.9210758262298,121.49873134207931,2019-07-18-23-37-25
1.0,30.921076577103587,121.49898224263231,2019-07-18-23-37-25
1.0,30.921077327801306,121.49923314304516,2019-07-18-23-37-25
1.0,30.92107807830993,121.49948404330272,2019-07-18-23-37-25
1.0,30.92110486131223,121.50851622229689,2019-07-18-23-37-25
1.0,30.921163018023258,121.52958659840463,2019-07-18-23-37-25
1.0,30.937711111775332,121.55715685530427,2019-07-18-23-37-25
1.0,30.937740160072828,121.59019695299536,2019-07-18-23-37-25
1.0,30.937740194589676,121.59044704558156,2019-07-18-23-37-25
1.0,30.93774022633,121.59069713500706,2019-07-18-23-37-25
1.0,30.937740325572985,121.59169746115653,2019-07-18-23-37-25
1.0,30.937740370970328,121.59244767271822,2019-07-18-23-37-25
1.0,30.937740387448407,121.59294779806639,2019-07-18-23-37-25
1.0,30.93774035862417,121.59469813833378,2019-07-18-23-37-25
1.0,30.93785516431443,121.51202712904491,2019-07-18-23-37-25
1.0,30.93785661099388,121.51252887343604,2019-07-18-23-37-25
1.0,30.937868757850534,121.51679353716598,2019-07-18-23-37-25
1.0,30.937925420317054,121.53886252762483,2019-07-18-23-37-25
1.0,30.93792823452195,121.54011599217023,2019-07-18-23-37-25
1.0,30.93796056303828,121.55690632568222,2019-07-18-23-37-25
1.0,30.937990156755667,121.59144736390263,2019-07-18-23-37-25
1.0,30.937990177413447,121.59169744071279,2019-07-18-23-37-25
1.0,30.93810646285286,121.51252885257414,2019-07-18-23-37-25
1.0,30.938107906065667,121.51303059320404,2019-07-18-23-37-25
1.0,30.938113642273066,121.51503751577069,2019-07-18-23-37-25
1.0,30.938115777356202,121.51579009423253,2019-07-18-23-37-25
1.0,30.938235247214738,121.57868920502753,2019-07-18-23-37-25
1.0,30.938364918525533,121.51553921501737,2019-07-18-23-37-25
1.0,30.938442713922395,121.54713424026927,2019-07-18-23-37-25
1.0,30.938489914105663,121.59219754400836,2019-07-18-23-37-25
1.0,30.93887308002691,121.51854939651943,2019-07-18-23-37-25
1.0,30.92118028812841,121.44430776763005,2019-07-18-23-37-25
1.0,30.921186437458147,121.4473150938344,2019-07-18-23-37-25
1.0,30.921190713218373,121.44932018740174,2019-07-18-23-37-25
1.0,30.921204338326167,121.45533641778981,2019-07-18-23-37-25
1.0,30.921204930769687,121.45558712353291,2019-07-18-23-37-25
1.0,30.92121034696324,121.45784357574135,2019-07-18-23-37-25
1.0,30.9212115707117,121.4583450336355,2019-07-18-23-37-25
1.0,30.92121218527386,121.45859576579554,2019-07-18-23-37-25
1.0,30.921212801614516,121.45884650008199,2019-07-18-23-37-25
1.0,30.921214039590737,121.45934797498701,2019-07-18-23-37-25
1.0,30.921228100428756,121.46486472967904,2019-07-18-23-37-25
1.0,30.92123206723257,121.46636945762846,2019-07-18-23-37-25
1.0,30.92125333793378,121.47414482149662,2019-07-18-23-37-25
1.0,30.921280796710786,121.48367760292425,2019-07-18-23-37-25
1.0,30.921281534329133,121.4839284842614,2019-07-18-23-37-25
1.0,30.921283750746202,121.48468113278858,2019-07-18-23-37-25
1.0,30.921288941523695,121.4864373371239,2019-07-18-23-37-25
1.0,30.921302385251217,121.49095341690487,2019-07-18-23-37-25
1.0,30.92130989258679,121.49346240385434,2019-07-18-23-37-25
1.0,30.92132567851444,121.49873132110659,2019-07-18-23-37-25
1.0,30.921326429388145,121.49898222166186,2019-07-18-23-37-25
1.0,30.921327930594316,121.49948402233683,2019-07-18-23-37-25
1.0,30.921328680900736,121.49973492242628,2019-07-18-23-37-25
1.0,30.92135837876595,121.50977061385721,2019-07-18-23-37-25
1.0,30.92140772981729,121.52758031774195,2019-07-18-23-37-25
1.0,30.938988787707583,121.58719549231793,2019-07-18-23-37-25
1.0,30.9389888557006,121.58744562301553,2019-07-18-23-37-25
1.0,30.939103698958498,121.51177615112883,2019-07-18-23-37-25
1.0,30.939125021056455,121.51930190363952,2019-07-18-23-37-25
1.0,30.939239392467957,121.59119718171996,2019-07-18-23-37-25
1.0,30.9398532544594,121.51177608851985,2019-07-18-23-37-25
1.0,30.93995128844377,121.55214594583339,2019-07-18-23-37-25
1.0,30.93998900987399,121.59194735082072,2019-07-18-23-37-25
1.0,30.94019509634538,121.54888835803042,2019-07-18-23-37-25
1.0,30.940196052376702,121.54938955192304,2019-07-18-23-37-25
1.0,30.940484077280434,121.57893926052945,2019-07-18-23-37-25
1.0,30.940654634634676,121.53083883601025,2019-07-18-23-37-25
1.0,30.940734248032385,121.57943970977534,2019-07-18-23-37-25
1.0,30.941101061857548,121.51127423428724,2019-07-18-23-37-25
1.0,30.94111964682218,121.51779666971241,2019-07-18-23-37-25
2.0,30.941233302432796,121.57843871659314,2019-07-18-23-37-25
3.0,30.941483154218982,121.57843869612826,2019-07-18-23-37-25
1.0,30.941612280548636,121.51528808461153,2019-07-18-23-37-25
1.0,30.941737672502725,121.59744803893727,2019-07-18-23-37-25
1.0,30.941847704334617,121.51027066155943,2019-07-18-23-37-25
1.0,30.941849162358718,121.51077241829006,2019-07-18-23-37-25
1.0,30.94211055775249,121.5147863205949,2019-07-18-23-37-25
1.0,30.942232876078695,121.57868887761194,2019-07-18-23-37-25
1.0,30.942345946882458,121.50976885980624,2019-07-18-23-37-25
1.0,30.942346677773415,121.51001974019606,2019-07-18-23-37-25
1.0,30.921439483651724,121.44881887726316,2019-07-18-23-37-25
1.0,30.92144056551125,121.44932016602269,2019-07-18-23-37-25
1.0,30.921441109632827,121.44957081419942,2019-07-18-23-37-25
1.0,30.921454190617162,121.45533639645139,2019-07-18-23-37-25
1.0,30.921454783060604,121.45558710219626,2019-07-18-23-37-25
1.0,30.921456571734918,121.45633923296936,2019-07-18-23-37-25
1.0,30.92145898273983,121.45734210516859,2019-07-18-23-37-25
1.0,30.92146142300174,121.45834501231869,2019-07-18-23-37-25
1.0,30.921465761928612,121.46010018169345,2019-07-18-23-37-25
1.0,30.921469548105378,121.46160469289023,2019-07-18-23-37-25
1.0,30.9214733938364,121.46310927545376,2019-07-18-23-37-25
1.0,30.92147795271669,121.46486470841175,2019-07-18-23-37-25
1.0,30.921482585785473,121.46662023054176,2019-07-18-23-37-25
1.0,30.92151029149767,121.47665327340997,2019-07-18-23-37-25
1.0,30.921532863641012,121.48443022810638,2019-07-18-23-37-25
1.0,30.921533603027527,121.48468111168881,2019-07-18-23-37-25
1.0,30.921538050739837,121.48618642774298,2019-07-18-23-37-25
1.0,30.921539537343104,121.4866882049506,2019-07-18-23-37-25
1.0,30.921565007373143,121.49521868607887,2019-07-18-23-37-25
1.0,30.921566511318787,121.4957204880141,2019-07-18-23-37-25
1.0,30.92156951902737,121.49672409244147,2019-07-18-23-37-25
1.0,30.921574779754323,121.49848039945107,2019-07-18-23-37-25
1.0,30.921577032362155,121.49923310110863,2019-07-18-23-37-25
1.0,30.921577782870607,121.49948400137075,2019-07-18-23-37-25
1.0,30.94234959379583,121.51102325364592,2019-07-18-23-37-25
1.0,30.94235826266022,121.51403370824923,2019-07-18-23-37-25
1.0,30.942360409543305,121.51478629974946,2019-07-18-23-37-25
1.0,30.942361835931198,121.51528802208887,2019-07-18-23-37-25
1.0,30.94236538415265,121.51654230846513,2019-07-18-23-37-25
1.0,30.942482219829362,121.57793811888493,2019-07-18-23-37-25
1.0,30.942487130035527,121.58894605406704,2019-07-18-23-37-25
1.0,30.94259506705166,121.50951795774282,2019-07-18-23-37-25
1.0,30.942595798671498,121.50976883891654,2019-07-18-23-37-25
1.0,30.94259652956237,121.51001971930857,2019-07-18-23-37-25
1.0,30.94260739692227,121.51378282148742,2019-07-18-23-37-25
1.0,30.942608114447822,121.51403368739706,2019-07-18-23-37-25
1.0,30.942609546664293,121.51453541611951,2019-07-18-23-37-25
1.0,30.94285724870654,121.51378280063288,2019-07-18-23-37-25
1.0,30.9428586828167,121.51428453142901,2019-07-18-23-37-25
1.0,30.942862961881634,121.51578969835991,2019-07-18-23-37-25
1.0,30.942864380155648,121.51629141180632,2019-07-18-23-37-25
1.0,30.942970982027155,121.56642317074366,2019-07-18-23-37-25
1.0,30.94311352331806,121.51604053481846,2019-07-18-23-37-25
2.0,30.943118461155855,121.5177965031572,2019-07-18-23-37-25
1.0,30.943236685322624,121.5889459927189,2019-07-18-23-37-25
1.0,30.943236995613805,121.59594783833705,2019-07-18-23-37-25
1.0,30.943343890062838,121.50926701311833,2019-07-18-23-37-25
1.0,30.943351179675997,121.51177579632186,2019-07-18-23-37-25
1.0,30.943351904282714,121.51202666994205,2019-07-18-23-37-25
1.0,30.921578533176945,121.49973490146249,2019-07-18-23-37-25
1.0,30.921677040698498,121.44280420735859,2019-07-18-23-37-25
1.0,30.921709442369536,121.4575928073858,2019-07-18-23-37-25
1.0,30.921710051535594,121.45784353310023,2019-07-18-23-37-25
1.0,30.921710662510336,121.45809426097607,2019-07-18-23-37-25
1.0,30.92172003726736,121.46185543047551,2019-07-18-23-37-25
1.0,30.9217206757922,121.46210619132373,2019-07-18-23-37-25
1.0,30.921724540864442,121.46361079709686,2019-07-18-23-37-25
1.0,30.921726494724474,121.4643631255764,2019-07-18-23-37-25
1.0,30.921727804996582,121.46486468714427,2019-07-18-23-37-25
1.0,30.92173044362259,121.46586783201747,2019-07-18-23-37-25
1.0,30.921748135543588,121.47238892589417,2019-07-18-23-37-25
1.0,30.921748833120386,121.47263975791415,2019-07-18-23-37-25
1.0,30.921770972806797,121.48041617935354,2019-07-18-23-37-25
1.0,30.92178345530081,121.48468109058885,2019-07-18-23-37-25
1.0,30.921827635138857,121.49948398040446,2019-07-18-23-37-25
1.0,30.92190808250673,121.5278310650714,2019-07-18-23-37-25
1.0,30.92193034503791,121.44455829919875,2019-07-18-23-37-25
1.0,30.92193599431455,121.44731502965847,2019-07-18-23-37-25
1.0,30.921958081777774,121.457091341161,2019-07-18-23-37-25
1.0,30.921959903809764,121.45784351177937,2019-07-18-23-37-25
1.0,30.921966093280684,121.46035088588734,2019-07-18-23-37-25
1.0,30.921977001369928,121.46461388417433,2019-07-18-23-37-25
1.0,30.921977657268485,121.4648646658766,2019-07-18-23-37-25
2.0,30.921978314681223,121.46511544939887,2019-07-18-23-37-25
1.0,30.943357669790384,121.5140336248394,2019-07-18-23-37-25
1.0,30.94336195475636,121.51553879826025,2019-07-18-23-37-25
1.0,30.94359374183873,121.5092669922234,2019-07-18-23-37-25
1.0,30.943595205794086,121.50976875535582,2019-07-18-23-37-25
1.0,30.943596666833585,121.51027051536131,2019-07-18-23-37-25
1.0,30.943601031451042,121.51177577544914,2019-07-18-23-37-25
1.0,30.943601756057678,121.51202664907154,2019-07-18-23-37-25
1.0,30.94360247982256,121.51227752178131,2019-07-18-23-37-25
1.0,30.943736801659117,121.59469764765645,2019-07-18-23-37-25
1.0,30.943849431534417,121.51127400464706,2019-07-18-23-37-25
1.0,30.94385233159425,121.51227750091282,2019-07-18-23-37-25
1.0,30.94385377654883,121.51277924354123,2019-07-18-23-37-25
1.0,30.943854497713776,121.51303011342884,2019-07-18-23-37-25
1.0,30.943857373335774,121.51403358313334,2019-07-18-23-37-25
1.0,30.943859520217348,121.51478617467286,2019-07-18-23-37-25
1.0,30.943862368983044,121.51578961500952,2019-07-18-23-37-25
1.0,30.943969161654454,121.56542147841886,2019-07-18-23-37-25
1.0,30.944095640226394,121.51001959397968,2019-07-18-23-37-25
1.0,30.944100734991633,121.51177573370312,2019-07-18-23-37-25
1.0,30.944101459598098,121.51202660732994,2019-07-18-23-37-25
1.0,30.944109371985064,121.5147861538261,2019-07-18-23-37-25
1.0,30.944110798371785,121.51528787619597,2019-07-18-23-37-25
1.0,30.944219013406542,121.56542145791104,2019-07-18-23-37-25
1.0,30.944229305810865,121.57543530645492,2019-07-18-23-37-25
1.0,30.944229506091194,121.57568558776781,2019-07-18-23-37-25
1.0,30.92197897359712,121.46536623472835,2019-07-18-23-37-25
1.0,30.92197963400513,121.46561702185225,2019-07-18-23-37-25
1.0,30.922032568179763,121.48443018590179,2019-07-18-23-37-25
1.0,30.92207598619346,121.49898215874939,2019-07-18-23-37-25
1.0,30.922141285407506,121.52156082755685,2019-07-18-23-37-25
1.0,30.9221507204765,121.52507227330726,2019-07-18-23-37-25
1.0,30.922157934757507,121.52783104435001,2019-07-18-23-37-25
1.0,30.922200233158495,121.45383214609731,2019-07-18-23-37-25
1.0,30.922214693669,121.45984937303207,2019-07-18-23-37-25
1.0,30.922218469697835,121.46135387211241,2019-07-18-23-37-25
1.0,30.922225546423487,121.46411230500692,2019-07-18-23-37-25
2.0,30.922226199260674,121.46436308303299,2019-07-18-23-37-25
1.0,30.922226853633983,121.46461386290449,2019-07-18-23-37-25
1.0,30.922228166945114,121.46511542813296,2019-07-18-23-37-25
1.0,30.922229486268858,121.46561700059031,2019-07-18-23-37-25
1.0,30.922231476334304,121.46636937260577,2019-07-18-23-37-25
1.0,30.92223414996843,121.46737255963112,2019-07-18-23-37-25
1.0,30.92223616996024,121.46812496769694,2019-07-18-23-37-25
2.0,30.922252042675716,121.47389389646634,2019-07-18-23-37-25
1.0,30.922259848301735,121.47665320989859,2019-07-18-23-37-25
1.0,30.92226922241219,121.47991439980605,2019-07-18-23-37-25
1.0,30.92227799667582,121.48292487917278,2019-07-18-23-37-25
1.0,30.922283899773607,121.48493193269555,2019-07-18-23-37-25
1.0,30.922360706900314,121.51077404637346,2019-07-18-23-37-25
1.0,30.944347680163755,121.51077220947715,2019-07-18-23-37-25
1.0,30.94434986132161,121.51152483830265,2019-07-18-23-37-25
1.0,30.94435203512829,121.51227745917525,2019-07-18-23-37-25
1.0,30.944352758038722,121.51252833096461,2019-07-18-23-37-25
1.0,30.94435420124731,121.51303007170448,2019-07-18-23-37-25
1.0,30.94435492152067,121.51328094062622,2019-07-18-23-37-25
1.0,30.94436207251473,121.51578957333318,2019-07-18-23-37-25
1.0,30.944378110598905,121.52155897805784,2019-07-18-23-37-25
1.0,30.944460599869803,121.55941075126313,2019-07-18-23-37-25
1.0,30.94485029027957,121.51177567108265,2019-07-18-23-37-25
1.0,30.944851738650243,121.5122774174369,2019-07-18-23-37-25
1.0,30.944860353656185,121.51528781366757,2019-07-18-23-37-25
1.0,30.944861776034326,121.51578953165608,2019-07-18-23-37-25
1.0,30.944939849108064,121.54763493556861,2019-07-18-23-37-25
1.0,30.945631445943995,121.52306381737587,2019-07-18-23-37-25
1.0,30.945722228819758,121.56892675381997,2019-07-18-23-37-25
1.0,30.945876537066596,121.52130802430655,2019-07-18-23-37-25
1.0,30.94638167587619,121.52331457366934,2019-07-18-23-37-25
1.0,30.946483786255243,121.58544387445708,2019-07-18-23-37-25
1.0,30.94688070464061,121.52306371348432,2019-07-18-23-37-25
1.0,30.946984710155107,121.59044628901182,2019-07-18-23-37-25
1.0,30.94713055637231,121.52306369270543,2019-07-18-23-37-25
1.0,30.947133915991138,121.52431777037208,2019-07-18-23-37-25
1.0,30.947229744395706,121.57843822538464,2019-07-18-23-37-25
1.0,30.947234648761736,121.59119652738384,2019-07-18-23-37-25
1.0,30.922366506878525,121.5127810371541,2019-07-18-23-37-25
1.0,30.922375099399517,121.51579140636956,2019-07-18-23-37-25
1.0,30.922381447966007,121.51804907817221,2019-07-18-23-37-25
1.0,30.922408433584284,121.52808181063946,2019-07-18-23-37-25
1.0,30.92243569884573,121.44731498687352,2019-07-18-23-37-25
1.0,30.92246959406226,121.46185536660204,2019-07-18-23-37-25
1.0,30.9224721579172,121.46285842171633,2019-07-18-23-37-25
1.0,30.922487375737653,121.46862656011352,2019-07-18-23-37-25
1.0,30.92248805452299,121.46887736938633,2019-07-18-23-37-25
1.0,30.922528584660892,121.48317573702887,2019-07-18-23-37-25
2.0,30.922547901130898,121.48969883010169,2019-07-18-23-37-25
1.0,30.922580191777065,121.5004875167347,2019-07-18-23-37-25
1.0,30.9225809411445,121.50073841600313,2019-07-18-23-37-25
1.0,30.922583187592004,121.50149111227336,2019-07-18-23-37-25
1.0,30.92259659619925,121.5060072207153,2019-07-18-23-37-25
1.0,30.922598816036714,121.50675989015465,2019-07-18-23-37-25
1.0,30.92260910110381,121.51027226911914,2019-07-18-23-37-25
1.0,30.922630599187332,121.5177982097694,2019-07-18-23-37-25
1.0,30.92263269882152,121.51855074879978,2019-07-18-23-37-25
1.0,30.92268243611226,121.44581125441475,2019-07-18-23-37-25
1.0,30.922725250928345,121.46411226245881,2019-07-18-23-37-25
1.0,30.92272655813851,121.46461382036422,2019-07-18-23-37-25
1.0,30.922731180837683,121.46636933009324,2019-07-18-23-37-25
1.0,30.92273251480416,121.46687092018041,2019-07-18-23-37-25
1.0,30.947629583754036,121.52281283098499,2019-07-18-23-37-25
1.0,30.94772131525668,121.56917695354754,2019-07-18-23-37-25
1.0,30.947933549206386,121.54537906782318,2019-07-18-23-37-25
1.0,30.94822101867591,121.56917691255428,2019-07-18-23-37-25
1.0,30.94835038591183,121.51252799707173,2019-07-18-23-37-25
1.0,30.948720722086392,121.56917687156027,2019-07-18-23-37-25
1.0,30.948865051287807,121.51779602424294,2019-07-18-23-37-25
1.0,30.94990288418094,121.53234263057617,2019-07-18-23-37-25
1.0,30.950147742430744,121.53033651300444,2019-07-18-23-37-25
1.0,30.950224703539213,121.57418336048148,2019-07-18-23-37-25
1.0,30.95022512933236,121.57468395186552,2019-07-18-23-37-25
1.0,30.95044232257779,121.5506416458558,2019-07-18-23-37-25
1.0,30.950610491617937,121.51654162095976,2019-07-18-23-37-25
1.0,30.95072396992685,121.57368271538446,2019-07-18-23-37-25
1.0,30.950841637016698,121.51001902991428,2019-07-18-23-37-25
1.0,30.950863864961615,121.51779585764041,2019-07-18-23-37-25
1.0,30.950936781166117,121.5478850527023,2019-07-18-23-37-25
1.0,30.95096500973153,121.5654209041296,2019-07-18-23-37-25
1.0,30.951114417670503,121.51804668465876,2019-07-18-23-37-25
1.0,30.95121486141845,121.56542088361655,2019-07-18-23-37-25
1.0,30.951347159775583,121.51202600199065,2019-07-18-23-37-25
1.0,30.951363568363192,121.51779581598787,2019-07-18-23-37-25
1.0,30.951440327302503,121.54988980874695,2019-07-18-23-37-25
1.0,30.951464713103853,121.56542086310333,2019-07-18-23-37-25
1.0,30.95335673444886,121.51578882302834,2019-07-18-23-37-25
1.0,30.922739268331345,121.46937897152034,2019-07-18-23-37-25
1.0,30.92273995108445,121.46962978558895,2019-07-18-23-37-25
1.0,30.922746152944484,121.47188718128835,2019-07-18-23-37-25
1.0,30.922746848168,121.4721380104598,2019-07-18-23-37-25
1.0,30.922747544573916,121.47238884106659,2019-07-18-23-37-25
1.0,30.92274824215038,121.47263967309497,2019-07-18-23-37-25
1.0,30.9227489408855,121.47289050653114,2019-07-18-23-37-25
1.0,30.92275104392366,121.47364301514835,2019-07-18-23-37-25
1.0,30.9227574117245,121.47590061252107,2019-07-18-23-37-25
1.0,30.92275812443002,121.4761514629923,2019-07-18-23-37-25
1.0,30.922779173278332,121.48342659569597,2019-07-18-23-37-25
1.0,30.922828544529217,121.49998569655821,2019-07-18-23-37-25
1.0,30.922829294391857,121.5002365962753,2019-07-18-23-37-25
1.0,30.922830044013352,121.50048749577674,2019-07-18-23-37-25
1.0,30.922831542480907,121.50098929407237,2019-07-18-23-37-25
1.0,30.922859682738615,121.51052312685833,2019-07-18-23-37-25
1.0,30.922928260790883,121.4438064343009,2019-07-18-23-37-25
1.0,30.92296929855299,121.46185532401873,2019-07-18-23-37-25
1.0,30.922971219015235,121.46260761245371,2019-07-18-23-37-25
1.0,30.92298303617049,121.46712169655513,2019-07-18-23-37-25
1.0,30.92298708022396,121.46862651763692,2019-07-18-23-37-25
1.0,30.92299048737594,121.46988058000053,2019-07-18-23-37-25
1.0,30.922997396811944,121.4723888198592,2019-07-18-23-37-25
1.0,30.922998094388323,121.47263965188968,2019-07-18-23-37-25
1.0,30.953426115657003,121.54337344526468,2019-07-18-23-37-25
1.0,30.953657339738893,121.53510049445448,2019-07-18-23-37-25
1.0,30.954119583673464,121.52055484227546,2019-07-18-23-37-25
1.0,30.954122327524,121.52155816712802,2019-07-18-23-37-25
1.0,30.954351862159655,121.51428357211421,2019-07-18-23-37-25
1.0,30.954615133914096,121.51904977193337,2019-07-18-23-37-25
1.0,30.954864985598277,121.519049751115,2019-07-18-23-37-25
1.0,30.955467780556486,121.57017774159071,2019-07-18-23-37-25
1.0,30.955591735194236,121.51102214681636,2019-07-18-23-37-25
1.0,30.955592462247225,121.5112730231961,2019-07-18-23-37-25
1.0,30.95561384425187,121.51879884587015,2019-07-18-23-37-25
1.0,30.955840859034012,121.51077124869093,2019-07-18-23-37-25
1.0,30.956340562401795,121.5107712069084,2019-07-18-23-37-25
1.0,30.95634129024632,121.51102208414953,2019-07-18-23-37-25
1.0,30.95685890012463,121.51729365826878,2019-07-18-23-37-25
1.0,30.957465800726432,121.56942651464313,2019-07-18-23-37-25
1.0,30.957851929695327,121.51503586880636,2019-07-18-23-37-25
1.0,30.95810249407007,121.5152867087156,2019-07-18-23-37-25
1.0,30.958103916439313,121.51578842693426,2019-07-18-23-37-25
1.0,30.95834877250693,121.51403237332474,2019-07-18-23-37-25
1.0,30.958350204712808,121.51453410232253,2019-07-18-23-37-25
1.0,30.95839907233265,121.53284343110631,2019-07-18-23-37-25
1.0,30.958400296057665,121.53334492775546,2019-07-18-23-37-25
1.0,30.958464389406373,121.56867534141915,2019-07-18-23-37-25
1.0,30.958588498922992,121.51052014077626,2019-07-18-23-37-25
1.0,30.922998793123362,121.47289048532797,2019-07-18-23-37-25
1.0,30.923079896241873,121.5004874748186,2019-07-18-23-37-25
1.0,30.923105880539357,121.5092687049709,2019-07-18-23-37-25
1.0,30.92312536575581,121.51604220102669,2019-07-18-23-37-25
1.0,30.92312607438018,121.51629305700864,2019-07-18-23-37-25
1.0,30.92313030364046,121.51779816815997,2019-07-18-23-37-25
1.0,30.92322107124876,121.46260759116753,2019-07-18-23-37-25
1.0,30.923234904219697,121.46787407836209,2019-07-18-23-37-25
1.0,30.923236255016043,121.46837568874398,2019-07-18-23-37-25
1.0,30.92323829135983,121.46912811656748,2019-07-18-23-37-25
1.0,30.923245163384042,121.47163631113844,2019-07-18-23-37-25
1.0,30.92325782889585,121.47615142064103,2019-07-18-23-37-25
1.0,30.923265731282555,121.47891085273483,2019-07-18-23-37-25
1.0,30.92326645505422,121.47916171681369,2019-07-18-23-37-25
1.0,30.923368076620545,121.51353355995933,2019-07-18-23-37-25
1.0,30.923382255488864,121.51855068640457,2019-07-18-23-37-25
1.0,30.923384344694494,121.51930321393333,2019-07-18-23-37-25
1.0,30.92338573154685,121.51980489236854,2019-07-18-23-37-25
1.0,30.923386423152195,121.52005572956983,2019-07-18-23-37-25
1.0,30.923482740626934,121.46712165405344,2019-07-18-23-37-25
1.0,30.923483411167116,121.46737245338846,2019-07-18-23-37-25
1.0,30.92348678467942,121.46862647515954,2019-07-18-23-37-25
1.0,30.92349087717089,121.47013135474725,2019-07-18-23-37-25
1.0,30.92351486058565,121.47865996855643,2019-07-18-23-37-25
1.0,30.92352066714412,121.4806669014906,2019-07-18-23-37-25
1.0,30.958598624188394,121.51403235246033,2019-07-18-23-37-25
1.0,30.958709781612132,121.564919444372,2019-07-18-23-37-25
1.0,30.958850622736456,121.51478492352834,2019-07-18-23-37-25
1.0,30.95909038580707,121.51127273076717,2019-07-18-23-37-25
1.0,30.959218019203465,121.57268077227577,2019-07-18-23-37-25
1.0,30.959340963737503,121.51152358542164,2019-07-18-23-37-25
1.0,30.959343860434355,121.51252707861356,2019-07-18-23-37-25
1.0,30.959348179233942,121.51403228986594,2019-07-18-23-37-25
1.0,30.95934889581308,121.51428315489457,2019-07-18-23-37-25
1.0,30.959350326099877,121.51478488181166,2019-07-18-23-37-25
1.0,30.95945704690529,121.56316640310025,2019-07-18-23-37-25
1.0,30.959594434155946,121.5127779287174,2019-07-18-23-37-25
1.0,30.959597313396532,121.51378140294227,2019-07-18-23-37-25
1.0,30.959600177782043,121.51478486095304,2019-07-18-23-37-25
1.0,30.959600891465104,121.51503572281527,2019-07-18-23-37-25
1.0,30.959725741492726,121.58494247426412,2019-07-18-23-37-25
1.0,30.959838485962273,121.51077091440932,2019-07-18-23-37-25
1.0,30.959840667104405,121.51152354364706,2019-07-18-23-37-25
1.0,30.95984788259916,121.5140322481354,2019-07-18-23-37-25
1.0,30.95984931480403,121.51453397715942,2019-07-18-23-37-25
1.0,30.959850743147566,121.51503570195862,2019-07-18-23-37-25
1.0,30.96008979254132,121.51127264720915,2019-07-18-23-37-25
1.0,30.960090518788476,121.51152352275948,2019-07-18-23-37-25
1.0,30.96009196881989,121.51202527119422,2019-07-18-23-37-25
1.0,30.92358035004292,121.50073833217927,2019-07-18-23-37-25
1.0,30.923630008062734,121.51779812654978,2019-07-18-23-37-25
1.0,30.923680824561952,121.44530995296593,2019-07-18-23-37-25
1.0,30.923735959456405,121.46837564626213,2019-07-18-23-37-25
1.0,30.923736636895715,121.46862645392056,2019-07-18-23-37-25
1.0,30.923737315680636,121.46887726320357,2019-07-18-23-37-25
1.0,30.92373935999415,121.46962970066691,2019-07-18-23-37-25
1.0,30.923740044046454,121.46988051631487,2019-07-18-23-37-25
1.0,30.923740729386694,121.47013133352056,2019-07-18-23-37-25
1.0,30.92375682062586,121.47590052780916,2019-07-18-23-37-25
1.0,30.923764712798608,121.47865994740194,2019-07-18-23-37-25
1.0,30.92376760954318,121.47966340578667,2019-07-18-23-37-25
1.0,30.92387421271691,121.51579128143678,2019-07-18-23-37-25
1.0,30.923879860262442,121.51779810574439,2019-07-18-23-37-25
1.0,30.9239252270443,121.44255343796081,2019-07-18-23-37-25
1.0,30.923925710926998,121.44280401457864,2019-07-18-23-37-25
1.0,30.923932726720125,121.44631237389055,2019-07-18-23-37-25
1.0,30.923944060554767,121.45157587576358,2019-07-18-23-37-25
1.0,30.92398648910446,121.46862643268138,2019-07-18-23-37-25
1.0,30.92399126821142,121.47038213104568,2019-07-18-23-37-25
1.0,30.924083049112706,121.50174188478579,2019-07-18-23-37-25
1.0,30.924121216117516,121.5147878209637,2019-07-18-23-37-25
1.0,30.924129712454597,121.51779808493882,2019-07-18-23-37-25
1.0,30.924132509663405,121.51880146782209,2019-07-18-23-37-25
1.0,30.96009773428239,121.51403222726982,2019-07-18-23-37-25
1.0,30.960098450861274,121.51428309230502,2019-07-18-23-37-25
1.0,30.960099166487087,121.51453395629822,2019-07-18-23-37-25
1.0,30.960104148153885,121.51628997388238,2019-07-18-23-37-25
1.0,30.9602270128485,121.59469629774125,2019-07-18-23-37-25
1.0,30.960226936240442,121.59569642376525,2019-07-18-23-37-25
1.0,30.924133206068984,121.51905231034266,2019-07-18-23-37-25
1.0,30.924173641669945,121.44180170337144,2019-07-18-23-37-25
1.0,30.924174597710344,121.44230284269533,2019-07-18-23-37-25
1.0,30.92417653788993,121.44330515469099,2019-07-18-23-37-25
1.0,30.92418625165616,121.44806672798582,2019-07-18-23-37-25
1.0,30.924187858356337,121.44881864204503,2019-07-18-23-37-25
1.0,30.924254392976863,121.47514794141338,2019-07-18-23-37-25
1.0,30.924262973979964,121.47815818224866,2019-07-18-23-37-25
1.0,30.924327657786762,121.49998557077917,2019-07-18-23-37-25
1.0,30.924329906636707,121.50073826930935,2019-07-18-23-37-25
1.0,30.924333649204083,121.50199276174274,2019-07-18-23-37-25
1.0,30.924360979528238,121.51127563250435,2019-07-18-23-37-25
1.0,30.924373206406223,121.51554038153088,2019-07-18-23-37-25
1.0,30.924376749465385,121.51679466142436,2019-07-18-23-37-25
1.0,30.924383058253227,121.51905228954755,2019-07-18-23-37-25
1.0,30.924424449912465,121.44230282127128,2019-07-18-23-37-25
1.0,30.9244259015528,121.44305455112494,2019-07-18-23-37-25
1.0,30.92443825041853,121.44906926379043,2019-07-18-23-37-25
1.0,30.924466506175097,121.46110292552729,2019-07-18-23-37-25
1.0,30.924467774961673,121.46160443736517,2019-07-18-23-37-25
1.0,30.92458200526514,121.50149094467709,2019-07-18-23-37-25
1.0,30.924582753485417,121.50174184289011,2019-07-18-23-37-25
1.0,30.92458424895583,121.50224363838299,2019-07-18-23-37-25
1.0,30.92460937678892,121.51077385857714,2019-07-18-23-37-25
1.0,30.92461877358042,121.51403518826467,2019-07-18-23-37-25
1.0,30.92462163417623,121.51503864085757,2019-07-18-23-37-25
1.0,30.92463081771405,121.51829973730987,2019-07-18-23-37-25
1.0,30.924632910430034,121.51905226875226,2019-07-18-23-37-25
1.0,30.924677226307878,121.44380628439603,2019-07-18-23-37-25
1.0,30.924689188727328,121.4495705362747,2019-07-18-23-37-25
1.0,30.924727348074793,121.46536600081441,2019-07-18-23-37-25
1.0,30.924742201805973,121.47088370946517,2019-07-18-23-37-25
1.0,30.92483185744048,121.50149092372668,2019-07-18-23-37-25
1.0,30.924833353561805,121.50199271985122,2019-07-18-23-37-25
1.0,30.924860683879675,121.51127559077898,2019-07-18-23-37-25
1.0,30.924866470383858,121.51328256713823,2019-07-18-23-37-25
1.0,30.924868625751518,121.51403516742607,2019-07-18-23-37-25
1.0,30.92487005797993,121.5145368958385,2019-07-18-23-37-25
1.0,30.92487077265226,121.5147877584681,2019-07-18-23-37-25
1.0,30.924880669883724,121.51829971650801,2019-07-18-23-37-25
1.0,30.924882762599456,121.51905224795678,2019-07-18-23-37-25
1.0,30.924883457822386,121.51930308917602,2019-07-18-23-37-25
1.0,30.92492415429461,121.4423027784226,2019-07-18-23-37-25
1.0,30.924926585329228,121.44355567533685,2019-07-18-23-37-25
1.0,30.924937414934668,121.44881857789046,2019-07-18-23-37-25
1.0,30.924941238472314,121.45057313277354,2019-07-18-23-37-25
1.0,30.925074212715607,121.49898190708208,2019-07-18-23-37-25
1.0,30.925075713919213,121.49948370782532,2019-07-18-23-37-25
1.0,30.925076464224354,121.49973460794892,2019-07-18-23-37-25
1.0,30.925122762918058,121.51554031905427,2019-07-18-23-37-25
1.0,30.92512347360665,121.51579117732086,2019-07-18-23-37-25
1.0,30.92512559946563,121.51654374530452,2019-07-18-23-37-25
1.0,30.92512982216486,121.51804884933652,2019-07-18-23-37-25
1.0,30.925130522046064,121.51829969570595,2019-07-18-23-37-25
1.0,30.925131918356303,121.51880138463203,2019-07-18-23-37-25
1.0,30.92514694811158,121.52431959728075,2019-07-18-23-37-25
1.0,30.9251619222582,121.53008781380996,2019-07-18-23-37-25
1.0,30.92516255414354,121.53033858436667,2019-07-18-23-37-25
1.0,30.925174006474748,121.44230275699795,2019-07-18-23-37-25
1.0,30.925188348970032,121.44931984531304,2019-07-18-23-37-25
1.0,30.92522837472277,121.465867534363,2019-07-18-23-37-25
1.0,30.925229702897294,121.46636911751884,2019-07-18-23-37-25
1.0,30.925324064877195,121.49898188610855,2019-07-18-23-37-25
1.0,30.92532481557346,121.4992327865601,2019-07-18-23-37-25
1.0,30.925382466916368,121.51905220636523,2019-07-18-23-37-25
1.0,30.925408590062244,121.52883391235726,2019-07-18-23-37-25
1.0,30.925423858647665,121.44230273557311,2019-07-18-23-37-25
1.0,30.92542678284698,121.44380622014812,2019-07-18-23-37-25
1.0,30.925463397503794,121.46009984080561,2019-07-18-23-37-25
1.0,30.92547558826719,121.46486436810854,2019-07-18-23-37-25
1.0,30.925477565000396,121.46561672416722,2019-07-18-23-37-25
1.0,30.92548022132679,121.466619890461,2019-07-18-23-37-25
1.0,30.925482900634577,121.46762308443179,2019-07-18-23-37-25
1.0,30.92551657482321,121.47966325776088,2019-07-18-23-37-25
1.0,30.92551875599992,121.48041586226579,2019-07-18-23-37-25
1.0,30.92561746468978,121.51378423914824,2019-07-18-23-37-25
1.0,30.92562388757329,121.51604199281746,2019-07-18-23-37-25
1.0,30.925634401137508,121.51980470526811,2019-07-18-23-37-25
1.0,30.925673231616848,121.44205214308113,2019-07-18-23-37-25
1.0,30.9256761418469,121.44355561108395,2019-07-18-23-37-25
1.0,30.92570167837838,121.45533603366802,2019-07-18-23-37-25
1.0,30.925728742404345,121.4661182825418,2019-07-18-23-37-25
1.0,30.925735454358932,121.46862628400162,2019-07-18-23-37-25
1.0,30.92582527038186,121.49948364491783,2019-07-18-23-37-25
1.0,30.925826020686745,121.49973454504826,2019-07-18-23-37-25
1.0,30.925828270258588,121.50048724426634,2019-07-18-23-37-25
1.0,30.925864437545897,121.512780745267,2019-07-18-23-37-25
1.0,30.925874448338174,121.51629282800121,2019-07-18-23-37-25
1.0,30.925923083775565,121.44205212165447,2019-07-18-23-37-25
1.0,30.925923562972052,121.44230269272283,2019-07-18-23-37-25
1.0,30.925925994005166,121.44355558966592,2019-07-18-23-37-25
1.0,30.92593000336245,121.44556036690182,2019-07-18-23-37-25
1.0,30.925953313540727,121.45608813643703,2019-07-18-23-37-25
3.0,30.925954511617363,121.4565895637374,2019-07-18-23-37-25
1.0,30.925973329472136,121.46411198587695,2019-07-18-23-37-25
1.0,30.925977269310142,121.46561668163764,2019-07-18-23-37-25
1.0,30.925978594555502,121.46611826128088,2019-07-18-23-37-25
1.0,30.925982604943012,121.46762304193425,2019-07-18-23-37-25
1.0,30.925983952989192,121.46812464904528,2019-07-18-23-37-25
1.0,30.926073621318864,121.49898182318681,2019-07-18-23-37-25
1.0,30.92607437201487,121.49923272364519,2019-07-18-23-37-25
1.0,30.926075122521787,121.49948362394827,2019-07-18-23-37-25
1.0,30.926075872826587,121.49973452408098,2019-07-18-23-37-25
1.0,30.926076622916256,121.49998542402821,2019-07-18-23-37-25
1.0,30.926077372777787,121.50023632377487,2019-07-18-23-37-25
1.0,30.926081118208327,121.5014908189718,2019-07-18-23-37-25
1.0,30.926174380548503,121.44280382178262,2019-07-18-23-37-25
1.0,30.926176339321604,121.44380615589843,2019-07-18-23-37-25
1.0,30.926176834789008,121.44405674628256,2019-07-18-23-37-25
1.0,30.92621170553317,121.45959828939345,2019-07-18-23-37-25
1.0,30.926215471345287,121.46110277643129,2019-07-18-23-37-25
1.0,30.926226461047793,121.46536587321496,2019-07-18-23-37-25
1.0,30.92622712145441,121.46561666037256,2019-07-18-23-37-25
1.0,30.92622778334205,121.46586744931179,2019-07-18-23-37-25
1.0,30.926229777779817,121.46661982669028,2019-07-18-23-37-25
1.0,30.92623245708662,121.4676230206852,2019-07-18-23-37-25
1.0,30.926233130419693,121.46787382341056,2019-07-18-23-37-25
1.0,30.926233805132636,121.46812462780026,2019-07-18-23-37-25
1.0,30.9263234734519,121.49898180221251,2019-07-18-23-37-25
1.0,30.926422311229175,121.44180151052238,2019-07-18-23-37-25
1.0,30.926422788071886,121.44205207880057,2019-07-18-23-37-25
1.0,30.926424232692938,121.44280380035984,2019-07-18-23-37-25
1.0,30.926425207445106,121.4433049619192,2019-07-18-23-37-25
1.0,30.926427684744016,121.44455791380354,2019-07-18-23-37-25
1.0,30.926428691672466,121.44505911356802,2019-07-18-23-37-25
1.0,30.92644371003767,121.45207700553344,2019-07-18-23-37-25
1.0,30.926444276956197,121.45232768088387,2019-07-18-23-37-25
1.0,30.926444845893727,121.45257835863957,2019-07-18-23-37-25
1.0,30.92645785441472,121.45809385588083,2019-07-18-23-37-25
1.0,30.92647238246589,121.46386116712179,2019-07-18-23-37-25
1.0,30.926473686590445,121.4643627213823,2019-07-18-23-37-25
1.0,30.926476313185137,121.46536585194771,2019-07-18-23-37-25
1.0,30.926480297616944,121.46687060137151,2019-07-18-23-37-25
1.0,30.926483657269078,121.46812460655505,2019-07-18-23-37-25
1.0,30.92648433335042,121.46837541259795,2019-07-18-23-37-25
1.0,30.92651308665496,121.47865971468963,2019-07-18-23-37-25
1.0,30.92651816457152,121.48041577770164,2019-07-18-23-37-25
1.0,30.926672640209603,121.44205205737332,2019-07-18-23-37-25
1.0,30.926673119405866,121.44230262844593,2019-07-18-23-37-25
1.0,30.926678543809277,121.44505909215827,2019-07-18-23-37-25
1.0,30.92667905067322,121.4453096960802,2019-07-18-23-37-25
1.0,30.926680071161726,121.44581091195529,2019-07-18-23-37-25
1.0,30.926680584770562,121.44606152389024,2019-07-18-23-37-25
1.0,30.926692997281947,121.45182631123211,2019-07-18-23-37-25
2.0,30.926696993784933,121.45358107214815,2019-07-18-23-37-25
1.0,30.92670893387967,121.45859529682085,2019-07-18-23-37-25
1.0,30.926711409804653,121.45959824677027,2019-07-18-23-37-25
1.0,30.926726825721992,121.4656166178418,2019-07-18-23-37-25
1.0,30.926732161352888,121.46762297818647,2019-07-18-23-37-25
1.0,30.926764385467713,121.47916142069681,2019-07-18-23-37-25
1.0,30.926922015497865,121.44180146766485,2019-07-18-23-37-25
1.0,30.926922492340427,121.44205203594586,2019-07-18-23-37-25
1.0,30.9269283959392,121.44505907074834,2019-07-18-23-37-25
1.0,30.926938952717272,121.45007164781514,2019-07-18-23-37-25
1.0,30.92694116699749,121.45107428565055,2019-07-18-23-37-25
1.0,30.926944550155827,121.45257831591609,2019-07-18-23-37-25
1.0,30.926952722088284,121.45608805108847,2019-07-18-23-37-25
1.0,30.9269563385359,121.45759235956815,2019-07-18-23-37-25
1.0,30.926958786005372,121.45859527550154,2019-07-18-23-37-25
1.0,30.92696251035955,121.46009971295967,2019-07-18-23-37-25
1.0,30.926963137155134,121.46035045979933,2019-07-18-23-37-25
1.0,30.926963765657455,121.46060120868232,2019-07-18-23-37-25
1.0,30.926976017439053,121.46536580941259,2019-07-18-23-37-25
1.0,30.926983361521184,121.46812456406404,2019-07-18-23-37-25
1.0,30.92698403760236,121.468375370111,2019-07-18-23-37-25
1.0,30.926986073942427,121.46912779802629,2019-07-18-23-37-25
1.0,30.927017140961066,121.48016486624967,2019-07-18-23-37-25
1.0,30.92702739725158,121.48367711737532,2019-07-18-23-37-25
1.0,30.927038518905988,121.48744041151599,2019-07-18-23-37-25
1.0,30.927039264210354,121.4876913027827,2019-07-18-23-37-25
1.0,30.927172344464417,121.44205201451821,2019-07-18-23-37-25
1.0,30.927173305203073,121.44255315945385,2019-07-18-23-37-25
1.0,30.927173789084794,121.44280373609034,2019-07-18-23-37-25
1.0,30.927176243323792,121.4440566606194,2019-07-18-23-37-25
1.0,30.92717724113429,121.44455784956475,2019-07-18-23-37-25
1.0,30.927180289022957,121.44606148108228,2019-07-18-23-37-25
1.0,30.92719554617165,121.45307965724918,2019-07-18-23-37-25
1.0,30.927205583309448,121.45734161465987,2019-07-18-23-37-25
1.0,30.92721173739954,121.45984894686514,2019-07-18-23-37-25
1.0,30.927212989273432,121.46035043849285,2019-07-18-23-37-25
1.0,30.927214879858756,121.46110269122926,2019-07-18-23-37-25
1.0,30.92721870598091,121.46260725056172,2019-07-18-23-37-25
1.0,30.927220640945567,121.46335955649444,2019-07-18-23-37-25
1.0,30.92722193883795,121.46386110328345,2019-07-18-23-37-25
1.0,30.927229186286112,121.46661974165987,2019-07-18-23-37-25
1.0,30.92723253892434,121.46787373842044,2019-07-18-23-37-25
1.0,30.927267720927105,121.48041571427649,2019-07-18-23-37-25
1.0,30.927281683837364,121.4851823957476,2019-07-18-23-37-25
1.0,30.927289862033486,121.48794217351355,2019-07-18-23-37-25
1.0,30.927291354638594,121.48844395868761,2019-07-18-23-37-25
1.0,30.9274241274153,121.44305429407254,2019-07-18-23-37-25
1.0,30.92742461595335,121.44330487623768,2019-07-18-23-37-25
1.0,30.927426095440403,121.44405663920311,2019-07-18-23-37-25
1.0,30.92742659320206,121.44430723231932,2019-07-18-23-37-25
1.0,30.9274286070423,121.4453096318543,2019-07-18-23-37-25
1.0,30.92742911616217,121.44556023846089,2019-07-18-23-37-25
1.0,30.92743014113896,121.44606145967802,2019-07-18-23-37-25
1.0,30.92744539828548,121.45307963589035,2019-07-18-23-37-25
1.0,30.927445973224792,121.45333032080512,2019-07-18-23-37-25
1.0,30.92745183009473,121.4558372981088,2019-07-18-23-37-25
1.0,30.927483065745946,121.46812452157225,2019-07-18-23-37-25
1.0,30.92748441926503,121.46862613531223,2019-07-18-23-37-25
1.0,30.927487142358505,121.46962938218134,2019-07-18-23-37-25
1.0,30.92767795228817,121.44505900651733,2019-07-18-23-37-25
1.0,30.927679993248237,121.44606143827355,2019-07-18-23-37-25
1.0,30.92769525039259,121.45307961453132,2019-07-18-23-37-25
1.0,30.92770347650251,121.45658941440041,2019-07-18-23-37-25
1.0,30.9277101966523,121.45934742087823,2019-07-18-23-37-25
1.0,30.927732917848218,121.46812450032606,2019-07-18-23-37-25
1.0,30.927734271367136,121.4686261140701,2019-07-18-23-37-25
1.0,30.927763793902653,121.47916133608497,2019-07-18-23-37-25
1.0,30.92778584188816,121.48668767784142,2019-07-18-23-37-25
1.0,30.927789566231457,121.48794213136286,2019-07-18-23-37-25
1.0,30.927790312341937,121.48819302369976,2019-07-18-23-37-25
1.0,30.927905826020968,121.52833214003388,2019-07-18-23-37-25
1.0,30.92792679746354,121.44455778532418,2019-07-18-23-37-25
1.0,30.927928820374355,121.44556019564565,2019-07-18-23-37-25
1.0,30.927940575441983,121.45107420016085,2019-07-18-23-37-25
1.0,30.927948581675263,121.45458373790603,2019-07-18-23-37-25
1.0,30.927953930431727,121.45684011006436,2019-07-18-23-37-25
1.0,30.927955746972177,121.4575922742597,2019-07-18-23-37-25
1.0,30.927956356136235,121.4578430000197,2019-07-18-23-37-25
1.0,30.927956967108976,121.45809372794122,2019-07-18-23-37-25
1.0,30.92795942888571,121.45909666100965,2019-07-18-23-37-25
1.0,30.92796129371447,121.4598488829333,2019-07-18-23-37-25
1.0,30.927963804288222,121.46085187438463,2019-07-18-23-37-25
2.0,30.927980749957687,121.4673720708743,2019-07-18-23-37-25
1.0,30.928000758906634,121.47464593384302,2019-07-18-23-37-25
1.0,30.928011477259425,121.4784087257494,2019-07-18-23-37-25
1.0,30.92801654936764,121.48016478167206,2019-07-18-23-37-25
1.0,30.928026068652276,121.48342615230155,2019-07-18-23-37-25
1.0,30.92802680565341,121.48367703292152,2019-07-18-23-37-25
1.0,30.928027543269465,121.4839279143188,2019-07-18-23-37-25
1.0,30.928033464803264,121.48593499170381,2019-07-18-23-37-25
1.0,30.92803643797522,121.48693854632275,2019-07-18-23-37-25
1.0,30.92812804756227,121.51804859967127,2019-07-18-23-37-25
1.0,30.928175651750095,121.44405657495307,2019-07-18-23-37-25
1.0,30.928176149511525,121.4443071680737,2019-07-18-23-37-25
1.0,30.928205599064572,121.45759225293209,2019-07-18-23-37-25
1.0,30.92822265136278,121.4643625724508,2019-07-18-23-37-25
1.0,30.92822660024813,121.46586727919994,2019-07-18-23-37-25
2.0,30.928251318565362,121.47489675689668,2019-07-18-23-37-25
1.0,30.928255585635213,121.47640184881587,2019-07-18-23-37-25
1.0,30.92825845006252,121.47740526757514,2019-07-18-23-37-25
1.0,30.928262774309907,121.47891042965537,2019-07-18-23-37-25
1.0,30.928287779385222,121.48744030611626,2019-07-18-23-37-25
1.0,30.928388272044245,121.52181113560854,2019-07-18-23-37-25
1.0,30.92842304960302,121.44280362897051,2019-07-18-23-37-25
1.0,30.928427508577112,121.44505894228455,2019-07-18-23-37-25
1.0,30.928450051700327,121.45533579889543,2019-07-18-23-37-25
1.0,30.928462878266185,121.46060108085186,2019-07-18-23-37-25
1.0,30.928470549593012,121.46361022253633,2019-07-18-23-37-25
1.0,30.92847911446638,121.46687043132204,2019-07-18-23-37-25
1.0,30.92847978359105,121.4671212289935,2019-07-18-23-37-25
1.0,30.928482474115217,121.46812443658631,2019-07-18-23-37-25
1.0,30.928504724021476,121.47615097590547,2019-07-18-23-37-25
1.0,30.928505437714886,121.47640182763818,2019-07-18-23-37-25
1.0,30.92850615238589,121.47665268056882,2019-07-18-23-37-25
1.0,30.928534654600206,121.48643672560648,2019-07-18-23-37-25
1.0,30.928540615082774,121.488443853332,2019-07-18-23-37-25
1.0,30.928676856060953,121.44480831962842,2019-07-18-23-37-25
1.0,30.928683058936006,121.44781571003865,2019-07-18-23-37-25
1.0,30.92871399242666,121.46110256342028,2019-07-18-23-37-25
1.0,30.928723009894764,121.4646133098197,2019-07-18-23-37-25
1.0,30.928723665791114,121.46486409157511,2019-07-18-23-37-25
1.0,30.928725642521126,121.46561644771093,2019-07-18-23-37-25
1.0,30.92872630440795,121.46586723667002,2019-07-18-23-37-25
1.0,30.928730306205747,121.46737200711576,2019-07-18-23-37-25
1.0,30.928730978146763,121.46762280818376,2019-07-18-23-37-25
1.0,30.928748198856926,121.4738933453497,2019-07-18-23-37-25
1.0,30.92875173134158,121.47514756004846,2019-07-18-23-37-25
1.0,30.928754576094725,121.47615095472543,2019-07-18-23-37-25
1.0,30.92875672009523,121.4769035135096,2019-07-18-23-37-25
1.0,30.92876031232653,121.47815780134908,2019-07-18-23-37-25
1.0,30.928780796357284,121.48518226914493,2019-07-18-23-37-25
1.0,30.928923728515052,121.44330474770945,2019-07-18-23-37-25
1.0,30.92894799000952,121.45458365250875,2019-07-18-23-37-25
1.0,30.92894857670165,121.45483435144776,2019-07-18-23-37-25
1.0,30.928949165319647,121.45508505268418,2019-07-18-23-37-25
1.0,30.928953942441076,121.45709074394439,2019-07-18-23-37-25
1.0,30.928961953914786,121.46035028934206,2019-07-18-23-37-25
1.0,30.928962582416464,121.46060103824011,2019-07-18-23-37-25
1.0,30.928975494591416,121.46561642644369,2019-07-18-23-37-25
1.0,30.92898015827546,121.46737198586251,2019-07-18-23-37-25
1.0,30.92898693892074,121.46988007046589,2019-07-18-23-37-25
1.0,30.92900087478643,121.47489669332447,2019-07-18-23-37-25
1.0,30.929003715458105,121.47590008302029,2019-07-18-23-37-25
1.0,30.929004428161527,121.4761509335452,2019-07-18-23-37-25
2.0,30.92900514185477,121.47640178528222,2019-07-18-23-37-25
1.0,30.929006572161782,121.47690349233584,2019-07-18-23-37-25
1.0,30.92900728875103,121.47715434762398,2019-07-18-23-37-25
1.0,30.92904106607925,121.48869470454012,2019-07-18-23-37-25
1.0,30.92918223401533,121.447565036926,2019-07-18-23-37-25
1.0,30.92920020036215,121.45558644066215,2019-07-18-23-37-25
1.0,30.929200794700247,121.45583714872598,2019-07-18-23-37-25
1.0,30.929201390925794,121.45608785904267,2019-07-18-23-37-25
1.0,30.92921433012306,121.46135327577332,2019-07-18-23-37-25
1.0,30.929216880903887,121.4623563154304,2019-07-18-23-37-25
1.0,30.929227336713865,121.46636877735895,2019-07-18-23-37-25
1.0,30.929230682279634,121.46762276568111,2019-07-18-23-37-25
1.0,30.929231355611716,121.46787356843076,2019-07-18-23-37-25
1.0,30.9292340626247,121.46887679594111,2019-07-18-23-37-25
1.0,30.929252145130185,121.47539836447655,2019-07-18-23-37-25
1.0,30.929253567518597,121.47590006183772,2019-07-18-23-37-25
1.0,30.929260737622172,121.47840861994653,2019-07-18-23-37-25
1.0,30.929279759979572,121.48493134186943,2019-07-18-23-37-25
1.0,30.92938148969758,121.51955355479895,2019-07-18-23-37-25
1.0,30.929426412272388,121.44480825538876,2019-07-18-23-37-25
1.0,30.929436379055378,121.44957013001687,2019-07-18-23-37-25
1.0,30.929447109381453,121.45433291317478,2019-07-18-23-37-25
1.0,30.929447694138055,121.4545836098089,2019-07-18-23-37-25
1.0,30.929448280830027,121.45483430875143,2019-07-18-23-37-25
1.0,30.929448869447864,121.45508500999136,2019-07-18-23-37-25
1.0,30.929449459982028,121.45533571351767,2019-07-18-23-37-25
1.0,30.92945005242293,121.45558641931918,2019-07-18-23-37-25
1.0,30.929457923233524,121.45884579664502,2019-07-18-23-37-25
1.0,30.929458541339894,121.45909653310716,2019-07-18-23-37-25
1.0,30.929464182181995,121.46135325447264,2019-07-18-23-37-25
1.0,30.929464817406128,121.46160401142706,2019-07-18-23-37-25
1.0,30.92946866312157,121.46310859435945,2019-07-18-23-37-25
1.0,30.929471258881723,121.4641116879824,2019-07-18-23-37-25
1.0,30.92947256608748,121.46461324599368,2019-07-18-23-37-25
1.0,30.92947718877117,121.46636875609728,2019-07-18-23-37-25
1.0,30.929479862395755,121.46737194335545,2019-07-18-23-37-25
1.0,30.929481882380397,121.46812435159723,2019-07-18-23-37-25
1.0,30.929498459387553,121.47414412207563,2019-07-18-23-37-25
1.0,30.929499164821497,121.47439496372509,2019-07-18-23-37-25
1.0,30.929505560639736,121.47665259586472,2019-07-18-23-37-25
1.0,30.929509148227513,121.47790687803196,2019-07-18-23-37-25
1.0,30.929509868505782,121.47815773785968,2019-07-18-23-37-25
1.0,30.929512758409107,121.47916118800673,2019-07-18-23-37-25
1.0,30.92952739389207,121.48417866981883,2019-07-18-23-37-25
1.0,30.929530352529426,121.48518220584096,2019-07-18-23-37-25
1.0,30.929533319778983,121.48618575287774,2019-07-18-23-37-25
1.0,30.929534806376804,121.4866875302291,2019-07-18-23-37-25
1.0,30.929682467201612,121.44781562445912,2019-07-18-23-37-25
1.0,30.929686777347218,121.44982075938142,2019-07-18-23-37-25
1.0,30.929694641952537,121.45333012858225,2019-07-18-23-37-25
1.0,30.92969872150252,121.45508498864467,2019-07-18-23-37-25
1.0,30.929699312036604,121.45533569217272,2019-07-18-23-37-25
1.0,30.929700498815365,121.45583710604339,2019-07-18-23-37-25
1.0,30.929701095040752,121.45608781636365,2019-07-18-23-37-25
1.0,30.929709013257746,121.45934725035642,2019-07-18-23-37-25
1.0,30.929717870182664,121.46285780440427,2019-07-18-23-37-25
1.0,30.929719161755035,121.46335934364825,2019-07-18-23-37-25
1.0,30.92972439035866,121.46536557545542,2019-07-18-23-37-25
1.0,30.929725712650626,121.46586715160781,2019-07-18-23-37-25
1.0,30.92972637600703,121.46611794234369,2019-07-18-23-37-25
1.0,30.929731059719057,121.46787352593138,2019-07-18-23-37-25
1.0,30.929741318851093,121.47163575950951,2019-07-18-23-37-25
1.0,30.929753984323778,121.47615087000334,2019-07-18-23-37-25
1.0,30.929777245937146,121.4841786487082,2019-07-18-23-37-25
1.0,30.92978168717351,121.48568395694475,2019-07-18-23-37-25
1.0,30.929783914885164,121.48643662015593,2019-07-18-23-37-25
1.0,30.92992866193816,121.44606124562439,2019-07-18-23-37-25
1.0,30.929929177778494,121.44631186023197,2019-07-18-23-37-25
1.0,30.92993608316191,121.44957008724873,2019-07-18-23-37-25
1.0,30.929947984933264,121.45483426605432,2019-07-18-23-37-25
1.0,30.92994916408495,121.4553356708276,2019-07-18-23-37-25
1.0,30.929958865304815,121.45934722904029,2019-07-18-23-37-25
1.0,30.929965158383403,121.46185472776985,2019-07-18-23-37-25
1.0,30.929980911763355,121.46787350468139,2019-07-18-23-37-25
1.0,30.929981586475062,121.46812430910151,2019-07-18-23-37-25
1.0,30.930027097975994,121.48417862759736,2019-07-18-23-37-25
1.0,30.930187029784292,121.4500713698762,2019-07-18-23-37-25
1.0,30.930196665527493,121.45433284911832,2019-07-18-23-37-25
1.0,30.93019901612712,121.45533564948227,2019-07-18-23-37-25
1.0,30.930199608567783,121.45558635528909,2019-07-18-23-37-25
1.0,30.93020020290556,121.45583706336002,2019-07-18-23-37-25
1.0,30.930205024735525,121.45784280808051,2019-07-18-23-37-25
1.0,30.93021247287883,121.46085168264615,2019-07-18-23-37-25
1.0,30.930213738321317,121.46135319056943,2019-07-18-23-37-25
1.0,30.93021437354521,121.46160394752954,2019-07-18-23-37-25
1.0,30.930217574268358,121.46285776182492,2019-07-18-23-37-25
1.0,30.93022016373083,121.46386084791237,2019-07-18-23-37-25
1.0,30.93022277811949,121.4648639639331,2019-07-18-23-37-25
1.0,30.930224094442725,121.4653655329152,2019-07-18-23-37-25
1.0,30.930227411168186,121.46661948654982,2019-07-18-23-37-25
1.0,30.930230763801475,121.46787348343122,2019-07-18-23-37-25
1.0,30.930250135027702,121.47489658736687,2019-07-18-23-37-25
1.0,30.930252263996724,121.47564912779613,2019-07-18-23-37-25
1.0,30.93027695000866,121.48417860648631,2019-07-18-23-37-25
1.0,30.930293317204217,121.4896981772834,2019-07-18-23-37-25
1.0,30.930380203790783,121.51930263167388,2019-07-18-23-37-25
1.0,30.930430967387522,121.44731430220654,2019-07-18-23-37-25
1.0,30.930434701131176,121.44906875053788,2019-07-18-23-37-25
1.0,30.930443050195773,121.45282869700719,2019-07-18-23-37-25
1.0,30.930443623142633,121.45307937956903,2019-07-18-23-37-25
1.0,30.930446517563862,121.45433282776575,2019-07-18-23-37-25
1.0,30.930448868163168,121.45533562813672,2019-07-18-23-37-25
1.0,30.930451849240374,121.45658917970847,2019-07-18-23-37-25
1.0,30.930452451069467,121.45683989672507,2019-07-18-23-37-25
1.0,30.93045426760752,121.45759206097473,2019-07-18-23-37-25
1.0,30.93045794951625,121.45909644783488,2019-07-18-23-37-25
1.0,30.930462956796564,121.46110241430085,2019-07-18-23-37-25
1.0,30.930464225579257,121.46160392622998,2019-07-18-23-37-25
1.0,30.930470667051598,121.46411160286259,2019-07-18-23-37-25
1.0,30.93047394647555,121.46536551164479,2019-07-18-23-37-25
2.0,30.9304765969381,121.46636867104867,2019-07-18-23-37-25
1.0,30.93048061583348,121.46787346218083,2019-07-18-23-37-25
1.0,30.930482644062124,121.46862588039379,2019-07-18-23-37-25
1.0,30.93050140533947,121.47539825853933,2019-07-18-23-37-25
1.0,30.93051725581352,121.48091718070211,2019-07-18-23-37-25
1.0,30.930528280225474,121.48468035196778,2019-07-18-23-37-25
1.0,30.930529020172802,121.48493123634873,2019-07-18-23-37-25
1.0,30.93053272791941,121.48618566850561,2019-07-18-23-37-25
1.0,30.93053793885516,121.48794189952021,2019-07-18-23-37-25
1.0,30.930592604618145,121.50625744202472,2019-07-18-23-37-25
1.0,30.930678218055004,121.44606118140445,2019-07-18-23-37-25
1.0,30.9306872842957,121.45032198287498,2019-07-18-23-37-25
1.0,30.930692902226546,121.4528286756441,2019-07-18-23-37-25
1.0,30.93069347517333,121.45307935820765,2019-07-18-23-37-25
1.0,30.93069695435037,121.45458350305586,2019-07-18-23-37-25
1.0,30.93069812965939,121.45508490325588,2019-07-18-23-37-25
1.0,30.930699312633664,121.45558631260137,2019-07-18-23-37-25
1.0,30.930700503196352,121.45608773100324,2019-07-18-23-37-25
1.0,30.930703512292276,121.45734131603825,2019-07-18-23-37-25
1.0,30.93070411963679,121.45759203964515,2019-07-18-23-37-25
1.0,30.930707183439072,121.45884569004494,2019-07-18-23-37-25
2.0,30.930710918242777,121.4603501401816,2019-07-18-23-37-25
1.0,30.930715353007276,121.46210542479399,2019-07-18-23-37-25
1.0,30.930731142570878,121.46812424535646,2019-07-18-23-37-25
2.0,30.930732496087813,121.46862585914931,2019-07-18-23-37-25
1.0,30.93074842500159,121.47439485774424,2019-07-18-23-37-25
1.0,30.93075267975032,121.4758999347382,2019-07-18-23-37-25
1.0,30.93075410614581,121.47640163703021,2019-07-18-23-37-25
1.0,30.93077813224579,121.48468033086083,2019-07-18-23-37-25
1.0,30.930778872193038,121.484931215244,2019-07-18-23-37-25
1.0,30.930784066536187,121.4866874247859,2019-07-18-23-37-25
1.0,30.93094275425131,121.4528286542808,2019-07-18-23-37-25
1.0,30.93094857221713,121.45533558544507,2019-07-18-23-37-25
1.0,30.930952155122473,121.45683985405483,2019-07-18-23-37-25
1.0,30.930952758799783,121.45709057328267,2019-07-18-23-37-25
1.0,30.930955804565365,121.45834420213417,2019-07-18-23-37-25
1.0,30.930965205029086,121.46210540349784,2019-07-18-23-37-25
1.0,30.93096584518412,121.46235616637502,2019-07-18-23-37-25
1.0,30.930967130351142,121.46285769795442,2019-07-18-23-37-25
1.0,30.930971023934255,121.46436233839611,2019-07-18-23-37-25
1.0,30.93097431092812,121.46561625629865,2019-07-18-23-37-25
1.0,30.930975636170196,121.46611783602145,2019-07-18-23-37-25
1.0,30.930976300984952,121.46636862852318,2019-07-18-23-37-25
1.0,30.93099686723932,121.47389315454775,2019-07-18-23-37-25
1.0,30.93100754104434,121.47765589230646,2019-07-18-23-37-25
1.0,30.931014046905176,121.47991365969916,2019-07-18-23-37-25
1.0,30.931032431953014,121.48618562631837,2019-07-18-23-37-25
1.0,30.9311728877837,121.44355513984145,2019-07-18-23-37-25
1.0,30.931173380947417,121.44380572752145,2019-07-18-23-37-25
1.0,30.931193754154876,121.45333000042477,2019-07-18-23-37-25
1.0,30.93119961101296,121.45583697799091,2019-07-18-23-37-25
1.0,30.931206887478833,121.45884564740352,2019-07-18-23-37-25
6.0,30.93121314642166,121.46135310536238,2019-07-18-23-37-25
1.0,30.93121505704494,121.46210538220151,2019-07-18-23-37-25
1.0,30.931216982366752,121.46285767666387,2019-07-18-23-37-25
1.0,30.93122022311513,121.46411153902066,2019-07-18-23-37-25
1.0,30.931221530319746,121.4646130970594,2019-07-18-23-37-25
1.0,30.931224162942836,121.46561623502964,2019-07-18-23-37-25
1.0,30.931232200121222,121.46862581665977,2019-07-18-23-37-25
1.0,30.931246719251302,121.47389313334655,2019-07-18-23-37-25
1.0,30.931247423597807,121.47414397368621,2019-07-18-23-37-25
1.0,30.931248129031168,121.47439481535054,2019-07-18-23-37-25
1.0,30.93125309648156,121.47615074291434,2019-07-18-23-37-25
1.0,30.931274145246597,121.48342587777628,2019-07-18-23-37-25
1.0,30.931278576215526,121.48493117303397,2019-07-18-23-37-25
1.0,30.931283770557485,121.48668738260727,2019-07-18-23-37-25
1.0,30.93128451455406,121.48693827220472,2019-07-18-23-37-25
1.0,30.931444183087937,121.45358066636953,2019-07-18-23-37-25
1.0,30.93145673948984,121.45884562608252,2019-07-18-23-37-25
1.0,30.931457357595566,121.45909636255945,2019-07-18-23-37-25
1.0,30.931461732990183,121.46085157611789,2019-07-18-23-37-25
1.0,30.93146683437647,121.46285765537311,2019-07-18-23-37-25
1.0,30.931475340193398,121.4661177934912,2019-07-18-23-37-25
1.0,30.931478008092398,121.46712097391985,2019-07-18-23-37-25
1.0,30.931478678629944,121.46737177331931,2019-07-18-23-37-25
1.0,30.9314813746923,121.46837498769317,2019-07-18-23-37-25
1.0,30.93148205212905,121.4686257954147,2019-07-18-23-37-25
1.0,30.93150152408375,121.4756490218657,2019-07-18-23-37-25
1.0,30.93150580907303,121.47715413589715,2019-07-18-23-37-25
1.0,30.931528428217895,121.48493115192866,2019-07-18-23-37-25
1.0,30.931529168715965,121.48518203702184,2019-07-18-23-37-25
1.0,30.93153065131412,121.4856838092587,2019-07-18-23-37-25
1.0,30.9315321359628,121.48618558413037,2019-07-18-23-37-25
1.0,30.931533622559257,121.48668736151765,2019-07-18-23-37-25
1.0,30.931685047343127,121.449569937554,2019-07-18-23-37-25
1.0,30.931687244894533,121.45057255560985,2019-07-18-23-37-25
1.0,30.93169872069374,121.45558622722356,2019-07-18-23-37-25
1.0,30.931704747828718,121.45809340806115,2019-07-18-23-37-25
1.0,30.931706591494997,121.45884560476132,2019-07-18-23-37-25
1.0,30.93170782946447,121.45934707982198,2019-07-18-23-37-25
1.0,30.931709074425783,121.45984856324752,2019-07-18-23-37-25
1.0,30.931713485659618,121.4616038197292,2019-07-18-23-37-25
1.0,30.9317154012138,121.4623561024912,2019-07-18-23-37-25
1.0,30.93172057996198,121.46436227455888,2019-07-18-23-37-25
1.0,30.931730550614752,121.4681241603603,2019-07-18-23-37-25
1.0,30.93177754026751,121.48468024643104,2019-07-18-23-37-25
1.0,30.931944465988913,121.45383131331238,2019-07-18-23-37-25
1.0,30.931945046845644,121.45408200531416,2019-07-18-23-37-25
1.0,30.93195521259845,121.45834411683504,2019-07-18-23-37-25
1.0,30.93195582715716,121.45859484907416,2019-07-18-23-37-25
1.0,30.931960178295665,121.46035003363251,2019-07-18-23-37-25
1.0,30.931962702434777,121.46135304145501,2019-07-18-23-37-25
1.0,30.931964613057332,121.46210531831134,2019-07-18-23-37-25
1.0,30.93196525321204,121.46235608119619,2019-07-18-23-37-25
1.0,30.931965894989297,121.46260684602689,2019-07-18-23-37-25
1.0,30.93196847810957,121.4636099245596,2019-07-18-23-37-25
1.0,30.93197043195957,121.46436225327942,2019-07-18-23-37-25
1.0,30.931971086329693,121.46461303322748,2019-07-18-23-37-25
1.0,30.93198040261111,121.46812413911078,2019-07-18-23-37-25
1.0,30.931981078690637,121.46837494519836,2019-07-18-23-37-25
1.0,30.93201636785401,121.48091705385772,2019-07-18-23-37-25
1.0,30.93202517585222,121.48392757650812,2019-07-18-23-37-25
1.0,30.93202887270305,121.48518199481512,2019-07-18-23-37-25
1.0,30.932031839949207,121.48618554194157,2019-07-18-23-37-25
1.0,30.932035559866414,121.48743998988793,2019-07-18-23-37-25
1.0,30.932184207223724,121.44931924653586,2019-07-18-23-37-25
1.0,30.932184751341975,121.4495698947823,2019-07-18-23-37-25
1.0,30.932200813323217,121.45658903034662,2019-07-18-23-37-25
1.0,30.932202624344093,121.45734118804572,2019-07-18-23-37-25
1.0,30.932204451822212,121.45809336540711,2019-07-18-23-37-25
1.0,30.932205064592246,121.45834409550974,2019-07-18-23-37-25
1.0,30.932206913593493,121.45909629860081,2019-07-18-23-37-25
1.0,30.932210658789447,121.46060076124463,2019-07-18-23-37-25
1.0,30.93221255442761,121.46135302015217,2019-07-18-23-37-25
1.0,30.932213826528482,121.46185453608564,2019-07-18-23-37-25
1.0,30.93221446504992,121.46210529701422,2019-07-18-23-37-25
1.0,30.932215746981722,121.46260682473361,2019-07-18-23-37-25
1.0,30.932217681941502,121.46335913078238,2019-07-18-23-37-25
1.0,30.89326650406105,121.59095085737403,2019-07-18-23-37-25
1.0,30.89323573760334,121.63292486448904,2019-07-18-23-37-25
1.0,30.893232792380772,121.6349219510385,2019-07-18-23-37-25
1.0,30.89376626121052,121.59545183251281,2019-07-18-23-37-25
1.0,30.893766212054754,121.59595188313824,2019-07-18-23-37-25
1.0,30.893765954756134,121.59770196335673,2019-07-18-23-37-25
1.0,30.894231831041104,121.635171496884,2019-07-18-23-37-25
1.0,30.894515907809936,121.59320138990061,2019-07-18-23-37-25
1.0,30.895015603676786,121.59270123002642,2019-07-18-23-37-25
1.0,30.89525417033049,121.6166934927702,2019-07-18-23-37-25
1.0,30.895234565203978,121.63292470056709,2019-07-18-23-37-25
1.0,30.89520764728927,121.64939773267967,2019-07-18-23-37-25
1.0,30.895515185123735,121.5909506736675,2019-07-18-23-37-25
1.0,30.932222251626055,121.46511457733588,2019-07-18-23-37-25
1.0,30.932237075083922,121.47063225086767,2019-07-18-23-37-25
1.0,30.93225179176569,121.47589980763162,2019-07-18-23-37-25
1.0,30.93226621984037,121.4809170327163,2019-07-18-23-37-25
1.0,30.932266949993092,121.48116790479136,2019-07-18-23-37-25
1.0,30.932269877893624,121.48217140218769,2019-07-18-23-37-25
1.0,30.932271346040924,121.48267315613857,2019-07-18-23-37-25
1.0,30.932278724687965,121.48518197371146,2019-07-18-23-37-25
1.0,30.932279465724058,121.48543285949982,2019-07-18-23-37-25
1.0,30.93228169193378,121.48618552084689,2019-07-18-23-37-25
1.0,30.93241923758672,121.44205156449168,2019-07-18-23-37-25
1.0,30.93243405921468,121.4493192251481,2019-07-18-23-37-25
1.0,30.932435149567457,121.44982052416258,2019-07-18-23-37-25
1.0,30.9324362483514,121.45032183321041,2019-07-18-23-37-25
1.0,30.932436800883327,121.45057249147165,2019-07-18-23-37-25
1.0,30.932439594590385,121.451825819743,2019-07-18-23-37-25
1.0,30.93244072639561,121.45232716810908,2019-07-18-23-37-25
1.0,30.93244186627678,121.45282852609682,2019-07-18-23-37-25
1.0,30.93244416997369,121.45383127059736,2019-07-18-23-37-25
1.0,30.932444750830264,121.4540819626026,2019-07-18-23-37-25
1.0,30.932456765581367,121.45909627728088,2019-07-18-23-37-25
2.0,30.93246051077684,121.46060073993591,2019-07-18-23-37-25
1.0,30.895483326119237,121.63367360098329,2019-07-18-23-37-25
1.0,30.895461037395556,121.6474012858237,2019-07-18-23-37-25
1.0,30.8954605986422,121.64765084278837,2019-07-18-23-37-25
1.0,30.895705114156588,121.65064542560799,2019-07-18-23-37-25
1.0,30.89601453103434,121.58869974281977,2019-07-18-23-37-25
1.0,30.896003015330102,121.61744277877109,2019-07-18-23-37-25
1.0,30.895966777490642,121.64390732638655,2019-07-18-23-37-25
1.0,30.896262432680594,121.58294627631591,2019-07-18-23-37-25
1.0,30.896251632703553,121.61869162055096,2019-07-18-23-37-25
1.0,30.89621747504864,121.64340815501905,2019-07-18-23-37-25
1.0,30.896699069572428,121.65363981521278,2019-07-18-23-37-25
1.0,30.89749078884395,121.62743190270669,2019-07-18-23-37-25
1.0,30.89745228037755,121.65164345229815,2019-07-18-23-37-25
1.0,30.897679692006808,121.66362066839949,2019-07-18-23-37-25
1.0,30.89825702695119,121.6111973223577,2019-07-18-23-37-25
1.0,30.898438265036635,121.65887975329866,2019-07-18-23-37-25
1.0,30.89843732213804,121.6593787963845,2019-07-18-23-37-25
1.0,30.899260397499326,121.6047003552393,2019-07-18-23-37-25
1.0,30.899678994525278,121.66337098712876,2019-07-18-23-37-25
1.0,30.90000722880891,121.60944820415615,2019-07-18-23-37-25
1.0,30.900007060434913,121.60969806601241,2019-07-18-23-37-25
1.0,30.900006889626134,121.60994792510394,2019-07-18-23-37-25
1.0,30.900001616374304,121.61644331693536,2019-07-18-23-37-25
1.0,30.900262522466345,121.59420112102177,2019-07-18-23-37-25
1.0,30.93246114097373,121.46085149089173,2019-07-18-23-37-25
1.0,30.93246367851547,121.46185451478641,2019-07-18-23-37-25
1.0,30.93246818208809,121.46360988198835,2019-07-18-23-37-25
1.0,30.93247079030756,121.46461299067188,2019-07-18-23-37-25
1.0,30.932474084814604,121.46586691767052,2019-07-18-23-37-25
1.0,30.932475412984367,121.46636850094201,2019-07-18-23-37-25
1.0,30.932476079246214,121.46661929519871,2019-07-18-23-37-25
1.0,30.93248010658668,121.46812409661113,2019-07-18-23-37-25
1.0,30.932516071821045,121.4809170115747,2019-07-18-23-37-25
1.0,30.932517532867895,121.48141875665344,2019-07-18-23-37-25
1.0,30.932518264491073,121.48166963056455,2019-07-18-23-37-25
1.0,30.93252266883113,121.48317489231296,2019-07-18-23-37-25
1.0,30.932681756063108,121.44831663614339,2019-07-18-23-37-25
1.0,30.932685001552635,121.44982050277785,2019-07-18-23-37-25
1.0,30.93268554989497,121.45007115605425,2019-07-18-23-37-25
1.0,30.93268665286827,121.45057247009184,2019-07-18-23-37-25
1.0,30.932690011463436,121.45207647134828,2019-07-18-23-37-25
1.0,30.932692291207175,121.45307918730937,2019-07-18-23-37-25
1.0,30.932696357071375,121.45483403120603,2019-07-18-23-37-25
1.0,30.93269991732478,121.4563382728563,2019-07-18-23-37-25
1.0,30.93270476856286,121.45834405285859,2019-07-18-23-37-25
1.0,30.93271480917258,121.46235601731,2019-07-18-23-37-25
1.0,30.932716739328477,121.46310831760734,2019-07-18-23-37-25
1.0,30.932721298183072,121.46486375118069,2019-07-18-23-37-25
1.0,30.90025943967577,121.60545001210076,2019-07-18-23-37-25
1.0,30.900258910218717,121.60644962314228,2019-07-18-23-37-25
1.0,30.900247463224968,121.62043959749705,2019-07-18-23-37-25
1.0,30.90021845567736,121.64141116985387,2019-07-18-23-37-25
1.0,30.900217630820887,121.64191034220933,2019-07-18-23-37-25
1.0,30.90017679205669,121.66436900939115,2019-07-18-23-37-25
1.0,30.900497047659538,121.62068932512959,2019-07-18-23-37-25
1.0,30.901006970711993,121.60894839041603,2019-07-18-23-37-25
1.0,30.900963418026606,121.64415648902414,2019-07-18-23-37-25
1.0,30.90096299304378,121.64440606121914,2019-07-18-23-37-25
1.0,30.901255806303997,121.61044753288037,2019-07-18-23-37-25
1.0,30.901254891917542,121.61169675981807,2019-07-18-23-37-25
1.0,30.901250648021136,121.61669300220649,2019-07-18-23-37-25
1.0,30.901178113198004,121.66337086327982,2019-07-18-23-37-25
1.0,30.901676388034634,121.66411936986569,2019-07-18-23-37-25
1.0,30.902257740395342,121.58069397644779,2019-07-18-23-37-25
1.0,30.90225539419688,121.6101975975823,2019-07-18-23-37-25
1.0,30.902250755281216,121.61594355037703,2019-07-18-23-37-25
1.0,30.902508946013345,121.60370039772631,2019-07-18-23-37-25
1.0,30.902503579916463,121.61244616131764,2019-07-18-23-37-25
1.0,30.902500147197625,121.6164431125177,2019-07-18-23-37-25
1.0,30.902491293139633,121.62468481386017,2019-07-18-23-37-25
1.0,30.902470381175586,121.63941423813378,2019-07-18-23-37-25
1.0,30.902455607620634,121.64814937775961,2019-07-18-23-37-25
1.0,30.902753627721516,121.61219630902099,2019-07-18-23-37-25
1.0,30.932723274909158,121.46561610741144,2019-07-18-23-37-25
1.0,30.932723936794666,121.46586689640232,2019-07-18-23-37-25
1.0,30.93272659892417,121.46687006992518,2019-07-18-23-37-25
1.0,30.93272726804744,121.46712086763081,2019-07-18-23-37-25
1.0,30.93273063464528,121.4683748814547,2019-07-18-23-37-25
1.0,30.93275722437082,121.47790660286263,2019-07-18-23-37-25
1.0,30.93277768814317,121.48493104639921,2019-07-18-23-37-25
1.0,30.93278362647762,121.48693814567764,2019-07-18-23-37-25
1.0,30.932895685762496,121.52557299122378,2019-07-18-23-37-25
1.0,30.93292535199533,121.44530916080987,2019-07-18-23-37-25
1.0,30.93294445479239,121.45408191989026,2019-07-18-23-37-25
1.0,30.9329485749759,121.45583682858735,2019-07-18-23-37-25
1.0,30.932949171200253,121.45608753893077,2019-07-18-23-37-25
1.0,30.93295771101513,121.45959771391395,2019-07-18-23-37-25
1.0,30.932958334364244,121.45984845667573,2019-07-18-23-37-25
1.0,30.932960214734813,121.46060069731787,2019-07-18-23-37-25
1.0,30.932972466479328,121.46536529892992,2019-07-18-23-37-25
1.0,30.93297378876916,121.46586687513391,2019-07-18-23-37-25
1.0,30.932976450898334,121.46687004866477,2019-07-18-23-37-25
1.0,30.932977120021523,121.46712084637241,2019-07-18-23-37-25
1.0,30.932977790558578,121.46737164578396,2019-07-18-23-37-25
1.0,30.933019433817574,121.48217133879541,2019-07-18-23-37-25
1.0,30.93302532197626,121.4841783742521,2019-07-18-23-37-25
1.0,30.933030505279923,121.48593456979046,2019-07-18-23-37-25
1.0,30.93316879353269,121.44205150019503,2019-07-18-23-37-25
1.0,30.9027502318916,121.61619330205964,2019-07-18-23-37-25
1.0,30.902750000211846,121.6164430920749,2019-07-18-23-37-25
1.0,30.902748808347607,121.61769200421277,2019-07-18-23-37-25
1.0,30.903000766406564,121.6154438962356,2019-07-18-23-37-25
1.0,30.90299961929259,121.61669285910524,2019-07-18-23-37-25
1.0,30.902995846917474,121.62043937251731,2019-07-18-23-37-25
2.0,30.902962666190554,121.64390675120995,2019-07-18-23-37-25
1.0,30.90326032995346,121.59795118683762,2019-07-18-23-37-25
1.0,30.903250619396694,121.61544387579484,2019-07-18-23-37-25
1.0,30.90350465921347,121.6101974954336,2019-07-18-23-37-25
1.0,30.903501133437278,121.61469444678306,2019-07-18-23-37-25
1.0,30.903500915368046,121.61494425223161,2019-07-18-23-37-25
1.0,30.903500695011356,121.61519405508564,2019-07-18-23-37-25
1.0,30.903500472374756,121.6154438553539,2019-07-18-23-37-25
1.0,30.903500247465832,121.61569365304514,2019-07-18-23-37-25
1.0,30.903755952252425,121.57919250297243,2019-07-18-23-37-25
1.0,30.903757752807856,121.60469998766578,2019-07-18-23-37-25
1.0,30.90375323208348,121.6119463927382,2019-07-18-23-37-25
1.0,30.903749873258185,121.61594342772591,2019-07-18-23-37-25
1.0,30.90374376233489,121.62193776409524,2019-07-18-23-37-25
1.0,30.90372957300082,121.63292400376561,2019-07-18-23-37-25
1.0,30.903993050883216,121.62243720919676,2019-07-18-23-37-25
1.0,30.90425154155382,121.61369513755922,2019-07-18-23-37-25
1.0,30.904244024396583,121.62143824829653,2019-07-18-23-37-25
1.0,30.904504244248223,121.60994755738488,2019-07-18-23-37-25
1.0,30.933181995584487,121.44856723143441,2019-07-18-23-37-25
1.0,30.933184705506335,121.44982046000781,2019-07-18-23-37-25
1.0,30.933186911434824,121.45082308807588,2019-07-18-23-37-25
1.0,30.93319372590881,121.45383120652335,2019-07-18-23-37-25
1.0,30.933194889575738,121.45433259287462,2019-07-18-23-37-25
1.0,30.933195474331157,121.45458328953495,2019-07-18-23-37-25
1.0,30.933196061021942,121.45483398850378,2019-07-18-23-37-25
1.0,30.93319783261128,121.45558609915093,2019-07-18-23-37-25
1.0,30.933198426948106,121.4558368072432,2019-07-18-23-37-25
1.0,30.933205703406315,121.45884547682998,2019-07-18-23-37-25
1.0,30.93320881141163,121.4600991801919,2019-07-18-23-37-25
1.0,30.93321387296403,121.46210521182378,2019-07-18-23-37-25
1.0,30.933214513118337,121.46235597471822,2019-07-18-23-37-25
1.0,30.93322231844847,121.46536527765736,2019-07-18-23-37-25
1.0,30.93322764252706,121.46737162452739,2019-07-18-23-37-25
1.0,30.9332590917992,121.4786591433866,2019-07-18-23-37-25
1.0,30.93327443572268,121.48392747093207,2019-07-18-23-37-25
1.0,30.933275173939126,121.48417835313873,2019-07-18-23-37-25
1.0,30.933278873607136,121.48543277509224,2019-07-18-23-37-25
1.0,30.93339206565116,121.52431891236246,2019-07-18-23-37-25
1.0,30.933418168663074,121.44180091044467,2019-07-18-23-37-25
1.0,30.933428666703897,121.44706342025663,2019-07-18-23-37-25
1.0,30.93343346712281,121.44931913959503,2019-07-18-23-37-25
1.0,30.933442422063887,121.45332980817523,2019-07-18-23-37-25
1.0,30.933445326298305,121.45458326818178,2019-07-18-23-37-25
1.0,30.904504071010294,121.61019741371129,2019-07-18-23-37-25
1.0,30.904498262515737,121.61719230379104,2019-07-18-23-37-25
1.0,30.904496532195413,121.61894071081332,2019-07-18-23-37-25
1.0,30.904483692116052,121.6296784231607,2019-07-18-23-37-25
1.0,30.904756400785125,121.60619935706518,2019-07-18-23-37-25
1.0,30.904747874834936,121.61744206324417,2019-07-18-23-37-25
1.0,30.90474203709914,121.62293660412973,2019-07-18-23-37-25
1.0,30.90474027110026,121.624434918456,2019-07-18-23-37-25
1.0,30.904723380722977,121.6366683665693,2019-07-18-23-37-25
1.0,30.904722218871722,121.63741720943663,2019-07-18-23-37-25
1.0,30.90500377683774,121.61019737284903,2019-07-18-23-37-25
1.0,30.90500268678788,121.61169645332747,2019-07-18-23-37-25
1.0,30.905000680303015,121.61419470543544,2019-07-18-23-37-25
1.0,30.9049755171464,121.63517061523865,2019-07-18-23-37-25
1.0,30.90497438218038,121.63591948827433,2019-07-18-23-37-25
1.0,30.904971289964717,121.63791640937623,2019-07-18-23-37-25
1.0,30.904970106605127,121.63866522813446,2019-07-18-23-37-25
1.0,30.905248761373894,121.61619309762764,2019-07-18-23-37-25
1.0,30.905243158992914,121.62168790507256,2019-07-18-23-37-25
1.0,30.90524259869756,121.62218737527627,2019-07-18-23-37-25
1.0,30.90522537003803,121.63517059473116,2019-07-18-23-37-25
1.0,30.90522114285589,121.6379163888571,2019-07-18-23-37-25
1.0,30.905218362276127,121.63966361089183,2019-07-18-23-37-25
1.0,30.905505959476113,121.6061992957894,2019-07-18-23-37-25
1.0,30.93344591298901,121.45483396715235,2019-07-18-23-37-25
1.0,30.933458663377024,121.46009915887863,2019-07-18-23-37-25
1.0,30.933468890993108,121.46411134748428,2019-07-18-23-37-25
1.0,30.933472830816395,121.46561604359967,2019-07-18-23-37-25
1.0,30.933478839760223,121.46787320716099,2019-07-18-23-37-25
1.0,30.933527984528457,121.48518186819028,2019-07-18-23-37-25
1.0,30.933675928389682,121.4458103125291,2019-07-18-23-37-25
1.0,30.933679570237704,121.44756465175769,2019-07-18-23-37-25
1.0,30.9336833190862,121.44931911820628,2019-07-18-23-37-25
1.0,30.933683863203985,121.44956976646243,2019-07-18-23-37-25
1.0,30.93368606075291,121.45057238457068,2019-07-18-23-37-25
1.0,30.93368773080197,121.45132437420648,2019-07-18-23-37-25
1.0,30.933691126142843,121.45282841927141,2019-07-18-23-37-25
1.0,30.93369342983818,121.45383116380634,2019-07-18-23-37-25
1.0,30.93369813087621,121.45583676455429,2019-07-18-23-37-25
1.0,30.933698727100325,121.45608747490307,2019-07-18-23-37-25
1.0,30.933702952697246,121.4578425094767,2019-07-18-23-37-25
1.0,30.93371103270944,121.46110213733917,2019-07-18-23-37-25
1.0,30.933719395785232,121.46436210431763,2019-07-18-23-37-25
1.0,30.933727346447714,121.46737158201364,2019-07-18-23-37-25
1.0,30.93374523905573,121.47389292132384,2019-07-18-23-37-25
1.0,30.933932089192442,121.44881780789672,2019-07-18-23-37-25
1.0,30.933938706415276,121.45182569151123,2019-07-18-23-37-25
1.0,30.933942125982817,121.45332976545093,2019-07-18-23-37-25
1.0,30.933942702902335,121.45358045277318,2019-07-18-23-37-25
1.0,30.905502765515635,121.61119672986385,2019-07-18-23-37-25
1.0,30.905502392568003,121.6116964124589,2019-07-18-23-37-25
1.0,30.905501618154187,121.61269574527805,2019-07-18-23-37-25
1.0,30.9055001726099,121.6144444752155,2019-07-18-23-37-25
1.0,30.90549791249976,121.61694243959384,2019-07-18-23-37-25
1.0,30.905474846123635,121.63542020028225,2019-07-18-23-37-25
1.0,30.905474087951756,121.63591944725292,2019-07-18-23-37-25
1.0,30.905472166288785,121.63716753523636,2019-07-18-23-37-25
1.0,30.90546861650654,121.63941399183544,2019-07-18-23-37-25
1.0,30.90546821515538,121.63966359036483,2019-07-18-23-37-25
1.0,30.905755106497416,121.60744873910669,2019-07-18-23-37-25
1.0,30.905754496938705,121.60844825911781,2019-07-18-23-37-25
1.0,30.905751471026658,121.61269572484149,2019-07-18-23-37-25
1.0,30.90572545103894,121.63492092592578,2019-07-18-23-37-25
1.0,30.90572163041358,121.63741712736835,2019-07-18-23-37-25
1.0,30.905720848603394,121.63791634781826,2019-07-18-23-37-25
1.0,30.905719665243435,121.6386651665667,2019-07-18-23-37-25
1.0,30.906001908252687,121.61194620882775,2019-07-18-23-37-25
1.0,30.90600092253314,121.61319535475613,2019-07-18-23-37-25
1.0,30.9059760497326,121.63442164459562,2019-07-18-23-37-25
1.0,30.905974173523134,121.6356697836012,2019-07-18-23-37-25
1.0,30.905969913957755,121.63841554136859,2019-07-18-23-37-25
1.0,30.906252138819497,121.61144651121401,2019-07-18-23-37-25
1.0,30.933946796056144,121.45533532927857,2019-07-18-23-37-25
1.0,30.933952804652606,121.45784248814638,2019-07-18-23-37-25
1.0,30.934007204445482,121.4781573568863,2019-07-18-23-37-25
1.0,30.934186319275923,121.45082300255973,2019-07-18-23-37-25
1.0,30.934189123255273,121.45207634312544,2019-07-18-23-37-25
1.0,30.93419488216755,121.45458320412106,2019-07-18-23-37-25
1.0,30.934204494900804,121.4585946571561,2019-07-18-23-37-25
1.0,30.934433965296034,121.44982035307928,2019-07-18-23-37-25
1.0,30.934439542117946,121.45232699715883,2019-07-18-23-37-25
1.0,30.934440111052968,121.45257767496885,2019-07-18-23-37-25
1.0,30.934455581286564,121.45909610671424,2019-07-18-23-37-25
1.0,30.934525172478146,121.48442913053454,2019-07-18-23-37-25
1.0,30.934531102606176,121.48643621939955,2019-07-18-23-37-25
1.0,30.934574589765774,121.50098830904521,2019-07-18-23-37-25
1.0,30.934681107318678,121.44856710307111,2019-07-18-23-37-25
1.0,30.93468272688682,121.44931903264924,2019-07-18-23-37-25
1.0,30.934684365579916,121.45007098498243,2019-07-18-23-37-25
1.0,30.934688262255523,121.45182562739268,2019-07-18-23-37-25
1.0,30.93469341848904,121.45408177039083,2019-07-18-23-37-25
1.0,30.934695761360587,121.45508456166914,2019-07-18-23-37-25
1.0,30.934696351893084,121.4553352652325,2019-07-18-23-37-25
1.0,30.934698732994008,121.45633810212769,2019-07-18-23-37-25
1.0,30.934717499447565,121.46386046480265,2019-07-18-23-37-25
1.0,30.93493095925611,121.44856708167654,2019-07-18-23-37-25
1.0,30.906251951151503,121.61169635115465,2019-07-18-23-37-25
1.0,30.90625176110232,121.61194618839232,2019-07-18-23-37-25
1.0,30.90625097723286,121.61294551047419,2019-07-18-23-37-25
1.0,30.90622016125972,121.63816591460349,2019-07-18-23-37-25
1.0,30.90621897369664,121.63891472863843,2019-07-18-23-37-25
1.0,30.906208623565423,121.64515433875887,2019-07-18-23-37-25
1.0,30.90650235982289,121.61094680275839,2019-07-18-23-37-25
1.0,30.90650142151704,121.61219600249892,2019-07-18-23-37-25
1.0,30.906501029575168,121.61269566353069,2019-07-18-23-37-25
1.0,30.906487404290843,121.62593300930911,2019-07-18-23-37-25
1.0,30.906476125975374,121.6341719705283,2019-07-18-23-37-25
1.0,30.906475755412306,121.63442160358512,2019-07-18-23-37-25
1.0,30.90647538327546,121.63467123487303,2019-07-18-23-37-25
1.0,30.906471577692226,121.63716745317012,2019-07-18-23-37-25
1.0,30.906470798760555,121.63766667684047,2019-07-18-23-37-25
1.0,30.90647001409324,121.63816589408233,2019-07-18-23-37-25
1.0,30.90675665933068,121.60320018699225,2019-07-18-23-37-25
1.0,30.906751466767396,121.61194614752092,2019-07-18-23-37-25
1.0,30.9067478785016,121.61619297495952,2019-07-18-23-37-25
1.0,30.906743640513465,121.62043906569048,2019-07-18-23-37-25
1.0,30.906742276114482,121.62168778231484,2019-07-18-23-37-25
1.0,30.90674057069228,121.62318616513538,2019-07-18-23-37-25
1.0,30.906740279351105,121.62343588756765,2019-07-18-23-37-25
1.0,30.906722587966964,121.63641858487648,2019-07-18-23-37-25
1.0,30.906708757555815,121.64490472920845,2019-07-18-23-37-25
1.0,30.93493476795764,121.45032161938705,2019-07-18-23-37-25
1.0,30.934937551341264,121.451574935454,2019-07-18-23-37-25
1.0,30.934938114191947,121.45182560601944,2019-07-18-23-37-25
1.0,30.934939245995608,121.45232695441929,2019-07-18-23-37-25
1.0,30.934941533757605,121.45332967999995,2019-07-18-23-37-25
1.0,30.93494268956897,121.45383105701039,2019-07-18-23-37-25
1.0,30.934943853234792,121.45433244338601,2019-07-18-23-37-25
1.0,30.934944437989657,121.45458314005856,2019-07-18-23-37-25
1.0,30.934958401850835,121.46034977789458,2019-07-18-23-37-25
1.0,30.935178681910887,121.44756452335399,2019-07-18-23-37-25
1.0,30.93518188876385,121.44906834413203,2019-07-18-23-37-25
2.0,30.935182430756146,121.44931898986955,2019-07-18-23-37-25
1.0,30.935182974873467,121.44956963813543,2019-07-18-23-37-25
1.0,30.935184069448777,121.4500709422125,2019-07-18-23-37-25
1.0,30.935184619889455,121.45032159800363,2019-07-18-23-37-25
1.0,30.9351890979268,121.45232693304922,2019-07-18-23-37-25
1.0,30.935190237806243,121.4528282910744,2019-07-18-23-37-25
1.0,30.935191962607608,121.4535803459676,2019-07-18-23-37-25
1.0,30.93519254149969,121.4538310356506,2019-07-18-23-37-25
1.0,30.93519487661029,121.45483381768685,2019-07-18-23-37-25
1.0,30.93519546522631,121.45508451896724,2019-07-18-23-37-25
1.0,30.935198436858936,121.45633805944355,2019-07-18-23-37-25
1.0,30.93520024233184,121.45709021058455,2019-07-18-23-37-25
1.0,30.935200847846314,121.45734093203934,2019-07-18-23-37-25
1.0,30.935254306005373,121.47740467476773,2019-07-18-23-37-25
1.0,30.907001882580502,121.6111966072594,2019-07-18-23-37-25
1.0,30.90699907389602,121.61469416061462,2019-07-18-23-37-25
1.0,30.906992405978617,121.62143802325195,2019-07-18-23-37-25
1.0,30.906985526459724,121.62718143722827,2019-07-18-23-37-25
1.0,30.90697508890964,121.63467119385975,2019-07-18-23-37-25
1.0,30.90697089458208,121.63741702477878,2019-07-18-23-37-25
1.0,30.906969325269067,121.63841545927924,2019-07-18-23-37-25
1.0,30.906964073880665,121.64166020229504,2019-07-18-23-37-25
1.0,30.906950742409975,121.6493967659007,2019-07-18-23-37-25
1.0,30.90725173538495,121.61119658682468,2019-07-18-23-37-25
1.0,30.90725117238725,121.61194610664877,2019-07-18-23-37-25
1.0,30.907233084287466,121.62892918495396,2019-07-18-23-37-25
1.0,30.907219178068626,121.63841543875644,2019-07-18-23-37-25
1.0,30.907217986335286,121.63916424810957,2019-07-18-23-37-25
1.0,30.90721637826077,121.64016263921224,2019-07-18-23-37-25
1.0,30.90749183452191,121.62168772093347,2019-07-18-23-37-25
1.0,30.907477726940467,121.63267405236287,2019-07-18-23-37-25
1.0,30.907470988913918,121.63716737110089,2019-07-18-23-37-25
1.0,30.907468237750575,121.6389146260144,2019-07-18-23-37-25
1.0,30.90773143866213,121.62992782378045,2019-07-18-23-37-25
1.0,30.907727579718653,121.63267403186364,2019-07-18-23-37-25
1.0,30.907718090527716,121.63891460548903,2019-07-18-23-37-25
1.0,30.907715678471217,121.64041219219422,2019-07-18-23-37-25
1.0,30.907699854530183,121.64964625283874,2019-07-18-23-37-25
1.0,30.908007193198472,121.5994507301641,2019-07-18-23-37-25
1.0,30.935283635233162,121.48743971578804,2019-07-18-23-37-25
1.0,30.935430127549754,121.44831640079205,2019-07-18-23-37-25
1.0,30.93543174069104,121.44906832274027,2019-07-18-23-37-25
1.0,30.93543228268326,121.4493189684794,2019-07-18-23-37-25
1.0,30.93543781804963,121.45182556327235,2019-07-18-23-37-25
1.0,30.935438382937264,121.45207623626764,2019-07-18-23-37-25
1.0,30.935440089732264,121.45282826970754,2019-07-18-23-37-25
1.0,30.935441237614345,121.45332963727328,2019-07-18-23-37-25
2.0,30.935444141845608,121.45458309734924,2019-07-18-23-37-25
1.0,30.935448888753143,121.45658875293466,2019-07-18-23-37-25
1.0,30.93545069977091,121.45734091070419,2019-07-18-23-37-25
1.0,30.93548036227798,121.4688762648458,2019-07-18-23-37-25
1.0,30.93553497816037,121.48794147792795,2019-07-18-23-37-25
1.0,30.935535724268206,121.4881923703348,2019-07-18-23-37-25
1.0,30.935678914825395,121.4478151109154,2019-07-18-23-37-25
1.0,30.93567944606516,121.44806574386666,2019-07-18-23-37-25
1.0,30.935682678722575,121.44956959535818,2019-07-18-23-37-25
1.0,30.935683224956176,121.44982024614576,2019-07-18-23-37-25
1.0,30.93569458045611,121.45483377498064,2019-07-18-23-37-25
1.0,30.935695759604155,121.45533517983498,2019-07-18-23-37-25
1.0,30.935699946176232,121.45709016791044,2019-07-18-23-37-25
1.0,30.935700551690545,121.45734088936885,2019-07-18-23-37-25
1.0,30.935727507189473,121.46787301587756,2019-07-18-23-37-25
1.0,30.93572885797757,121.46837462646238,2019-07-18-23-37-25
1.0,30.93573021419387,121.46887624359944,2019-07-18-23-37-25
1.0,30.908002523260713,121.60944755041916,2019-07-18-23-37-25
1.0,30.908002010836125,121.61019712765984,2019-07-18-23-37-25
1.0,30.907982975951118,121.6286794485071,2019-07-18-23-37-25
1.0,30.907972616122734,121.63591924213468,2019-07-18-23-37-25
1.0,30.908227644495025,121.63242434509213,2019-07-18-23-37-25
1.0,30.908227285241804,121.63267399086462,2019-07-18-23-37-25
1.0,30.90822472493628,121.63442146004256,2019-07-18-23-37-25
2.0,30.908222087521732,121.63616884254695,2019-07-18-23-37-25
1.0,30.90822132032228,121.63666807936207,2019-07-18-23-37-25
1.0,30.908200451633405,121.64914711338636,2019-07-18-23-37-25
1.0,30.908197766389158,121.65064439677617,2019-07-18-23-37-25
1.0,30.908504057059965,121.60644894911617,2019-07-18-23-37-25
1.0,30.90848715376203,121.62518373834743,2019-07-18-23-37-25
1.0,30.90848559885907,121.62643223946208,2019-07-18-23-37-25
1.0,30.90848528215565,121.62668193321926,2019-07-18-23-37-25
1.0,30.908481337393525,121.62967809537048,2019-07-18-23-37-25
1.0,30.908477497240145,121.63242432459333,2019-07-18-23-37-25
1.0,30.90847078724531,121.63691767475976,2019-07-18-23-37-25
1.0,30.90846883635701,121.63816572990638,2019-07-18-23-37-25
1.0,30.90846236314918,121.6421592485602,2019-07-18-23-37-25
1.0,30.908445358383407,121.65189208711392,2019-07-18-23-37-25
1.0,30.908736079306646,121.6259328250395,2019-07-18-23-37-25
1.0,30.908735134890833,121.62668191274155,2019-07-18-23-37-25
1.0,30.908734495836786,121.62718129387602,2019-07-18-23-37-25
1.0,30.908728063498696,121.6319250069444,2019-07-18-23-37-25
1.0,30.935933076873262,121.44982022475847,2019-07-18-23-37-25
1.0,30.935933625214584,121.45007087805612,2019-07-18-23-37-25
1.0,30.9359386536905,121.45232686893785,2019-07-18-23-37-25
1.0,30.93594151837013,121.45358028188187,2019-07-18-23-37-25
1.0,30.93594443237163,121.45483375362724,2019-07-18-23-37-25
1.0,30.935946203958355,121.45558586433266,2019-07-18-23-37-25
1.0,30.935952843848625,121.45834377560688,2019-07-18-23-37-25
1.0,30.935957809535548,121.4603496926423,2019-07-18-23-37-25
1.0,30.935958438034966,121.46060044159309,2019-07-18-23-37-25
1.0,30.935959068230726,121.46085119257535,2019-07-18-23-37-25
1.0,30.93597870988872,121.46837460521174,2019-07-18-23-37-25
1.0,30.936030957645208,121.48668698187144,2019-07-18-23-37-25
1.0,30.936032446083463,121.48718876173601,2019-07-18-23-37-25
1.0,30.936034681974448,121.48794143576445,2019-07-18-23-37-25
1.0,30.936035428082118,121.48819232817581,2019-07-18-23-37-25
1.0,30.936178618655955,121.44781506811493,2019-07-18-23-37-25
2.0,30.936180218868294,121.44856697470068,2019-07-18-23-37-25
1.0,30.936182928785502,121.44982020337098,2019-07-18-23-37-25
1.0,30.936188505601958,121.45232684756698,2019-07-18-23-37-25
1.0,30.93618907453643,121.45257752538889,2019-07-18-23-37-25
1.0,30.936193697592465,121.45458303328378,2019-07-18-23-37-25
1.0,30.90872405827769,121.63467105030739,2019-07-18-23-37-25
1.0,30.908721410144114,121.63641842075907,2019-07-18-23-37-25
1.0,30.908719473758293,121.63766649216116,2019-07-18-23-37-25
1.0,30.90871868909024,121.63816570938354,2019-07-18-23-37-25
1.0,30.908717501525924,121.6389145233857,2019-07-18-23-37-25
1.0,30.908716301551962,121.63966332349683,2019-07-18-23-37-25
1.0,30.908714274834356,121.6409112937574,2019-07-18-23-37-25
1.0,30.908710546462107,121.64315755061145,2019-07-18-23-37-25
1.0,30.908709704584343,121.6436567039256,2019-07-18-23-37-25
1.0,30.90870104506974,121.64864796995886,2019-07-18-23-37-25
1.0,30.908700601547373,121.64889752160349,2019-07-18-23-37-25
1.0,30.908692013908542,121.65363882678001,2019-07-18-23-37-25
1.0,30.909006055797065,121.58569709377586,2019-07-18-23-37-25
1.0,30.90900591300658,121.6017003417577,2019-07-18-23-37-25
1.0,30.909003898680123,121.60619900981364,2019-07-18-23-37-25
1.0,30.908984348561017,121.62718127339637,2019-07-18-23-37-25
1.0,30.908975390064867,121.63367249402576,2019-07-18-23-37-25
1.0,30.908973537300174,121.63492065932006,2019-07-18-23-37-25
1.0,30.908972406925916,121.63566953746513,2019-07-18-23-37-25
1.0,30.908972027079113,121.63591916008214,2019-07-18-23-37-25
1.0,30.908968147355075,121.63841529509159,2019-07-18-23-37-25
1.0,30.908967751496583,121.63866489975362,2019-07-18-23-37-25
1.0,30.908967354248162,121.6389145028594,2019-07-18-23-37-25
1.0,30.90896123631343,121.64265837146822,2019-07-18-23-37-25
1.0,30.9361942842823,121.45483373227364,2019-07-18-23-37-25
1.0,30.93619546343003,121.45533513713502,2019-07-18-23-37-25
1.0,30.936198444498096,121.45658868891178,2019-07-18-23-37-25
1.0,30.936207661444463,121.46034967132874,2019-07-18-23-37-25
1.0,30.936287520555595,121.48894498733272,2019-07-18-23-37-25
1.0,30.936443549498424,121.45458301192824,2019-07-18-23-37-25
1.0,30.936448898230598,121.45683938463021,2019-07-18-23-37-25
1.0,30.93645132392425,121.4578422748323,2019-07-18-23-37-25
3.0,30.936456261480654,121.45984815824852,2019-07-18-23-37-25
1.0,30.93646003748188,121.46135265797365,2019-07-18-23-37-25
1.0,30.936675181005942,121.44631128222956,2019-07-18-23-37-25
1.0,30.936675699068715,121.44656189952224,2019-07-18-23-37-25
1.0,30.93667621934796,121.44681251944934,2019-07-18-23-37-25
1.0,30.936682632595645,121.44982016059541,2019-07-18-23-37-25
1.0,30.936683180936736,121.45007081389795,2019-07-18-23-37-25
1.0,30.9366975483351,121.45633793138643,2019-07-18-23-37-25
1.0,30.936698750131097,121.45683936329047,2019-07-18-23-37-25
1.0,30.936701786794366,121.45809298148534,2019-07-18-23-37-25
1.0,30.936704248559874,121.4590959148117,2019-07-18-23-37-25
1.0,30.93670611338019,121.45984813693082,2019-07-18-23-37-25
1.0,30.936710524602717,121.46160339367688,2019-07-18-23-37-25
1.0,30.936711799998864,121.46210491363242,2019-07-18-23-37-25
1.0,30.936784237659328,121.48794137251775,2019-07-18-23-37-25
1.0,30.908950897790415,121.64864794938698,2019-07-18-23-37-25
1.0,30.908945517580058,121.65164250549903,2019-07-18-23-37-25
1.0,30.908944154034486,121.65239112430005,2019-07-18-23-37-25
1.0,30.90894186662844,121.65363880618307,2019-07-18-23-37-25
1.0,30.90925558323072,121.60220022031208,2019-07-18-23-37-25
1.0,30.90925548807139,121.60245016535295,2019-07-18-23-37-25
1.0,30.909255390310495,121.60270010743601,2019-07-18-23-37-25
1.0,30.90923671193583,121.62518367692898,2019-07-18-23-37-25
1.0,30.909233554754422,121.62768062561699,2019-07-18-23-37-25
1.0,30.909232571144635,121.62842966905534,2019-07-18-23-37-25
1.0,30.90923190629825,121.6289290210705,2019-07-18-23-37-25
1.0,30.909223390012254,121.63492063881061,2019-07-18-23-37-25
1.0,30.909223014759174,121.635170266586,2019-07-18-23-37-25
1.0,30.909221498434345,121.63616876048947,2019-07-18-23-37-25
1.0,30.90921839452414,121.63816566833731,2019-07-18-23-37-25
1.0,30.90921760420804,121.63866487922823,2019-07-18-23-37-25
1.0,30.909207712384866,121.64465495401734,2019-07-18-23-37-25
1.0,30.909207285153627,121.64490452367745,2019-07-18-23-37-25
1.0,30.909193093945206,121.65289017880765,2019-07-18-23-37-25
1.0,30.909191259740876,121.65388831966973,2019-07-18-23-37-25
1.0,30.90919079946746,121.65413785302249,2019-07-18-23-37-25
1.0,30.90950534077879,121.60245014492857,2019-07-18-23-37-25
1.0,30.90947472809428,121.63392208963612,2019-07-18-23-37-25
1.0,30.936784983766742,121.48819226493589,2019-07-18-23-37-25
1.0,30.93678647712004,121.48869405128508,2019-07-18-23-37-25
1.0,30.936787971905044,121.48919583955143,2019-07-18-23-37-25
1.0,30.93692711842228,121.44731374576517,2019-07-18-23-37-25
1.0,30.936930312293732,121.44881755117508,2019-07-18-23-37-25
1.0,30.936934135805338,121.450572106605,2019-07-18-23-37-25
1.0,30.936934690417488,121.45082276737402,2019-07-18-23-37-25
1.0,30.936935247102447,121.45107343061096,2019-07-18-23-37-25
3.0,30.936961651892993,121.46210489233155,2019-07-18-23-37-25
1.0,30.937031853654887,121.48718867737963,2019-07-18-23-37-25
2.0,30.93703857168707,121.4894467132969,2019-07-18-23-37-25
1.0,30.937107055389934,121.51252893602057,2019-07-18-23-37-25
1.0,30.937116369897645,121.51579017756535,2019-07-18-23-37-25
1.0,30.937183435168045,121.4503214269291,2019-07-18-23-37-25
1.0,30.937184542310565,121.45082274599231,2019-07-18-23-37-25
1.0,30.93718621854816,121.45157474307076,2019-07-18-23-37-25
1.0,30.937202717906036,121.45859440124049,2019-07-18-23-37-25
1.0,30.93720333424156,121.458845135645,2019-07-18-23-37-25
1.0,30.93720769753173,121.46060033503272,2019-07-18-23-37-25
1.0,30.937210865262674,121.46185411006361,2019-07-18-23-37-25
5.0,30.93721150378249,121.46210487103049,2019-07-18-23-37-25
1.0,30.90946981082588,121.63716720695346,2019-07-18-23-37-25
1.0,30.909469031893213,121.63766643059803,2019-07-18-23-37-25
1.0,30.909467456908732,121.63866485870265,2019-07-18-23-37-25
1.0,30.909465456988567,121.63991285891419,2019-07-18-23-37-25
1.0,30.90945713785331,121.64490450312333,2019-07-18-23-37-25
1.0,30.909451045792203,121.6483983555781,2019-07-18-23-37-25
18.0,30.909445222988065,121.65164246432484,2019-07-18-23-37-25
1.0,30.90944476924254,121.65189200476127,2019-07-18-23-37-25
1.0,30.909444314723242,121.65214154435444,2019-07-18-23-37-25
1.0,30.90944385944226,121.65239108311829,2019-07-18-23-37-25
1.0,30.909443403411686,121.65264062106687,2019-07-18-23-37-25
1.0,30.909441112439147,121.65388829907114,2019-07-18-23-37-25
1.0,30.909735801129937,121.6256830429292,2019-07-18-23-37-25
1.0,30.909734227134212,121.62693152245195,2019-07-18-23-37-25
1.0,30.909731276566333,121.62917865305438,2019-07-18-23-37-25
1.0,30.909724580785053,121.63392206913038,2019-07-18-23-37-25
1.0,30.909723841242148,121.6344213369988,2019-07-18-23-37-25
1.0,30.90972272015101,121.6351702255645,2019-07-18-23-37-25
1.0,30.90972158518261,121.63591909854078,2019-07-18-23-37-25
1.0,30.909721203825846,121.63616871945962,2019-07-18-23-37-25
1.0,30.909720436625896,121.63666795626204,2019-07-18-23-37-25
1.0,30.937288423567445,121.48944669222765,2019-07-18-23-37-25
1.0,30.937356907262473,121.51252891515925,2019-07-18-23-37-25
2.0,30.93735835047578,121.51303065577595,2019-07-18-23-37-25
1.0,30.937359790123427,121.51353239251192,2019-07-18-23-37-25
1.0,30.937366931427203,121.51604101397847,2019-07-18-23-37-25
1.0,30.93743495088387,121.45107338785067,2019-07-18-23-37-25
1.0,30.93744650590853,121.45608715473786,2019-07-18-23-37-25
1.0,30.9374495149937,121.45734074001591,2019-07-18-23-37-25
1.0,30.93745073149708,121.45784218950114,2019-07-18-23-37-25
1.0,30.937459445050205,121.4613525727469,2019-07-18-23-37-25
4.0,30.937460717147676,121.46185408876045,2019-07-18-23-37-25
1.0,30.93746135566741,121.46210484972924,2019-07-18-23-37-25
1.0,30.93753528590016,121.48844309462844,2019-07-18-23-37-25
1.0,30.937606759130432,121.51252889429774,2019-07-18-23-37-25
1.0,30.93760748117652,121.51277976508618,2019-07-18-23-37-25
1.0,30.937608202343576,121.51303063491883,2019-07-18-23-37-25
1.0,30.937617491913496,121.51629184925484,2019-07-18-23-37-25
1.0,30.93761890598852,121.51679355799062,2019-07-18-23-37-25
1.0,30.937672031788914,121.44505814993333,2019-07-18-23-37-25
1.0,30.937700583378856,121.45784216816786,2019-07-18-23-37-25
1.0,30.937702421673617,121.45859435858513,2019-07-18-23-37-25
5.0,30.937710569028162,121.46185406745708,2019-07-18-23-37-25
1.0,30.90971966351611,121.6371671864342,2019-07-18-23-37-25
1.0,30.909718884583363,121.6376664100766,2019-07-18-23-37-25
1.0,30.909716113727573,121.6394136428667,2019-07-18-23-37-25
1.0,30.909711626703892,121.6421591458547,2019-07-18-23-37-25
1.0,30.909709115405516,121.643656621733,2019-07-18-23-37-25
1.0,30.909708692714695,121.64390619643646,2019-07-18-23-37-25
1.0,30.90969867633889,121.64964608822497,2019-07-18-23-37-25
1.0,30.909697332375195,121.65039472842405,2019-07-18-23-37-25
1.0,30.9096968826793,121.65064427328484,2019-07-18-23-37-25
1.0,30.90969507567598,121.65164244373747,2019-07-18-23-37-25
1.0,30.909694621930413,121.65189198417264,2019-07-18-23-37-25
1.0,30.90968819376051,121.6553854681014,2019-07-18-23-37-25
1.0,30.909986270012748,121.62518361550886,2019-07-18-23-37-25
1.0,30.90998596287843,121.62543332007351,2019-07-18-23-37-25
1.0,30.90997294808412,121.63492057728118,2019-07-18-23-37-25
1.0,30.909971817709366,121.6356694554138,2019-07-18-23-37-25
1.0,30.909970289305555,121.63666793574471,2019-07-18-23-37-25
1.0,30.909969516195684,121.63716716591475,2019-07-18-23-37-25
1.0,30.909968737262854,121.63766638955501,2019-07-18-23-37-25
1.0,30.909965966406777,121.63941362233746,2019-07-18-23-37-25
1.0,30.909965565054886,121.63966322084688,2019-07-18-23-37-25
1.0,30.90994583347486,121.65114333969639,2019-07-18-23-37-25
1.0,30.93773244303191,121.47013014451316,2019-07-18-23-37-25
1.0,30.93777917731444,121.48643594515741,2019-07-18-23-37-25
1.0,30.937782899463496,121.48769039628324,2019-07-18-23-37-25
1.0,30.93785516431443,121.51202712904491,2019-07-18-23-37-25
1.0,30.93785661099388,121.51252887343604,2019-07-18-23-37-25
1.0,30.937868757850534,121.51679353716598,2019-07-18-23-37-25
1.0,30.937920876748734,121.4445569286126,2019-07-18-23-37-25
1.0,30.93793521339582,121.45132401079084,2019-07-18-23-37-25
1.0,30.937946807769233,121.45633782466672,2019-07-18-23-37-25
1.0,30.93794800956443,121.45683925658874,2019-07-18-23-37-25
1.0,30.937948613239513,121.45708997586713,2019-07-18-23-37-25
1.0,30.937949826095306,121.45759142100145,2019-07-18-23-37-25
1.0,30.93795978402842,121.46160328715149,2019-07-18-23-37-25
3.0,30.937960420904183,121.46185404615352,2019-07-18-23-37-25
1.0,30.93802977271534,121.48668681311959,2019-07-18-23-37-25
1.0,30.938031261152233,121.48718859302015,2019-07-18-23-37-25
1.0,30.938032751330912,121.48769037519759,2019-07-18-23-37-25
1.0,30.938034243148156,121.48819215953212,2019-07-18-23-37-25
1.0,30.938082224296817,121.50424967545932,2019-07-18-23-37-25
1.0,30.93810646285286,121.51252885257414,2019-07-18-23-37-25
1.0,30.938107906065667,121.51303059320404,2019-07-18-23-37-25
1.0,30.90994447460763,121.65189196358382,2019-07-18-23-37-25
1.0,30.909943564807197,121.65239104193579,2019-07-18-23-37-25
2.0,30.909943108776545,121.65264057988183,2019-07-18-23-37-25
1.0,30.909939896591958,121.65438732385428,2019-07-18-23-37-25
2.0,30.9099394350014,121.6546368557834,2019-07-18-23-37-25
1.0,30.90993897277062,121.65488638702375,2019-07-18-23-37-25
1.0,30.909937582358964,121.6556349767536,2019-07-18-23-37-25
1.0,30.909936186625032,121.6563835607936,2019-07-18-23-37-25
1.0,30.90993572025478,121.65663308760861,2019-07-18-23-37-25
1.0,30.909935253342148,121.65688261384811,2019-07-18-23-37-25
1.0,30.910254273424105,121.60394969198487,2019-07-18-23-37-25
1.0,30.91022391715531,121.63417166294116,2019-07-18-23-37-25
1.0,30.910222048705034,121.6354198105813,2019-07-18-23-37-25
1.0,30.91022129053157,121.63591905751228,2019-07-18-23-37-25
1.0,30.910220909174726,121.63616867842902,2019-07-18-23-37-25
1.0,30.91021898012062,121.63741675802407,2019-07-18-23-37-25
1.0,30.91021819830895,121.63791597843516,2019-07-18-23-37-25
1.0,30.910216219070648,121.63916400178186,2019-07-18-23-37-25
1.0,30.91021581907538,121.63941360180802,2019-07-18-23-37-25
1.0,30.910212571212274,121.6414103484629,2019-07-18-23-37-25
1.0,30.910212159410175,121.64165993529535,2019-07-18-23-37-25
1.0,30.91020712311971,121.64465487180445,2019-07-18-23-37-25
1.0,30.938113642273066,121.51503751577069,2019-07-18-23-37-25
1.0,30.938115777356202,121.51579009423253,2019-07-18-23-37-25
1.0,30.93818450652225,121.45107332370875,2019-07-18-23-37-25
1.0,30.938185065270773,121.45132398941168,2019-07-18-23-37-25
1.0,30.938186188924007,121.45182532814923,2019-07-18-23-37-25
1.0,30.93819786143765,121.4568392352478,2019-07-18-23-37-25
1.0,30.93819846511265,121.457089954528,2019-07-18-23-37-25
1.0,30.938200287129064,121.45784212550069,2019-07-18-23-37-25
5.0,30.938209635900108,121.46160326584582,2019-07-18-23-37-25
1.0,30.938281113015407,121.4871885719298,2019-07-18-23-37-25
1.0,30.938284095010992,121.48819213845078,2019-07-18-23-37-25
1.0,30.938284841501694,121.48844303139178,2019-07-18-23-37-25
2.0,30.938285588363268,121.48869392482709,2019-07-18-23-37-25
1.0,30.938364918525533,121.51553921501737,2019-07-18-23-37-25
1.0,30.93842942358841,121.44881742280356,2019-07-18-23-37-25
1.0,30.938434358392936,121.45107330232771,2019-07-18-23-37-25
1.0,30.938447713306516,121.45683921390666,2019-07-18-23-37-25
1.0,30.93844892249487,121.45734065466702,2019-07-18-23-37-25
1.0,30.938476552665183,121.46812358655416,2019-07-18-23-37-25
1.0,30.938533946869477,121.48819211736925,2019-07-18-23-37-25
1.0,30.938536187441,121.48894479766695,2019-07-18-23-37-25
1.0,30.938594504456734,121.50851475991439,2019-07-18-23-37-25
1.0,30.91019250467487,121.6528900964325,2019-07-18-23-37-25
1.0,30.910191588974573,121.6533891683717,2019-07-18-23-37-25
1.0,30.910191130066718,121.65363870319551,2019-07-18-23-37-25
1.0,30.91018928766759,121.65463683518038,2019-07-18-23-37-25
1.0,30.91049496780546,121.61694203063327,2019-07-18-23-37-25
1.0,30.910485048152488,121.62593268170826,2019-07-18-23-37-25
1.0,30.910474138793653,121.63392200761209,2019-07-18-23-37-25
1.0,30.910473399250495,121.6344212754744,2019-07-18-23-37-25
1.0,30.91047190136375,121.63541979006885,2019-07-18-23-37-25
1.0,30.910467657921455,121.63816556571847,2019-07-18-23-37-25
2.0,30.910463243662427,121.64091115000693,2019-07-18-23-37-25
1.0,30.910462834405294,121.6411607396791,2019-07-18-23-37-25
1.0,30.910462012067867,121.6416599147556,2019-07-18-23-37-25
1.0,30.91044644067978,121.65064421153666,2019-07-18-23-37-25
1.0,30.91044372541086,121.65214146199372,2019-07-18-23-37-25
1.0,30.910443270129722,121.65239100075253,2019-07-18-23-37-25
1.0,30.910442814098996,121.65264053869605,2019-07-18-23-37-25
1.0,30.910442357330783,121.65289007583824,2019-07-18-23-37-25
1.0,30.910441899837213,121.65313961219319,2019-07-18-23-37-25
1.0,30.910441441630407,121.6533891477749,2019-07-18-23-37-25
1.0,30.910440982722513,121.65363868259743,2019-07-18-23-37-25
1.0,30.910437751758785,121.65538540628081,2019-07-18-23-37-25
1.0,30.93869756517109,121.45683919256534,2019-07-18-23-37-25
1.0,30.938784545214197,121.48844298923305,2019-07-18-23-37-25
1.0,30.93887308002691,121.51854939651943,2019-07-18-23-37-25
1.0,30.938917318416358,121.44305330844017,2019-07-18-23-37-25
1.0,30.938926460329867,121.4475642023135,2019-07-18-23-37-25
1.0,30.9389275206318,121.44806546567003,2019-07-18-23-37-25
1.0,30.938928054037852,121.4483161012193,2019-07-18-23-37-25
1.0,30.93892858960283,121.44856673933637,2019-07-18-23-37-25
1.0,30.938929127318332,121.44881738001148,2019-07-18-23-37-25
1.0,30.938963683764594,121.46335855594626,2019-07-18-23-37-25
1.0,30.939103698958498,121.51177615112883,2019-07-18-23-37-25
1.0,30.939125021056455,121.51930190363952,2019-07-18-23-37-25
1.0,30.939176841251996,121.4478148112955,2019-07-18-23-37-25
1.0,30.939177372490683,121.4480654442689,2019-07-18-23-37-25
1.0,30.939178979176983,121.44881735861513,2019-07-18-23-37-25
1.0,30.93942511247762,121.44706290652864,2019-07-18-23-37-25
1.0,30.939426693106824,121.44781478989259,2019-07-18-23-37-25
1.0,30.939433209149055,121.45082255354804,2019-07-18-23-37-25
1.0,30.939433765833236,121.45107321680159,2019-07-18-23-37-25
1.0,30.93944772441417,121.45708984782938,2019-07-18-23-37-25
1.0,30.93945200105727,121.45884494370628,2019-07-18-23-37-25
1.0,30.939665903897435,121.44255208796054,2019-07-18-23-37-25
1.0,30.910732344774292,121.62793018593477,2019-07-18-23-37-25
1.0,30.910722879761323,121.63467088623636,2019-07-18-23-37-25
1.0,30.910722506060573,121.63492051575005,2019-07-18-23-37-25
1.0,30.910721754011973,121.63541976955622,2019-07-18-23-37-25
1.0,30.910718295237935,121.63766632798908,2019-07-18-23-37-25
1.0,30.91071512302898,121.63966315925468,2019-07-18-23-37-25
1.0,30.910693122775218,121.65239098016062,2019-07-18-23-37-25
1.0,30.910692666744453,121.65264051810287,2019-07-18-23-37-25
1.0,30.910692209976204,121.6528900552438,2019-07-18-23-37-25
1.0,30.910691752482595,121.65313959159747,2019-07-18-23-37-25
1.0,30.91069129427575,121.65338912717792,2019-07-18-23-37-25
1.0,30.910687140325482,121.6556349149286,2019-07-18-23-37-25
1.0,30.910678224459804,121.66037586683291,2019-07-18-23-37-25
1.0,30.91100409744029,121.5836956165947,2019-07-18-23-37-25
1.0,30.91100455195988,121.60220007733898,2019-07-18-23-37-25
1.0,30.91098186953988,121.62817984658712,2019-07-18-23-37-25
1.0,30.910972358698437,121.6349204952393,2019-07-18-23-37-25
1.0,30.91096931409691,121.63691746957682,2019-07-18-23-37-25
1.0,30.910967756252425,121.63791591686542,2019-07-18-23-37-25
1.0,30.910967363206545,121.63816552466962,2019-07-18-23-37-25
1.0,30.910964975666058,121.63966313872356,2019-07-18-23-37-25
1.0,30.910960474457543,121.64240862581076,2019-07-18-23-37-25
1.0,30.91096005770152,121.64265820711573,2019-07-18-23-37-25
1.0,30.939675489015574,121.44731351030732,2019-07-18-23-37-25
1.0,30.93967601589464,121.44756413810005,2019-07-18-23-37-25
1.0,30.939676544957575,121.44781476848948,2019-07-18-23-37-25
1.0,30.939677076196112,121.44806540146605,2019-07-18-23-37-25
1.0,30.939677609601933,121.44831603702009,2019-07-18-23-37-25
1.0,30.93967868288195,121.44881731582184,2019-07-18-23-37-25
1.0,30.939682506387584,121.45057187137714,2019-07-18-23-37-25
1.0,30.93968361768298,121.45107319541957,2019-07-18-23-37-25
1.0,30.939696370761354,121.45658839011483,2019-07-18-23-37-25
1.0,30.939773541347588,121.48493045534443,2019-07-18-23-37-25
1.0,30.939799694575388,121.49371174797027,2019-07-18-23-37-25
1.0,30.9398532544594,121.51177608851985,2019-07-18-23-37-25
1.0,30.93992586774145,121.44756411669518,2019-07-18-23-37-25
1.0,30.93992692804277,121.44806538006434,2019-07-18-23-37-25
1.0,30.939928534728374,121.44881729442491,2019-07-18-23-37-25
2.0,30.93993180570387,121.45032119168093,2019-07-18-23-37-25
1.0,30.939932358233467,121.45057184999159,2019-07-18-23-37-25
1.0,30.939932912844682,121.45082251078047,2019-07-18-23-37-25
1.0,30.940049546407042,121.49371172693749,2019-07-18-23-37-25
1.0,30.940179468418762,121.44931856202896,2019-07-18-23-37-25
1.0,30.94018332137047,121.45107315265491,2019-07-18-23-37-25
1.0,30.94018388011837,121.45132381837116,2019-07-18-23-37-25
1.0,30.9109592205711,121.64315736569489,2019-07-18-23-37-25
1.0,30.910958378692616,121.64365651898805,2019-07-18-23-37-25
2.0,30.91093838337215,121.65488630460547,2019-07-18-23-37-25
1.0,30.91093792051319,121.65513583516608,2019-07-18-23-37-25
1.0,30.91093745703841,121.65538536506615,2019-07-18-23-37-25
1.0,30.9112445257287,121.61694196928276,2019-07-18-23-37-25
1.0,30.911225156572755,121.6329233887617,2019-07-18-23-37-25
1.0,30.911222211325917,121.63492047472837,2019-07-18-23-37-25
1.0,30.91122145927715,121.6354197285304,2019-07-18-23-37-25
1.0,30.911220701103353,121.63591897545304,2019-07-18-23-37-25
1.0,30.911218779435607,121.63716706331466,2019-07-18-23-37-25
1.0,30.911216821375593,121.63841511036618,2019-07-18-23-37-25
1.0,30.911209492361728,121.64290776652663,2019-07-18-23-37-25
1.0,30.911208231318668,121.6436564984385,2019-07-18-23-37-25
1.0,30.911502842640257,121.58169405683675,2019-07-18-23-37-25
1.0,30.911502289222618,121.60644870396563,2019-07-18-23-37-25
1.0,30.911501719517783,121.6074482692263,2019-07-18-23-37-25
1.0,30.911468243308146,121.6374166554177,2019-07-18-23-37-25
2.0,30.911465880884432,121.6389142975861,2019-07-18-23-37-25
1.0,30.911457661243286,121.64390605258403,2019-07-18-23-37-25
1.0,30.911455101299797,121.64540347431222,2019-07-18-23-37-25
1.0,30.911436233528224,121.65588438172081,2019-07-18-23-37-25
1.0,30.9401978854586,121.45734050529887,2019-07-18-23-37-25
1.0,30.940426100485933,121.44781470427897,2019-07-18-23-37-25
1.0,30.940433731956137,121.45132379699021,2019-07-18-23-37-25
1.0,30.940448344635875,121.45759120763756,2019-07-18-23-37-25
1.0,30.940673849206473,121.4468121769106,2019-07-18-23-37-25
1.0,30.940677016964678,121.44831595141837,2019-07-18-23-37-25
1.0,30.940686408174848,121.45257714071019,2019-07-18-23-37-25
1.0,30.9406988056278,121.45784191215306,2019-07-18-23-37-25
1.0,30.94069941659646,121.45809264016785,2019-07-18-23-37-25
1.0,30.9407930932984,121.49170446862736,2019-07-18-23-37-25
1.0,30.940934559271696,121.45182509300216,2019-07-18-23-37-25
1.0,30.94093512415761,121.45207576603454,2019-07-18-23-37-25
1.0,30.940935691071598,121.4523264414831,2019-07-18-23-37-25
1.0,30.940937403890995,121.45307848222022,2019-07-18-23-37-25
1.0,30.940944431875128,121.4560868558769,2019-07-18-23-37-25
1.0,30.940948657455866,121.4578418908172,2019-07-18-23-37-25
1.0,30.941042945115207,121.49170444757561,2019-07-18-23-37-25
1.0,30.941043695616983,121.49195534609292,2019-07-18-23-37-25
1.0,30.941081190303446,121.5045003183866,2019-07-18-23-37-25
1.0,30.941101061857548,121.51127423428724,2019-07-18-23-37-25
1.0,30.94111964682218,121.51779666971241,2019-07-18-23-37-25
1.0,30.941171485085174,121.4458096701142,2019-07-18-23-37-25
1.0,30.911426360586088,121.66112436182046,2019-07-18-23-37-25
1.0,30.911721164501007,121.63541968750383,2019-07-18-23-37-25
1.0,30.91171848465888,121.63716702227332,2019-07-18-23-37-25
1.0,30.9117180959146,121.63741663489586,2019-07-18-23-37-25
2.0,30.911716526598454,121.63841506931404,2019-07-18-23-37-25
1.0,30.91171573349064,121.63891427705775,2019-07-18-23-37-25
1.0,30.911714934867383,121.63941347862743,2019-07-18-23-37-25
1.0,30.911710447840132,121.64215898151616,2019-07-18-23-37-25
1.0,30.911710032305354,121.64240856417895,2019-07-18-23-37-25
1.0,30.91170961554921,121.64265814548047,2019-07-18-23-37-25
1.0,30.911709197583125,121.64290772543396,2019-07-18-23-37-25
1.0,30.911707513848686,121.64390603203293,2019-07-18-23-37-25
1.0,30.911677634933024,121.66037578429788,2019-07-18-23-37-25
1.0,30.912004683830716,121.58694756578795,2019-07-18-23-37-25
1.0,30.912000656594618,121.60869762130646,2019-07-18-23-37-25
1.0,30.911986000804134,121.62443432482665,2019-07-18-23-37-25
1.0,30.911985396281434,121.62493374496063,2019-07-18-23-37-25
1.0,30.911982580423388,121.62718102762618,2019-07-18-23-37-25
1.0,30.911981607866306,121.62793008351402,2019-07-18-23-37-25
1.0,30.911971769146593,121.63492041319445,2019-07-18-23-37-25
1.0,30.911970258923528,121.63591891390664,2019-07-18-23-37-25
1.0,30.911966773652544,121.63816544256967,2019-07-18-23-37-25
1.0,30.911965983335545,121.63866465343659,2019-07-18-23-37-25
1.0,30.891879983225724,121.69231789033387,2019-07-18-23-37-25
1.0,30.89309069094906,121.7212820907759,2019-07-18-23-37-25
1.0,30.89333441116898,121.72927755175141,2019-07-18-23-37-25
1.0,30.89333380361619,121.73027717455454,2019-07-18-23-37-25
1.0,30.893332827688248,121.73202661729925,2019-07-18-23-37-25
1.0,30.8935833668774,121.73077698104365,2019-07-18-23-37-25
1.0,30.893583225178087,121.73102689874857,2019-07-18-23-37-25
1.0,30.89383351054003,121.73027713275664,2019-07-18-23-37-25
1.0,30.89383280206026,121.73152672129946,2019-07-18-23-37-25
1.0,30.89408794933441,121.72378031363182,2019-07-18-23-37-25
1.0,30.894083663244263,121.7297772951397,2019-07-18-23-37-25
1.0,30.894083073772897,121.7307769392442,2019-07-18-23-37-25
1.0,30.89408225775679,121.73227648573464,2019-07-18-23-37-25
1.0,30.8943335166712,121.72977727424087,2019-07-18-23-37-25
1.0,30.8943319831786,121.7325263986689,2019-07-18-23-37-25
1.0,30.89488076653853,121.69082013883018,2019-07-18-23-37-25
1.0,30.894832352886475,121.7312767146299,2019-07-18-23-37-25
1.0,30.941193093143987,121.45558541597683,2019-07-18-23-37-25
1.0,30.941194881799476,121.4563375471724,2019-07-18-23-37-25
1.0,30.941196687266647,121.45708969844303,2019-07-18-23-37-25
1.0,30.941199120248683,121.45809259749961,2019-07-18-23-37-25
1.0,30.941200963905825,121.45884479440954,2019-07-18-23-37-25
1.0,30.941202823477933,121.45959701035494,2019-07-18-23-37-25
1.0,30.941218901164923,121.46586617316639,2019-07-18-23-37-25
1.0,30.941219564517553,121.4661169639939,2019-07-18-23-37-25
1.0,30.941439419134877,121.45408119365945,2019-07-18-23-37-25
1.0,30.94144473362059,121.45633752582529,2019-07-18-23-37-25
1.0,30.94144653908752,121.45708967710132,2019-07-18-23-37-25
1.0,30.941448361100818,121.45784184814492,2019-07-18-23-37-25
1.0,30.94144897206924,121.4580925761652,2019-07-18-23-37-25
1.0,30.941449584836313,121.4583433063357,2019-07-18-23-37-25
1.0,30.94145019939198,121.45859403864476,2019-07-18-23-37-25
1.0,30.941451433828654,121.45909550963164,2019-07-18-23-37-25
1.0,30.941470081146818,121.4663677353064,2019-07-18-23-37-25
1.0,30.94154865731561,121.49371160073679,2019-07-18-23-37-25
1.0,30.941612280548636,121.51528808461153,2019-07-18-23-37-25
1.0,30.94168927095307,121.45408117229626,2019-07-18-23-37-25
2.0,30.91196558608663,121.6389142565292,2019-07-18-23-37-25
1.0,30.91196071473764,121.64190937693692,2019-07-18-23-37-25
1.0,30.91195946814459,121.64265812493501,2019-07-18-23-37-25
1.0,30.911959050178467,121.64290770488734,2019-07-18-23-37-25
1.0,30.911957789135045,121.64365643678873,2019-07-18-23-37-25
1.0,30.911957366443865,121.64390601148165,2019-07-18-23-37-25
1.0,30.911954375984756,121.64565299919941,2019-07-18-23-37-25
1.0,30.911953944398448,121.64590256401574,2019-07-18-23-37-25
1.0,30.91225390757866,121.60195002720776,2019-07-18-23-37-25
2.0,30.912250823865442,121.60819785213006,2019-07-18-23-37-25
1.0,30.91225034815244,121.60894747104786,2019-07-18-23-37-25
1.0,30.91223733007216,121.62318571486529,2019-07-18-23-37-25
1.0,30.91222199543408,121.63467076317525,2019-07-18-23-37-25
1.0,30.912220491357193,121.63566927078739,2019-07-18-23-37-25
1.0,30.912220111509846,121.6359188933908,2019-07-18-23-37-25
1.0,30.912219730152668,121.63616851429911,2019-07-18-23-37-25
1.0,30.912219347296418,121.63641813352483,2019-07-18-23-37-25
1.0,30.912217410907697,121.63766620485217,2019-07-18-23-37-25
1.0,30.912215040044632,121.63916383754845,2019-07-18-23-37-25
1.0,30.912209320729804,121.64265810438935,2019-07-18-23-37-25
1.0,30.912208902763638,121.64290768434053,2019-07-18-23-37-25
1.0,30.91220551685487,121.64490427701556,2019-07-18-23-37-25
1.0,30.89520764728927,121.64939773267967,2019-07-18-23-37-25
1.0,30.895461037395556,121.6474012858237,2019-07-18-23-37-25
1.0,30.8954605986422,121.64765084278837,2019-07-18-23-37-25
1.0,30.89533308325886,121.72952728627699,2019-07-18-23-37-25
1.0,30.895705114156588,121.65064542560799,2019-07-18-23-37-25
1.0,30.895582632835726,121.73002707676929,2019-07-18-23-37-25
2.0,30.89558233809588,121.73052689881389,2019-07-18-23-37-25
1.0,30.895966777490642,121.64390732638655,2019-07-18-23-37-25
1.0,30.896080956775954,121.73252625235081,2019-07-18-23-37-25
1.0,30.896331335842778,121.73152651228447,2019-07-18-23-37-25
1.0,30.896699069572428,121.65363981521278,2019-07-18-23-37-25
1.0,30.89745228037755,121.65164345229815,2019-07-18-23-37-25
1.0,30.8973313112195,121.73052675250376,2019-07-18-23-37-25
1.0,30.89733022322323,121.73252614783213,2019-07-18-23-37-25
1.0,30.897679692006808,121.66362066839949,2019-07-18-23-37-25
1.0,30.897656323415617,121.67584702301109,2019-07-18-23-37-25
1.0,30.897582561806498,121.72827761609175,2019-07-18-23-37-25
1.0,30.897581762991685,121.72952709817487,2019-07-18-23-37-25
1.0,30.89758007647258,121.73252612692782,2019-07-18-23-37-25
1.0,30.89788730118262,121.68607809742834,2019-07-18-23-37-25
1.0,30.897832415043467,121.72827759519222,2019-07-18-23-37-25
1.0,30.89783116394422,121.73027679834581,2019-07-18-23-37-25
1.0,30.94169279678306,121.45558537327173,2019-07-18-23-37-25
1.0,30.941693391117187,121.45583608142441,2019-07-18-23-37-25
1.0,30.94169398733876,121.45608679183024,2019-07-18-23-37-25
1.0,30.941694585438068,121.45633750447799,2019-07-18-23-37-25
1.0,30.941695787230877,121.45683893645395,2019-07-18-23-37-25
1.0,30.941701905505866,121.45934622696052,2019-07-18-23-37-25
1.0,30.941705030822845,121.46059995137459,2019-07-18-23-37-25
1.0,30.941705661016748,121.4608507024003,2019-07-18-23-37-25
1.0,30.941719932961064,121.46636771403512,2019-07-18-23-37-25
1.0,30.941720599219867,121.46661850836587,2019-07-18-23-37-25
1.0,30.94179850912067,121.49371157970266,2019-07-18-23-37-25
1.0,30.94180151617515,121.49471518209111,2019-07-18-23-37-25
1.0,30.941847704334617,121.51027066155943,2019-07-18-23-37-25
1.0,30.941849162358718,121.51077241829006,2019-07-18-23-37-25
1.0,30.941920529183722,121.44555899649711,2019-07-18-23-37-25
1.0,30.941921040547484,121.44580960586288,2019-07-18-23-37-25
1.0,30.941922588049508,121.44656144989722,2019-07-18-23-37-25
1.0,30.941924155499457,121.44731331764216,2019-07-18-23-37-25
1.0,30.94194383915274,121.45608677048095,2019-07-18-23-37-25
1.0,30.94194443725197,121.4563374831305,2019-07-18-23-37-25
1.0,30.941946242718423,121.45708963441734,2019-07-18-23-37-25
1.0,30.912204659084672,121.64540341263708,2019-07-18-23-37-25
1.0,30.912177340108087,121.66037574302923,2019-07-18-23-37-25
1.0,30.912502478606104,121.60494918849447,2019-07-18-23-37-25
1.0,30.91250020073356,121.60894745061319,2019-07-18-23-37-25
1.0,30.912486891308355,121.6234354168105,2019-07-18-23-37-25
1.0,30.91247109905582,121.63516999993286,2019-07-18-23-37-25
1.0,30.912469582728825,121.63616849378204,2019-07-18-23-37-25
1.0,30.912469199872536,121.6364181130067,2019-07-18-23-37-25
1.0,30.91246765367286,121.63741657332923,2019-07-18-23-37-25
1.0,30.912464091272355,121.63966301553297,2019-07-18-23-37-25
1.0,30.91246165529424,121.64116057537258,2019-07-18-23-37-25
1.0,30.912461244758624,121.64141016360868,2019-07-18-23-37-25
1.0,30.912454941091713,121.64515382487598,2019-07-18-23-37-25
1.0,30.91245451165933,121.64540339207832,2019-07-18-23-37-25
1.0,30.912427665896118,121.66012620273217,2019-07-18-23-37-25
1.0,30.912426719106918,121.66062524169513,2019-07-18-23-37-25
1.0,30.912719816652192,121.63591885235856,2019-07-18-23-37-25
1.0,30.912719435294928,121.63616847326477,2019-07-18-23-37-25
1.0,30.91271593692195,121.6384149872075,2019-07-18-23-37-25
1.0,30.912711507859523,121.64116055483343,2019-07-18-23-37-25
1.0,30.912709858161183,121.6421588993424,2019-07-18-23-37-25
1.0,30.912709442626245,121.64240848200059,2019-07-18-23-37-25
1.0,30.898140294317226,121.68433120244592,2019-07-18-23-37-25
1.0,30.898085808486112,121.72353013741528,2019-07-18-23-37-25
1.0,30.898085602541766,121.72377997937821,2019-07-18-23-37-25
1.0,30.898082603456494,121.7277777999212,2019-07-18-23-37-25
1.0,30.89808146945194,121.72952705637229,2019-07-18-23-37-25
1.0,30.898438265036635,121.65887975329866,2019-07-18-23-37-25
1.0,30.89843732213804,121.6593787963845,2019-07-18-23-37-25
1.0,30.89834308430271,121.71578624147348,2019-07-18-23-37-25
1.0,30.898334458422028,121.72502920650778,2019-07-18-23-37-25
1.0,30.898331169642965,121.72977693983363,2019-07-18-23-37-25
1.0,30.898592399599885,121.71628575571101,2019-07-18-23-37-25
1.0,30.89858300691712,121.72677824082568,2019-07-18-23-37-25
1.0,30.89858029166488,121.73102648071404,2019-07-18-23-37-25
1.0,30.898580015090396,121.73152632415461,2019-07-18-23-37-25
1.0,30.898905589514047,121.67584691948184,2019-07-18-23-37-25
1.0,30.898843336459233,121.71528667391554,2019-07-18-23-37-25
1.0,30.89883378107856,121.72552888185979,2019-07-18-23-37-25
1.0,30.898832333984704,121.727527853976,2019-07-18-23-37-25
1.0,30.89883028654925,121.73077654211124,2019-07-18-23-37-25
1.0,30.898830144848866,121.7310264598103,2019-07-18-23-37-25
1.0,30.898829733406725,121.73177622899895,2019-07-18-23-37-25
1.0,30.898829600823344,121.73202615743823,2019-07-18-23-37-25
1.0,30.941947455571658,121.45759107960974,2019-07-18-23-37-25
1.0,30.94194990302192,121.45859399598268,2019-07-18-23-37-25
1.0,30.941951137458272,121.45909546697696,2019-07-18-23-37-25
1.0,30.941952378927304,121.45959694638438,2019-07-18-23-37-25
1.0,30.941960614188257,121.46285676098364,2019-07-18-23-37-25
1.0,30.941961905752656,121.46335830041747,2019-07-18-23-37-25
1.0,30.94196320363542,121.46385984743623,2019-07-18-23-37-25
1.0,30.9419684566082,121.46586610934054,2019-07-18-23-37-25
1.0,30.941969119960582,121.46611690017403,2019-07-18-23-37-25
1.0,30.942047609370654,121.49346065847516,2019-07-18-23-37-25
1.0,30.942090959148953,121.50801269691553,2019-07-18-23-37-25
1.0,30.942093164362316,121.50876535147475,2019-07-18-23-37-25
1.0,30.94211055775249,121.5147863205949,2019-07-18-23-37-25
1.0,30.94217720117441,121.44881710184356,2019-07-18-23-37-25
2.0,30.942188974578777,121.45408112956929,2019-07-18-23-37-25
1.0,30.942193690963197,121.45608674913147,2019-07-18-23-37-25
1.0,30.94219488902949,121.45658817666474,2019-07-18-23-37-25
1.0,30.94219549085484,121.45683889376595,2019-07-18-23-37-25
1.0,30.942196094528562,121.45708961307506,2019-07-18-23-37-25
1.0,30.942198527509323,121.45809251216077,2019-07-18-23-37-25
1.0,30.942199140276156,121.45834324233678,2019-07-18-23-37-25
1.0,30.94220160912823,121.45934618430917,2019-07-18-23-37-25
1.0,30.912674674043767,121.6616232949218,2019-07-18-23-37-25
1.0,30.912965393618528,121.63866457132494,2019-07-18-23-37-25
1.0,30.91292737101074,121.66012616146502,2019-07-18-23-37-25
1.0,30.912926424221386,121.66062520042273,2019-07-18-23-37-25
1.0,30.912924526595845,121.66162327428023,2019-07-18-23-37-25
1.0,30.912918808456876,121.66461747161947,2019-07-18-23-37-25
1.0,30.91324286742338,121.61744136794277,2019-07-18-23-37-25
1.0,30.913225765160224,121.63167498658014,2019-07-18-23-37-25
1.0,30.913224697383075,121.63242393508057,2019-07-18-23-37-25
1.0,30.913224338129005,121.63267358083331,2019-07-18-23-37-25
1.0,30.913222148381774,121.63417141684121,2019-07-18-23-37-25
1.0,30.91322177781757,121.63442104987054,2019-07-18-23-37-25
1.0,30.91321284220872,121.64016214642326,2019-07-18-23-37-25
1.0,30.913210802424388,121.64141010198725,2019-07-18-23-37-25
1.0,30.91320997756371,121.64190927422405,2019-07-18-23-37-25
1.0,30.913483590264555,121.62568273578114,2019-07-18-23-37-25
1.0,30.91347163035411,121.63442102935997,2019-07-18-23-37-25
1.0,30.913467452621195,121.63716687862275,2019-07-18-23-37-25
1.0,30.913465098700097,121.63866453026799,2019-07-18-23-37-25
1.0,30.913463902827107,121.63941333490826,2019-07-18-23-37-25
1.0,30.91345983009902,121.64190925368091,2019-07-18-23-37-25
1.0,30.89909430455842,121.71428762908282,2019-07-18-23-37-25
1.0,30.899085015309613,121.72377989580716,2019-07-18-23-37-25
1.0,30.899083075069296,121.72627845602632,2019-07-18-23-37-25
1.0,30.899080139720304,121.73077652120759,2019-07-18-23-37-25
1.0,30.89907919569247,121.73252600149796,2019-07-18-23-37-25
1.0,30.899337023948743,121.72128156862858,2019-07-18-23-37-25
1.0,30.899331869379942,121.72777769542336,2019-07-18-23-37-25
1.0,30.899330431591153,121.73002676324498,2019-07-18-23-37-25
1.0,30.89932943973551,121.73177618718931,2019-07-18-23-37-25
1.0,30.899678994525278,121.66337098712876,2019-07-18-23-37-25
1.0,30.89958999231225,121.71803411919534,2019-07-18-23-37-25
1.0,30.899587564941214,121.72053210448574,2019-07-18-23-37-25
1.0,30.899586429024883,121.72178118896286,2019-07-18-23-37-25
1.0,30.899585989398982,121.72228084015342,2019-07-18-23-37-25
1.0,30.89958492756044,121.72353001206041,2019-07-18-23-37-25
1.0,30.899584517823996,121.72402969852037,2019-07-18-23-37-25
1.0,30.899584316189973,121.72427954556576,2019-07-18-23-37-25
1.0,30.899580901313552,121.72902713019778,2019-07-18-23-37-25
1.0,30.899580435499537,121.72977683532132,2019-07-18-23-37-25
1.0,30.899580284736576,121.73002674234182,2019-07-18-23-37-25
1.0,30.899579704323177,121.73102639709795,2019-07-18-23-37-25
1.0,30.899579427748282,121.73152624053637,2019-07-18-23-37-25
1.0,30.942202230736648,121.45959692506047,2019-07-18-23-37-25
1.0,30.94221175756078,121.46335827912212,2019-07-18-23-37-25
1.0,30.942213706727003,121.46411060246906,2019-07-18-23-37-25
1.0,30.94221897176781,121.46611687890035,2019-07-18-23-37-25
1.0,30.942342281745645,121.50851444642446,2019-07-18-23-37-25
1.0,30.94234301615516,121.50876533057631,2019-07-18-23-37-25
1.0,30.94234374988625,121.50901621400511,2019-07-18-23-37-25
1.0,30.942345946882458,121.50976885980624,2019-07-18-23-37-25
1.0,30.942346677773415,121.51001974019606,2019-07-18-23-37-25
1.0,30.94234959379583,121.51102325364592,2019-07-18-23-37-25
1.0,30.94235826266022,121.51403370824923,2019-07-18-23-37-25
1.0,30.942360409543305,121.51478629974946,2019-07-18-23-37-25
1.0,30.942361835931198,121.51528802208887,2019-07-18-23-37-25
1.0,30.94236538415265,121.51654230846513,2019-07-18-23-37-25
1.0,30.94242125777536,121.44606017505882,2019-07-18-23-37-25
1.0,30.942424915062695,121.44781453304223,2019-07-18-23-37-25
1.0,30.94242759284016,121.44906772369049,2019-07-18-23-37-25
1.0,30.942440580634422,121.45483319836947,2019-07-18-23-37-25
1.0,30.94244294654886,121.45583601737061,2019-07-18-23-37-25
1.0,30.942444140869263,121.45633744043491,2019-07-18-23-37-25
1.0,30.94244715918816,121.45759103693223,2019-07-18-23-37-25
1.0,30.942468160219352,121.465866066789,2019-07-18-23-37-25
1.0,30.91345900026167,121.64240842036484,2019-07-18-23-37-25
1.0,30.913458583505243,121.64265800165829,2019-07-18-23-37-25
1.0,30.913456904494737,121.64365631348412,2019-07-18-23-37-25
1.0,30.913453921857915,121.64540330984144,2019-07-18-23-37-25
1.0,30.91375359741297,121.60020018519177,2019-07-18-23-37-25
1.0,30.9137428130934,121.61719154715968,2019-07-18-23-37-25
1.0,30.913733131801866,121.62593241549746,2019-07-18-23-37-25
1.0,30.913727559926137,121.63017699693683,2019-07-18-23-37-25
1.0,30.913725115973058,121.63192459696452,2019-07-18-23-37-25
1.0,30.91372111074275,121.63467064010743,2019-07-18-23-37-25
1.0,30.91372036178766,121.63516989736556,2019-07-18-23-37-25
1.0,30.91371652621337,121.63766608170852,2019-07-18-23-37-25
1.0,30.91371613459,121.63791569109533,2019-07-18-23-37-25
1.0,30.91370843603059,121.64265798111153,2019-07-18-23-37-25
1.0,30.91370548549966,121.64440501315553,2019-07-18-23-37-25
1.0,30.913704203815403,121.64515372208535,2019-07-18-23-37-25
1.0,30.91370291228081,121.64590242008511,2019-07-18-23-37-25
1.0,30.91369180900407,121.6521411943007,2019-07-18-23-37-25
1.0,30.91367550789943,121.66087465745895,2019-07-18-23-37-25
1.0,30.91399242501259,121.61744130658232,2019-07-18-23-37-25
1.0,30.913976722764307,121.63067630041759,2019-07-18-23-37-25
1.0,30.91397280810704,121.63342244549675,2019-07-18-23-37-25
1.0,30.899579292880578,121.7317761662842,2019-07-18-23-37-25
1.0,30.89984113542103,121.71678519579734,2019-07-18-23-37-25
1.0,30.899833969852327,121.7245293742673,2019-07-18-23-37-25
1.0,30.899832452507805,121.72652826353364,2019-07-18-23-37-25
1.0,30.899832272712086,121.7267781363335,2019-07-18-23-37-25
1.0,30.899831240468934,121.72827742798917,2019-07-18-23-37-25
1.0,30.89983075444636,121.72902710929571,2019-07-18-23-37-25
1.0,30.89983028863219,121.72977681441827,2019-07-18-23-37-25
1.0,30.899829699156165,121.7307764584955,2019-07-18-23-37-25
1.0,30.90017679205669,121.66436900939115,2019-07-18-23-37-25
1.0,30.90009125254222,121.71653540151235,2019-07-18-23-37-25
1.0,30.900090988543443,121.7167851749193,2019-07-18-23-37-25
1.0,30.900090208529654,121.71753450930248,2019-07-18-23-37-25
1.0,30.900084841908022,121.72328013084886,2019-07-18-23-37-25
1.0,30.900082671828493,121.72602850482824,2019-07-18-23-37-25
1.0,30.900082305628352,121.72652824263503,2019-07-18-23-37-25
1.0,30.900082125832583,121.72677811543448,2019-07-18-23-37-25
1.0,30.900079552275862,121.73077643759108,2019-07-18-23-37-25
2.0,30.90034110565197,121.71653538063477,2019-07-18-23-37-25
1.0,30.90033929973209,121.7182838442005,2019-07-18-23-37-25
1.0,30.90033904981586,121.71853363424829,2019-07-18-23-37-25
1.0,30.942590662731682,121.50801265510503,2019-07-18-23-37-25
1.0,30.94259506705166,121.50951795774282,2019-07-18-23-37-25
1.0,30.942595798671498,121.50976883891654,2019-07-18-23-37-25
1.0,30.94259652956237,121.51001971930857,2019-07-18-23-37-25
1.0,30.94260739692227,121.51378282148742,2019-07-18-23-37-25
1.0,30.942608114447822,121.51403368739706,2019-07-18-23-37-25
1.0,30.942609546664293,121.51453541611951,2019-07-18-23-37-25
1.0,30.942670084614566,121.44555893223945,2019-07-18-23-37-25
1.0,30.942686366596277,121.45307833262817,2019-07-18-23-37-25
1.0,30.94268694153079,121.45332901764766,2019-07-18-23-37-25
1.0,30.942688097337275,121.45383039476512,2019-07-18-23-37-25
1.0,30.942689260998204,121.45433178124854,2019-07-18-23-37-25
1.0,30.94268984575062,121.45458247797526,2019-07-18-23-37-25
1.0,30.9426904324384,121.45483317701073,2019-07-18-23-37-25
1.0,30.942691021052042,121.45508387834391,2019-07-18-23-37-25
1.0,30.942691611582006,121.45533458196377,2019-07-18-23-37-25
2.0,30.942692798352518,121.45583599601895,2019-07-18-23-37-25
1.0,30.942697620150604,121.45784174146074,2019-07-18-23-37-25
1.0,30.94269945844056,121.4585939319881,2019-07-18-23-37-25
1.0,30.942700692876432,121.45909540299347,2019-07-18-23-37-25
1.0,30.94276586007162,121.48292314700377,2019-07-18-23-37-25
1.0,30.942843453461418,121.50901617221213,2019-07-18-23-37-25
1.0,30.91397096325962,121.63467061959547,2019-07-18-23-37-25
1.0,30.913965987106327,121.63791567056965,2019-07-18-23-37-25
1.0,30.913963607869064,121.63941329384396,2019-07-18-23-37-25
1.0,30.913963206516517,121.63966289233565,2019-07-18-23-37-25
1.0,30.91396280381845,121.63991248932237,2019-07-18-23-37-25
1.0,30.91396036000108,121.64141004036414,2019-07-18-23-37-25
1.0,30.913958288546144,121.64265796056456,2019-07-18-23-37-25
1.0,30.913955762999837,121.64415542046662,2019-07-18-23-37-25
1.0,30.91395405633056,121.64515370152667,2019-07-18-23-37-25
1.0,30.913927726430103,121.65962703847634,2019-07-18-23-37-25
1.0,30.913927253966786,121.65987655889766,2019-07-18-23-37-25
1.0,30.914250803556843,121.60619858078175,2019-07-18-23-37-25
1.0,30.91424104153012,121.61869014811236,2019-07-18-23-37-25
1.0,30.91423060683242,121.62768021594611,2019-07-18-23-37-25
1.0,30.91423028079591,121.6279298991449,2019-07-18-23-37-25
1.0,30.914229291700085,121.62867893634048,2019-07-18-23-37-25
1.0,30.914226575272124,121.63067627992126,2019-07-18-23-37-25
1.0,30.91422446506869,121.63217420545472,2019-07-18-23-37-25
1.0,30.914218167626757,121.63641796937455,2019-07-18-23-37-25
1.0,30.914217397459563,121.63691720281106,2019-07-18-23-37-25
1.0,30.91421623123638,121.63766604065914,2019-07-18-23-37-25
1.0,30.914215839612925,121.6379156500438,2019-07-18-23-37-25
1.0,30.900334486923896,121.72352994938039,2019-07-18-23-37-25
1.0,30.9003336760815,121.7245293324767,2019-07-18-23-37-25
1.0,30.90033180135325,121.72702796993846,2019-07-18-23-37-25
1.0,30.900331113176875,121.72802749768998,2019-07-18-23-37-25
1.0,30.900328719655416,121.7320260320055,2019-07-18-23-37-25
1.0,30.900593992381065,121.71378800558698,2019-07-18-23-37-25
1.0,30.900590694750196,121.71678513316262,2019-07-18-23-37-25
1.0,30.900589658746817,121.71778425041363,2019-07-18-23-37-25
1.0,30.900585841485455,121.72178110540318,2019-07-18-23-37-25
1.0,30.90058372864862,121.7242794619864,2019-07-18-23-37-25
1.0,30.900583331873072,121.7247791637326,2019-07-18-23-37-25
1.0,30.90058313674138,121.72502901844635,2019-07-18-23-37-25
1.0,30.900963418026606,121.64415648902414,2019-07-18-23-37-25
1.0,30.90096299304378,121.64440606121914,2019-07-18-23-37-25
1.0,30.9008717900637,121.69406429065306,2019-07-18-23-37-25
1.0,30.900837776757896,121.71953277679808,2019-07-18-23-37-25
1.0,30.9008375370847,121.71978257894378,2019-07-18-23-37-25
1.0,30.900834193102845,121.72352990759275,2019-07-18-23-37-25
1.0,30.9008313321566,121.72727780615014,2019-07-18-23-37-25
1.0,30.90083115899961,121.72752768677552,2019-07-18-23-37-25
1.0,30.900829401769627,121.73027654750553,2019-07-18-23-37-25
1.0,30.900828969858136,121.73102629257352,2019-07-18-23-37-25
1.0,30.94285724870654,121.51378280063288,2019-07-18-23-37-25
1.0,30.9428586828167,121.51428453142901,2019-07-18-23-37-25
1.0,30.942862961881634,121.51578969835991,2019-07-18-23-37-25
1.0,30.942864380155648,121.51629141180632,2019-07-18-23-37-25
1.0,30.94292783843826,121.44931832668286,2019-07-18-23-37-25
1.0,30.942936218397456,121.45307831125707,2019-07-18-23-37-25
1.0,30.942937370248575,121.4535796836626,2019-07-18-23-37-25
1.0,30.942937949138216,121.45383037339921,2019-07-18-23-37-25
1.0,30.94294087285259,121.45508385698673,2019-07-18-23-37-25
1.0,30.942941463382475,121.45533456060836,2019-07-18-23-37-25
1.0,30.94296196112125,121.46360898781023,2019-07-18-23-37-25
1.0,30.942962610846696,121.46385976226925,2019-07-18-23-37-25
1.0,30.942964569327007,121.46461209682255,2019-07-18-23-37-25
1.0,30.942966541533583,121.46536444787382,2019-07-18-23-37-25
1.0,30.942967863816857,121.46586602423666,2019-07-18-23-37-25
1.0,30.943090366300762,121.50801261329379,2019-07-18-23-37-25
1.0,30.943091102028838,121.50826349885438,2019-07-18-23-37-25
1.0,30.94311352331806,121.51604053481846,2019-07-18-23-37-25
2.0,30.943118461155855,121.5177965031572,2019-07-18-23-37-25
1.0,30.943185497252475,121.4528276072367,2019-07-18-23-37-25
1.0,30.94318607019533,121.4530782898858,2019-07-18-23-37-25
1.0,30.943187222046294,121.45357966229474,2019-07-18-23-37-25
1.0,30.91421465624877,121.63866446868116,2019-07-18-23-37-25
1.0,30.914213460375414,121.63941327331152,2019-07-18-23-37-25
1.0,30.914212252292252,121.6401620642813,2019-07-18-23-37-25
1.0,30.91417710646992,121.65987653826437,2019-07-18-23-37-25
1.0,30.914176160408132,121.66037557794714,2019-07-18-23-37-25
1.0,30.914175686834362,121.66062509723842,2019-07-18-23-37-25
1.0,30.914486579551752,121.62268607897317,2019-07-18-23-37-25
1.0,30.91448571157772,121.62343525304578,2019-07-18-23-37-25
1.0,30.914481105852925,121.62718082279717,2019-07-18-23-37-25
2.0,30.914476427770264,121.63067625942475,2019-07-18-23-37-25
1.0,30.91447573117578,121.63117557560244,2019-07-18-23-37-25
1.0,30.914475380310744,121.63142523079794,2019-07-18-23-37-25
1.0,30.914475027747393,121.63167488408024,2019-07-18-23-37-25
1.0,30.914473959969605,121.632423832566,2019-07-18-23-37-25
1.0,30.9144687843381,121.63591870873984,2019-07-18-23-37-25
1.0,30.914468402980546,121.6361683296387,2019-07-18-23-37-25
1.0,30.914467249956648,121.63691718228931,2019-07-18-23-37-25
1.0,30.914466862667656,121.6371667965326,2019-07-18-23-37-25
1.0,30.914464111496244,121.63891405123348,2019-07-18-23-37-25
1.0,30.914463712868056,121.63916365277154,2019-07-18-23-37-25
1.0,30.914458825839926,121.64215875553111,2019-07-18-23-37-25
1.0,30.914428375156824,121.65912795514622,2019-07-18-23-37-25
1.0,30.90082842583098,121.73202599019307,2019-07-18-23-37-25
1.0,30.901178113198004,121.66337086327982,2019-07-18-23-37-25
1.0,30.901088858984664,121.71828378155324,2019-07-18-23-37-25
1.0,30.901083636436454,121.72402957315293,2019-07-18-23-37-25
1.0,30.901081012069458,121.72752766587459,2019-07-18-23-37-25
1.0,30.90108001992008,121.72902700478247,2019-07-18-23-37-25
1.0,30.901079707125085,121.72952680554077,2019-07-18-23-37-25
1.0,30.90133846212738,121.71853355071578,2019-07-18-23-37-25
1.0,30.901334317559975,121.72303018948733,2019-07-18-23-37-25
1.0,30.90133086512681,121.72752764497348,2019-07-18-23-37-25
1.0,30.901329560182038,121.72952678463689,2019-07-18-23-37-25
1.0,30.901329256398746,121.7300265960144,2019-07-18-23-37-25
1.0,30.901676388034634,121.66411936986569,2019-07-18-23-37-25
1.0,30.901589845006722,121.71703482540549,2019-07-18-23-37-25
1.0,30.90158958499973,121.71728460352692,2019-07-18-23-37-25
1.0,30.901585032872788,121.72203084618245,2019-07-18-23-37-25
2.0,30.901583960370164,121.7232800054877,2019-07-18-23-37-25
1.0,30.901579413226557,121.72952676373284,2019-07-18-23-37-25
1.0,30.901838418124818,121.71828371890426,2019-07-18-23-37-25
1.0,30.901832018302866,121.72552863109279,2019-07-18-23-37-25
1.0,30.90215841717264,121.67335142917004,2019-07-18-23-37-25
1.0,30.90209007706896,121.71653523448629,2019-07-18-23-37-25
1.0,30.943187800935856,121.4538303520331,2019-07-18-23-37-25
1.0,30.943188381789042,121.45408104411297,2019-07-18-23-37-25
1.0,30.943191907616182,121.45558524515168,2019-07-18-23-37-25
1.0,30.943201016331802,121.4593460990041,2019-07-18-23-37-25
1.0,30.943209229810133,121.4626058876346,2019-07-18-23-37-25
1.0,30.943215734418583,121.46511364109578,2019-07-18-23-37-25
1.0,30.943338744715984,121.50751081924025,2019-07-18-23-37-25
1.0,30.943339481711977,121.50776170614614,2019-07-18-23-37-25
1.0,30.94334021808033,121.50801259238787,2019-07-18-23-37-25
1.0,30.94334315702317,121.50901613041839,2019-07-18-23-37-25
1.0,30.943343890062838,121.50926701311833,2019-07-18-23-37-25
1.0,30.943351179675997,121.51177579632186,2019-07-18-23-37-25
1.0,30.943351904282714,121.51202666994205,2019-07-18-23-37-25
1.0,30.943357669790384,121.5140336248394,2019-07-18-23-37-25
1.0,30.94336195475636,121.51553879826025,2019-07-18-23-37-25
1.0,30.94346558620936,121.46511361981317,2019-07-18-23-37-25
1.0,30.943588596492468,121.50751079832966,2019-07-18-23-37-25
1.0,30.94358933348838,121.5077616852378,2019-07-18-23-37-25
1.0,30.94359374183873,121.5092669922234,2019-07-18-23-37-25
1.0,30.943595205794086,121.50976875535582,2019-07-18-23-37-25
1.0,30.943596666833585,121.51027051536131,2019-07-18-23-37-25
1.0,30.943601031451042,121.51177577544914,2019-07-18-23-37-25
1.0,30.914424116582865,121.66137363244195,2019-07-18-23-37-25
1.0,30.914742461498147,121.61694168295828,2019-07-18-23-37-25
1.0,30.9147306360095,121.62743048969243,2019-07-18-23-37-25
1.0,30.914726280258776,121.63067623892805,2019-07-18-23-37-25
1.0,30.91471787261146,121.6364179283351,2019-07-18-23-37-25
1.0,30.914717488266515,121.63666754588007,2019-07-18-23-37-25
1.0,30.914709917490175,121.64140997873933,2019-07-18-23-37-25
1.0,30.91470950568735,121.64165956555128,2019-07-18-23-37-25
1.0,30.914709092629014,121.64190915096243,2019-07-18-23-37-25
1.0,30.914708678326523,121.6421587349859,2019-07-18-23-37-25
1.0,30.91470742806807,121.64290747886216,2019-07-18-23-37-25
1.0,30.91498796534869,121.62118762751905,2019-07-18-23-37-25
1.0,30.91498599721814,121.62293576501057,2019-07-18-23-37-25
1.0,30.914985416547726,121.62343521210275,2019-07-18-23-37-25
1.0,30.91498048848901,121.62743046920744,2019-07-18-23-37-25
1.0,30.91496656763292,121.63716675548639,2019-07-18-23-37-25
1.0,30.914966178888104,121.63741636809499,2019-07-18-23-37-25
1.0,30.914961809753084,121.64016200267287,2019-07-18-23-37-25
1.0,30.915247810977505,121.57718958174833,2019-07-18-23-37-25
1.0,30.915244426580188,121.61444367790534,2019-07-18-23-37-25
1.0,30.91524421080365,121.61469348593053,2019-07-18-23-37-25
1.0,30.915235849688937,121.62293574454034,2019-07-18-23-37-25
1.0,30.91523497566979,121.62368491176731,2019-07-18-23-37-25
1.0,30.915231619052584,121.62643168652168,2019-07-18-23-37-25
1.0,30.90208903305491,121.71753434225577,2019-07-18-23-37-25
1.0,30.902088523093877,121.71803391037635,2019-07-18-23-37-25
1.0,30.902083252386504,121.72377964507562,2019-07-18-23-37-25
1.0,30.902080772756182,121.72702782363598,2019-07-18-23-37-25
1.0,30.902079274551582,121.72927682022092,2019-07-18-23-37-25
1.0,30.9020788154949,121.73002653329976,2019-07-18-23-37-25
1.0,30.902077823635338,121.7317759572226,2019-07-18-23-37-25
1.0,30.902455607620634,121.64814937775961,2019-07-18-23-37-25
1.0,30.902339930078995,121.71653521360717,2019-07-18-23-37-25
1.0,30.90233888606476,121.71753432137407,2019-07-18-23-37-25
1.0,30.902337626359923,121.71878325962916,2019-07-18-23-37-25
1.0,30.90232912755916,121.72927679931661,2019-07-18-23-37-25
2.0,30.902580656347588,121.72677790643387,2019-07-18-23-37-25
1.0,30.90257808278284,121.7307762285364,2019-07-18-23-37-25
2.0,30.902962666190554,121.64390675120995,2019-07-18-23-37-25
1.0,30.902858113313183,121.70205206296725,2019-07-18-23-37-25
1.0,30.902836123701533,121.72003221643034,2019-07-18-23-37-25
1.0,30.90283124172484,121.72577840992686,2019-07-18-23-37-25
1.0,30.902831055328807,121.7260282749398,2019-07-18-23-37-25
1.0,30.90282867826446,121.72952665920964,2019-07-18-23-37-25
1.0,30.90282793576572,121.73077620762987,2019-07-18-23-37-25
1.0,30.902827794064525,121.73102612532448,2019-07-18-23-37-25
1.0,30.902827654637598,121.73127604569855,2019-07-18-23-37-25
1.0,30.943601756057678,121.51202664907154,2019-07-18-23-37-25
1.0,30.94360247982256,121.51227752178131,2019-07-18-23-37-25
1.0,30.943676851836052,121.44906761670097,2019-07-18-23-37-25
1.0,30.943699481952137,121.45884458111173,2019-07-18-23-37-25
1.0,30.9438391852616,121.50776166432925,2019-07-18-23-37-25
1.0,30.943849431534417,121.51127400464706,2019-07-18-23-37-25
1.0,30.94385233159425,121.51227750091282,2019-07-18-23-37-25
1.0,30.94385377654883,121.51277924354123,2019-07-18-23-37-25
1.0,30.943854497713776,121.51303011342884,2019-07-18-23-37-25
1.0,30.943857373335774,121.51403358313334,2019-07-18-23-37-25
1.0,30.943859520217348,121.51478617467286,2019-07-18-23-37-25
1.0,30.943862368983044,121.51578961500952,2019-07-18-23-37-25
1.0,30.943917320708238,121.44455641443322,2019-07-18-23-37-25
1.0,30.943943251641063,121.45633731234342,2019-07-18-23-37-25
1.0,30.943946269957564,121.45759090889493,2019-07-18-23-37-25
1.0,30.943965289781406,121.46511357724737,2019-07-18-23-37-25
1.0,30.944095640226394,121.51001959397968,2019-07-18-23-37-25
1.0,30.944100734991633,121.51177573370312,2019-07-18-23-37-25
1.0,30.944101459598098,121.51202660732994,2019-07-18-23-37-25
1.0,30.944109371985064,121.5147861538261,2019-07-18-23-37-25
1.0,30.944110798371785,121.51528787619597,2019-07-18-23-37-25
1.0,30.944191314772635,121.45558515973437,2019-07-18-23-37-25
1.0,30.944193103425263,121.45633729099414,2019-07-18-23-37-25
1.0,30.915217577557897,121.63641788729491,2019-07-18-23-37-25
1.0,30.915216031356394,121.63741634757054,2019-07-18-23-37-25
1.0,30.915214856496497,121.63816517572423,2019-07-18-23-37-25
1.0,30.91521327030067,121.63916359117589,2019-07-18-23-37-25
1.0,30.915212066253556,121.63991238664723,2019-07-18-23-37-25
1.0,30.915211662220926,121.64016198213635,2019-07-18-23-37-25
1.0,30.915207967735732,121.64240827654159,2019-07-18-23-37-25
1.0,30.915202458812953,121.64565273190793,2019-07-18-23-37-25
1.0,30.915497844059683,121.57743982014411,2019-07-18-23-37-25
1.0,30.915499211442327,121.60769782651117,2019-07-18-23-37-25
1.0,30.915496686692382,121.61144575500856,2019-07-18-23-37-25
1.0,30.91547479020708,121.63142514879853,2019-07-18-23-37-25
1.0,30.915464314496607,121.6384147613991,2019-07-18-23-37-25
1.0,30.915463122759206,121.63916357064362,2019-07-18-23-37-25
1.0,30.915460702655682,121.64066114815125,2019-07-18-23-37-25
1.0,30.91545614595293,121.64340657309602,2019-07-18-23-37-25
1.0,30.915447507482988,121.64839786181732,2019-07-18-23-37-25
1.0,30.915750183170534,121.60569865271147,2019-07-18-23-37-25
1.0,30.91574991842992,121.60619845818616,2019-07-18-23-37-25
1.0,30.91574978227556,121.60644835662322,2019-07-18-23-37-25
1.0,30.915748759107636,121.6081975660443,2019-07-18-23-37-25
1.0,30.915743477289368,121.61519305328035,2019-07-18-23-37-25
1.0,30.915741871366944,121.6169416011446,2019-07-18-23-37-25
1.0,30.915740904558557,121.61794071563757,2019-07-18-23-37-25
1.0,30.903157353973032,121.67360086656342,2019-07-18-23-37-25
1.0,30.903156404474753,121.6740999081067,2019-07-18-23-37-25
1.0,30.903155456246186,121.67459895132704,2019-07-18-23-37-25
1.0,30.903080908300524,121.72602825403969,2019-07-18-23-37-25
1.0,30.9030807240999,121.72627812164116,2019-07-18-23-37-25
1.0,30.903080542099204,121.72652799183673,2019-07-18-23-37-25
1.0,30.903078686508774,121.7292767366025,2019-07-18-23-37-25
1.0,30.903077647035243,121.73102610441748,2019-07-18-23-37-25
1.0,30.903077507608266,121.73127602479128,2019-07-18-23-37-25
1.0,30.903077235590498,121.7317758735926,2019-07-18-23-37-25
1.0,30.90340530921457,121.67459893062394,2019-07-18-23-37-25
1.0,30.90333422472299,121.72178087559828,2019-07-18-23-37-25
1.0,30.903328539467783,121.72927671569742,2019-07-18-23-37-25
1.0,30.903656584996213,121.67385034573385,2019-07-18-23-37-25
1.0,30.90358452574399,121.72128121350012,2019-07-18-23-37-25
1.0,30.903579035962228,121.72827711445045,2019-07-18-23-37-25
1.0,30.903578237141392,121.72952659649343,2019-07-18-23-37-25
1.0,30.903908339259537,121.67285224506578,2019-07-18-23-37-25
1.0,30.90414640697792,121.67909035120815,2019-07-18-23-37-25
1.0,30.90408270039153,121.72302995964813,2019-07-18-23-37-25
1.0,30.904327951184293,121.72927663207518,2019-07-18-23-37-25
1.0,30.90432734362262,121.73027625482368,2019-07-18-23-37-25
1.0,30.90432719738286,121.73052616716939,2019-07-18-23-37-25
1.0,30.904905849600464,121.67385024223418,2019-07-18-23-37-25
1.0,30.94419370339177,121.45658800589044,2019-07-18-23-37-25
1.0,30.94419795463396,121.4583430716643,2019-07-18-23-37-25
1.0,30.944198569188746,121.4585938039936,2019-07-18-23-37-25
1.0,30.944212521069925,121.46411043214601,2019-07-18-23-37-25
1.0,30.944214484157325,121.46486277226627,2019-07-18-23-37-25
1.0,30.944347680163755,121.51077220947715,2019-07-18-23-37-25
1.0,30.94434986132161,121.51152483830265,2019-07-18-23-37-25
1.0,30.94435203512829,121.51227745917525,2019-07-18-23-37-25
1.0,30.944352758038722,121.51252833096461,2019-07-18-23-37-25
1.0,30.94435420124731,121.51303007170448,2019-07-18-23-37-25
1.0,30.94435492152067,121.51328094062622,2019-07-18-23-37-25
1.0,30.94436207251473,121.51578957333318,2019-07-18-23-37-25
1.0,30.944378110598905,121.52155897805784,2019-07-18-23-37-25
1.0,30.94441652423739,121.4443057756467,2019-07-18-23-37-25
1.0,30.944441166554057,121.45558513837955,2019-07-18-23-37-25
1.0,30.944446582680932,121.4578415920946,2019-07-18-23-37-25
1.0,30.94445089687138,121.45959673313637,2019-07-18-23-37-25
1.0,30.94470514797913,121.46135195475868,2019-07-18-23-37-25
1.0,30.94485029027957,121.51177567108265,2019-07-18-23-37-25
1.0,30.944851738650243,121.5122774174369,2019-07-18-23-37-25
1.0,30.944860353656185,121.51528781366757,2019-07-18-23-37-25
1.0,30.944861776034326,121.51578953165608,2019-07-18-23-37-25
1.0,30.94494325872623,121.45658794184682,2019-07-18-23-37-25
1.0,30.94494567707487,121.4575908235328,2019-07-18-23-37-25
1.0,30.944949358955714,121.45909521103233,2019-07-18-23-37-25
1.0,30.915719556906645,121.63492010549963,2019-07-18-23-37-25
1.0,30.9157145614045,121.63816513466828,2019-07-18-23-37-25
1.0,30.915708915538925,121.6416594833777,2019-07-18-23-37-25
1.0,30.915705576873613,121.64365612851456,2019-07-18-23-37-25
1.0,30.915702594234276,121.64540312479748,2019-07-18-23-37-25
1.0,30.91568971753356,121.65264010619991,2019-07-18-23-37-25
1.0,30.91599699870019,121.57668899310524,2019-07-18-23-37-25
1.0,30.91600044516645,121.58219408794945,2019-07-18-23-37-25
1.0,30.91600125562275,121.5839453833517,2019-07-18-23-37-25
1.0,30.91600226977769,121.60020000134993,2019-07-18-23-37-25
1.0,30.91600003561643,121.60569863227884,2019-07-18-23-37-25
1.0,30.91599522999315,121.61294471326875,2019-07-18-23-37-25
1.0,30.91599502814092,121.61319453709231,2019-07-18-23-37-25
1.0,30.915993768164093,121.61469342458557,2019-07-18-23-37-25
1.0,30.915974142534985,121.6316747610742,2019-07-18-23-37-25
1.0,30.91596751776359,121.63616820652335,2019-07-18-23-37-25
1.0,30.91596441384445,121.63816511414002,2019-07-18-23-37-25
2.0,30.91596362352613,121.63866432497203,2019-07-18-23-37-25
1.0,30.915960407544112,121.64066110707279,2019-07-18-23-37-25
1.0,30.915959590317513,121.64116028780738,2019-07-18-23-37-25
1.0,30.915959179781332,121.64140987602758,2019-07-18-23-37-25
1.0,30.915955006620848,121.64390568263563,2019-07-18-23-37-25
1.0,30.915949410978158,121.64715004166594,2019-07-18-23-37-25
1.0,30.9159395699712,121.6526400856028,2019-07-18-23-37-25
1.0,30.916244261014505,121.61394397222313,2019-07-18-23-37-25
1.0,30.904838195516334,121.71678477819998,2019-07-18-23-37-25
1.0,30.905079008057672,121.72702757280989,2019-07-18-23-37-25
1.0,30.905077827138918,121.72877677390576,2019-07-18-23-37-25
1.0,30.905382892622267,121.68607747462217,2019-07-18-23-37-25
1.0,30.90534385344491,121.71153997797082,2019-07-18-23-37-25
1.0,30.90532921830751,121.72652780371993,2019-07-18-23-37-25
1.0,30.90583556723571,121.7187829672221,2019-07-18-23-37-25
1.0,30.906208623565423,121.64515433875887,2019-07-18-23-37-25
1.0,30.90638908009393,121.68233414858128,2019-07-18-23-37-25
1.0,30.906329561613358,121.72527839504593,2019-07-18-23-37-25
1.0,30.906708757555815,121.64490472920845,2019-07-18-23-37-25
1.0,30.906950742409975,121.6493967659007,2019-07-18-23-37-25
1.0,30.906909910416335,121.6711053697892,2019-07-18-23-37-25
1.0,30.907087668961566,121.71603527712747,2019-07-18-23-37-25
1.0,30.907328040815425,121.72652763649197,2019-07-18-23-37-25
1.0,30.907699854530183,121.64964625283874,2019-07-18-23-37-25
1.0,30.907647150558258,121.67759287913628,2019-07-18-23-37-25
1.0,30.907841479760176,121.71228895962476,2019-07-18-23-37-25
1.0,30.907837769102144,121.7155356840785,2019-07-18-23-37-25
1.0,30.9078374971957,121.71578544811751,2019-07-18-23-37-25
1.0,30.908200451633405,121.64914711338636,2019-07-18-23-37-25
1.0,30.908197766389158,121.65064439677617,2019-07-18-23-37-25
1.0,30.908147325126965,121.67734330960873,2019-07-18-23-37-25
2.0,30.9080873499384,121.715785427236,2019-07-18-23-37-25
1.0,30.944954366198633,121.46110117836852,2019-07-18-23-37-25
1.0,30.944954999752824,121.46135193344578,2019-07-18-23-37-25
1.0,30.94519251053241,121.45633720559508,2019-07-18-23-37-25
1.0,30.945199830586773,121.45934592838447,2019-07-18-23-37-25
1.0,30.9452080440567,121.46260571721199,2019-07-18-23-37-25
1.0,30.9454399812148,121.4553343470434,2019-07-18-23-37-25
1.0,30.945440573650625,121.45558505295828,2019-07-18-23-37-25
1.0,30.945631445943995,121.52306381737587,2019-07-18-23-37-25
1.0,30.945698296160927,121.45884441045928,2019-07-18-23-37-25
1.0,30.945699534121406,121.45934588572759,2019-07-18-23-37-25
1.0,30.94570265943194,121.46059961029152,2019-07-18-23-37-25
1.0,30.94570646566619,121.46210414667735,2019-07-18-23-37-25
1.0,30.945876537066596,121.52130802430655,2019-07-18-23-37-25
1.0,30.94591219904361,121.44255155202765,2019-07-18-23-37-25
1.0,30.9459126829197,121.44280212877177,2019-07-18-23-37-25
1.0,30.945915137130434,121.4440550538471,2019-07-18-23-37-25
1.0,30.945945693304797,121.45784146405877,2019-07-18-23-37-25
1.0,30.94595631742856,121.4621041253694,2019-07-18-23-37-25
1.0,30.94618777068039,121.45458217890764,2019-07-18-23-37-25
1.0,30.94619799968513,121.4588443677942,2019-07-18-23-37-25
1.0,30.946202993147462,121.4608503187123,2019-07-18-23-37-25
1.0,30.9462055306714,121.46185334302542,2019-07-18-23-37-25
1.0,30.94638167587619,121.52331457366934,2019-07-18-23-37-25
1.0,30.946458591237942,121.46310714636493,2019-07-18-23-37-25
1.0,30.946580900553304,121.50550342977246,2019-07-18-23-37-25
1.0,30.916242734617708,121.61569261028039,2019-07-18-23-37-25
1.0,30.9162410972605,121.61744112249094,2019-07-18-23-37-25
1.0,30.916232888942528,121.62493339687033,2019-07-18-23-37-25
1.0,30.916214266275098,121.63816509361158,2019-07-18-23-37-25
1.0,30.916211878729445,121.63966270752704,2019-07-18-23-37-25
1.0,30.91620944274767,121.6411602672656,2019-07-18-23-37-25
1.0,30.9162082073498,121.64190902769407,2019-07-18-23-37-25
1.0,30.916493473024474,121.614693383688,2019-07-18-23-37-25
1.0,30.916492587043088,121.6156925898292,2019-07-18-23-37-25
1.0,30.916492359867,121.61594238492117,2019-07-18-23-37-25
1.0,30.916491898751552,121.61644196743515,2019-07-18-23-37-25
1.0,30.916486528006878,121.62168698422629,2019-07-18-23-37-25
2.0,30.916458059770598,121.6419090071487,2019-07-18-23-37-25
1.0,30.916455555690824,121.64340649088787,2019-07-18-23-37-25
1.0,30.916455134162938,121.64365606685467,2019-07-18-23-37-25
1.0,30.91645428762666,121.64415521491675,2019-07-18-23-37-25
1.0,30.91644335110383,121.65039417266324,2019-07-18-23-37-25
1.0,30.916442450875934,121.65089326140438,2019-07-18-23-37-25
1.0,30.916752585908604,121.59670005744371,2019-07-18-23-37-25
1.0,30.916744174704228,121.61369411544467,2019-07-18-23-37-25
1.0,30.91674104270271,121.61719130171103,2019-07-18-23-37-25
1.0,30.916735820122405,121.6221864338931,2019-07-18-23-37-25
1.0,30.91672613172935,121.62992708606457,2019-07-18-23-37-25
1.0,30.916711180864063,121.63991226343089,2019-07-18-23-37-25
1.0,30.908077965273836,121.72602783599753,2019-07-18-23-37-25
1.0,30.908445358383407,121.65189208711392,2019-07-18-23-37-25
1.0,30.908408549727312,121.67135476292121,2019-07-18-23-37-25
1.0,30.908407595713193,121.6718537982499,2019-07-18-23-37-25
1.0,30.90870104506974,121.64864796995886,2019-07-18-23-37-25
1.0,30.908700601547373,121.64889752160349,2019-07-18-23-37-25
1.0,30.908692013908542,121.65363882678001,2019-07-18-23-37-25
1.0,30.90857963272601,121.7235292597865,2019-07-18-23-37-25
1.0,30.908950897790415,121.64864794938698,2019-07-18-23-37-25
1.0,30.908945517580058,121.65164250549903,2019-07-18-23-37-25
1.0,30.908944154034486,121.65239112430005,2019-07-18-23-37-25
1.0,30.90894186662844,121.65363880618307,2019-07-18-23-37-25
1.0,30.908828089190305,121.72527818602224,2019-07-18-23-37-25
1.0,30.909207712384866,121.64465495401734,2019-07-18-23-37-25
1.0,30.909207285153627,121.64490452367745,2019-07-18-23-37-25
1.0,30.909193093945206,121.65289017880765,2019-07-18-23-37-25
1.0,30.909191259740876,121.65388831966973,2019-07-18-23-37-25
1.0,30.90919079946746,121.65413785302249,2019-07-18-23-37-25
1.0,30.909074999045792,121.7295261365219,2019-07-18-23-37-25
1.0,30.90945713785331,121.64490450312333,2019-07-18-23-37-25
1.0,30.909451045792203,121.6483983555781,2019-07-18-23-37-25
18.0,30.909445222988065,121.65164246432484,2019-07-18-23-37-25
1.0,30.90944476924254,121.65189200476127,2019-07-18-23-37-25
1.0,30.909444314723242,121.65214154435444,2019-07-18-23-37-25
1.0,30.90944385944226,121.65239108311829,2019-07-18-23-37-25
1.0,30.94666127279676,121.44230091373579,2019-07-18-23-37-25
1.0,30.946699562765822,121.45959654119629,2019-07-18-23-37-25
1.0,30.94670779800679,121.46285635626477,2019-07-18-23-37-25
1.0,30.94688070464061,121.52306371348432,2019-07-18-23-37-25
1.0,30.946959589475224,121.46360864707962,2019-07-18-23-37-25
1.0,30.94713055637231,121.52306369270543,2019-07-18-23-37-25
1.0,30.947133915991138,121.52431777037208,2019-07-18-23-37-25
1.0,30.947563136302023,121.49973272017402,2019-07-18-23-37-25
1.0,30.947629583754036,121.52281283098499,2019-07-18-23-37-25
1.0,30.94767666080018,121.45006987270669,2019-07-18-23-37-25
1.0,30.947927062983563,121.45032050718636,2019-07-18-23-37-25
1.0,30.947936732946285,121.45458202935929,2019-07-18-23-37-25
1.0,30.94835038591183,121.51252799707173,2019-07-18-23-37-25
1.0,30.948670680277765,121.44756336739945,2019-07-18-23-37-25
1.0,30.948673887105763,121.44906718869332,2019-07-18-23-37-25
1.0,30.94869163686633,121.45683833875009,2019-07-18-23-37-25
1.0,30.948692240537984,121.45708905810618,2019-07-18-23-37-25
1.0,30.948692846048143,121.45733977965884,2019-07-18-23-37-25
1.0,30.948825850917196,121.50424877504402,2019-07-18-23-37-25
1.0,30.948827338437265,121.5047505630536,2019-07-18-23-37-25
1.0,30.948831789208334,121.50625591494132,2019-07-18-23-37-25
1.0,30.948865051287807,121.51779602424294,2019-07-18-23-37-25
1.0,30.94892319898985,121.44881652400318,2019-07-18-23-37-25
1.0,30.917002581569633,121.59544993358877,2019-07-18-23-37-25
1.0,30.917002362082567,121.59720005684294,2019-07-18-23-37-25
1.0,30.916994233634735,121.61344427647663,2019-07-18-23-37-25
1.0,30.916993393624978,121.61444353476845,2019-07-18-23-37-25
1.0,30.916989164772772,121.61893968804812,2019-07-18-23-37-25
1.0,30.91698121379717,121.62593214925516,2019-07-18-23-37-25
1.0,30.916967688638376,121.63566888097084,2019-07-18-23-37-25
2.0,30.916957350281823,121.64215855007052,2019-07-18-23-37-25
1.0,30.916955680856862,121.64315687250995,2019-07-18-23-37-25
1.0,30.91695526050442,121.64340644978267,2019-07-18-23-37-25
1.0,30.916943952759258,121.64989503904647,2019-07-18-23-37-25
1.0,30.91691597019881,121.6648666563842,2019-07-18-23-37-25
1.0,30.917242144264307,121.61569252847447,2019-07-18-23-37-25
1.0,30.917240747507172,121.61719126080033,2019-07-18-23-37-25
1.0,30.917240506905777,121.61744104066771,2019-07-18-23-37-25
1.0,30.917232298582313,121.62493331495891,2019-07-18-23-37-25
1.0,30.91723199338863,121.62518302169457,2019-07-18-23-37-25
1.0,30.91723106619326,121.62593212877368,2019-07-18-23-37-25
1.0,30.917218296156772,121.63516961015227,2019-07-18-23-37-25
1.0,30.917217919360414,121.63541923616228,2019-07-18-23-37-25
1.0,30.917205952415515,121.64290727336505,2019-07-18-23-37-25
1.0,30.91720041397883,121.64615169581354,2019-07-18-23-37-25
1.0,30.917502237198605,121.59594994335957,2019-07-18-23-37-25
1.0,30.917493098412386,121.61444349387054,2019-07-18-23-37-25
1.0,30.909443403411686,121.65264062106687,2019-07-18-23-37-25
1.0,30.909441112439147,121.65388829907114,2019-07-18-23-37-25
1.0,30.909708692714695,121.64390619643646,2019-07-18-23-37-25
1.0,30.90969867633889,121.64964608822497,2019-07-18-23-37-25
1.0,30.909697332375195,121.65039472842405,2019-07-18-23-37-25
1.0,30.9096968826793,121.65064427328484,2019-07-18-23-37-25
1.0,30.90969507567598,121.65164244373747,2019-07-18-23-37-25
1.0,30.909694621930413,121.65189198417264,2019-07-18-23-37-25
1.0,30.90968819376051,121.6553854681014,2019-07-18-23-37-25
1.0,30.90994583347486,121.65114333969639,2019-07-18-23-37-25
1.0,30.90994447460763,121.65189196358382,2019-07-18-23-37-25
1.0,30.909943564807197,121.65239104193579,2019-07-18-23-37-25
2.0,30.909943108776545,121.65264057988183,2019-07-18-23-37-25
1.0,30.909939896591958,121.65438732385428,2019-07-18-23-37-25
2.0,30.9099394350014,121.6546368557834,2019-07-18-23-37-25
1.0,30.90993897277062,121.65488638702375,2019-07-18-23-37-25
1.0,30.909937582358964,121.6556349767536,2019-07-18-23-37-25
1.0,30.909936186625032,121.6563835607936,2019-07-18-23-37-25
1.0,30.90993572025478,121.65663308760861,2019-07-18-23-37-25
1.0,30.909935253342148,121.65688261384811,2019-07-18-23-37-25
1.0,30.909828085310888,121.72452853830985,2019-07-18-23-37-25
1.0,30.909827309140418,121.72552796224605,2019-07-18-23-37-25
1.0,30.91020712311971,121.64465487180445,2019-07-18-23-37-25
1.0,30.91019250467487,121.6528900964325,2019-07-18-23-37-25
1.0,30.910191588974573,121.6533891683717,2019-07-18-23-37-25
1.0,30.94894028681427,121.45633688532041,2019-07-18-23-37-25
1.0,30.948941488602458,121.45683831740067,2019-07-18-23-37-25
1.0,30.94894209227403,121.45708903675856,2019-07-18-23-37-25
1.0,30.948942697784112,121.45733975831303,2019-07-18-23-37-25
1.0,30.948943305122796,121.45759048205262,2019-07-18-23-37-25
1.0,30.949171444049476,121.44806458806121,2019-07-18-23-37-25
1.0,30.949173050726525,121.4488165025989,2019-07-18-23-37-25
1.0,30.949192549518116,121.45733973696701,2019-07-18-23-37-25
1.0,30.94919315685672,121.45759046070845,2019-07-18-23-37-25
1.0,30.949419708612925,121.4473126753089,2019-07-18-23-37-25
1.0,30.949425074645735,121.44981906955041,2019-07-18-23-37-25
1.0,30.949442401250206,121.45733971562082,2019-07-18-23-37-25
1.0,30.949445456029384,121.45859335595689,2019-07-18-23-37-25
1.0,30.94966391116276,121.44455592157068,2019-07-18-23-37-25
1.0,30.949676577678126,121.45057101580107,2019-07-18-23-37-25
1.0,30.949924231879955,121.44956837587343,2019-07-18-23-37-25
1.0,30.9499552272264,121.46260531240779,2019-07-18-23-37-25
1.0,30.950082527104815,121.5067575898501,2019-07-18-23-37-25
1.0,30.950147742430744,121.53033651300444,2019-07-18-23-37-25
1.0,30.950160162624936,121.44280176429088,2019-07-18-23-37-25
1.0,30.950174083609088,121.4495683544732,2019-07-18-23-37-25
1.0,30.95018835115185,121.45583535537722,2019-07-18-23-37-25
1.0,30.950322726601634,121.50349596393774,2019-07-18-23-37-25
1.0,30.950324216772017,121.50399775466636,2019-07-18-23-37-25
1.0,30.95032570520062,121.50449954363029,2019-07-18-23-37-25
1.0,30.9174893748694,121.61844011471895,2019-07-18-23-37-25
1.0,30.917485377312758,121.62218637248486,2019-07-18-23-37-25
1.0,30.917454121061592,121.64390555930602,2019-07-18-23-37-25
1.0,30.917451561112365,121.64540298086392,2019-07-18-23-37-25
1.0,30.91774902244773,121.5814433415678,2019-07-18-23-37-25
1.0,30.917743164267225,121.61419366278957,2019-07-18-23-37-25
1.0,30.91773139101836,121.62543268527492,2019-07-18-23-37-25
1.0,30.91772622045091,121.62942766826957,2019-07-18-23-37-25
1.0,30.917715717385644,121.63666729961503,2019-07-18-23-37-25
1.0,30.91770978103175,121.64041137075964,2019-07-18-23-37-25
1.0,30.917708146599967,121.64140973222328,2019-07-18-23-37-25
1.0,30.917707734796654,121.64165931902156,2019-07-18-23-37-25
1.0,30.917703973436666,121.64390553875043,2019-07-18-23-37-25
1.0,30.917694848620336,121.64914633144387,2019-07-18-23-37-25
1.0,30.917694403272996,121.64939588103805,2019-07-18-23-37-25
1.0,30.917999137392403,121.58194372654282,2019-07-18-23-37-25
1.0,30.917993643174437,121.6134441946888,2019-07-18-23-37-25
2.0,30.91799006404478,121.61744097929834,2019-07-18-23-37-25
1.0,30.917978717516473,121.62743022337303,2019-07-18-23-37-25
1.0,30.917952976972668,121.64440466369278,2019-07-18-23-37-25
1.0,30.91795255085778,121.64465423455287,2019-07-18-23-37-25
1.0,30.917949537408553,121.64640119656791,2019-07-18-23-37-25
1.0,30.918231095748045,121.62543264431402,2019-07-18-23-37-25
1.0,30.918230162782322,121.62618174486228,2019-07-18-23-37-25
1.0,30.910191130066718,121.65363870319551,2019-07-18-23-37-25
1.0,30.91018928766759,121.65463683518038,2019-07-18-23-37-25
1.0,30.91044644067978,121.65064421153666,2019-07-18-23-37-25
1.0,30.91044372541086,121.65214146199372,2019-07-18-23-37-25
1.0,30.910443270129722,121.65239100075253,2019-07-18-23-37-25
1.0,30.910442814098996,121.65264053869605,2019-07-18-23-37-25
1.0,30.910442357330783,121.65289007583824,2019-07-18-23-37-25
1.0,30.910441899837213,121.65313961219319,2019-07-18-23-37-25
1.0,30.910441441630407,121.6533891477749,2019-07-18-23-37-25
1.0,30.910440982722513,121.65363868259743,2019-07-18-23-37-25
1.0,30.910437751758785,121.65538540628081,2019-07-18-23-37-25
1.0,30.910693122775218,121.65239098016062,2019-07-18-23-37-25
1.0,30.910692666744453,121.65264051810287,2019-07-18-23-37-25
1.0,30.910692209976204,121.6528900552438,2019-07-18-23-37-25
1.0,30.910691752482595,121.65313959159747,2019-07-18-23-37-25
1.0,30.91069129427575,121.65338912717792,2019-07-18-23-37-25
1.0,30.910687140325482,121.6556349149286,2019-07-18-23-37-25
1.0,30.910678224459804,121.66037586683291,2019-07-18-23-37-25
2.0,30.91093838337215,121.65488630460547,2019-07-18-23-37-25
1.0,30.91093792051319,121.65513583516608,2019-07-18-23-37-25
1.0,30.91093745703841,121.65538536506615,2019-07-18-23-37-25
1.0,30.91115883928601,121.6703564677864,2019-07-18-23-37-25
1.0,30.911141819042392,121.67933930342443,2019-07-18-23-37-25
1.0,30.91113309735866,121.68408057385663,2019-07-18-23-37-25
1.0,30.911457661243286,121.64390605258403,2019-07-18-23-37-25
1.0,30.950415489238292,121.44555826813904,2019-07-18-23-37-25
1.0,30.950433501881715,121.45382973232981,2019-07-18-23-37-25
1.0,30.950489552764594,121.47539656287901,2019-07-18-23-37-25
1.0,30.950610491617937,121.51654162095976,2019-07-18-23-37-25
1.0,30.95070032444307,121.46084993496042,2019-07-18-23-37-25
1.0,30.950700956319967,121.46110068807384,2019-07-18-23-37-25
1.0,30.950828379836505,121.50550307391774,2019-07-18-23-37-25
1.0,30.950841637016698,121.51001902991428,2019-07-18-23-37-25
1.0,30.950863864961615,121.51779585764041,2019-07-18-23-37-25
1.0,30.950923094674152,121.44931764190329,2019-07-18-23-37-25
1.0,30.950933205329115,121.45382968958552,2019-07-18-23-37-25
1.0,30.950933786179856,121.45408038171921,2019-07-18-23-37-25
1.0,30.950935540419817,121.4548324720615,2019-07-18-23-37-25
1.0,30.950936719558197,121.45533387713091,2019-07-18-23-37-25
1.0,30.950949545972833,121.46059916254339,2019-07-18-23-37-25
1.0,30.950956569057993,121.46335753366101,2019-07-18-23-37-25
1.0,30.950996407168684,121.47790505706806,2019-07-18-23-37-25
1.0,30.95107600385214,121.50475037459029,2019-07-18-23-37-25
1.0,30.951087827117423,121.5087645990102,2019-07-18-23-37-25
1.0,30.951114417670503,121.51804668465876,2019-07-18-23-37-25
1.0,30.95117294639695,121.44931762050066,2019-07-18-23-37-25
1.0,30.951176799324735,121.45107221163228,2019-07-18-23-37-25
1.0,30.95118018243756,121.45257624287721,2019-07-18-23-37-25
1.0,30.951183057050507,121.45382966821307,2019-07-18-23-37-25
1.0,30.951184805455803,121.45458175160094,2019-07-18-23-37-25
1.0,30.91822245984035,121.63192422791882,2019-07-18-23-37-25
1.0,30.918186869025917,121.65338850918096,2019-07-18-23-37-25
1.0,30.918186410116824,121.65363804396397,2019-07-18-23-37-25
1.0,30.91850167199894,121.59119887801693,2019-07-18-23-37-25
1.0,30.91849293251972,121.6139437881916,2019-07-18-23-37-25
1.0,30.918491853671153,121.61519282832393,2019-07-18-23-37-25
1.0,30.918480948099642,121.62543262383329,2019-07-18-23-37-25
1.0,30.918462147422407,121.63866411965736,2019-07-18-23-37-25
1.0,30.91845729186969,121.6416592573849,2019-07-18-23-37-25
1.0,30.918456048971787,121.6424080094169,2019-07-18-23-37-25
1.0,30.918454374729045,121.64340632646261,2019-07-18-23-37-25
1.0,30.918435802865716,121.65388755739646,2019-07-18-23-37-25
1.0,30.918710402534106,121.63966250216637,2019-07-18-23-37-25
1.0,30.918700822897932,121.64540287804861,2019-07-18-23-37-25
1.0,30.918699960794335,121.64590200880416,2019-07-18-23-37-25
1.0,30.918684733989522,121.65438660268224,2019-07-18-23-37-25
1.0,30.9189955970824,121.57718927500166,2019-07-18-23-37-25
1.0,30.91898156834937,121.62468346267099,2019-07-18-23-37-25
1.0,30.911455101299797,121.64540347431222,2019-07-18-23-37-25
1.0,30.911436233528224,121.65588438172081,2019-07-18-23-37-25
1.0,30.911426360586088,121.66112436182046,2019-07-18-23-37-25
1.0,30.911707513848686,121.64390603203293,2019-07-18-23-37-25
1.0,30.911677634933024,121.66037578429788,2019-07-18-23-37-25
1.0,30.911957366443865,121.64390601148165,2019-07-18-23-37-25
1.0,30.911954375984756,121.64565299919941,2019-07-18-23-37-25
1.0,30.911953944398448,121.64590256401574,2019-07-18-23-37-25
1.0,30.91220551685487,121.64490427701556,2019-07-18-23-37-25
1.0,30.912204659084672,121.64540341263708,2019-07-18-23-37-25
1.0,30.912177340108087,121.66037574302923,2019-07-18-23-37-25
1.0,30.9121189222542,121.69181703374446,2019-07-18-23-37-25
1.0,30.912081884734505,121.7187824449734,2019-07-18-23-37-25
1.0,30.912454941091713,121.64515382487598,2019-07-18-23-37-25
1.0,30.91245451165933,121.64540339207832,2019-07-18-23-37-25
1.0,30.912427665896118,121.66012620273217,2019-07-18-23-37-25
1.0,30.912426719106918,121.66062524169513,2019-07-18-23-37-25
1.0,30.912392479894066,121.6785906038994,2019-07-18-23-37-25
1.0,30.912331985179193,121.71853263165622,2019-07-18-23-37-25
1.0,30.951347159775583,121.51202600199065,2019-07-18-23-37-25
1.0,30.951363568363192,121.51779581598787,2019-07-18-23-37-25
1.0,30.95141643693317,121.44631001868399,2019-07-18-23-37-25
1.0,30.951431178037705,121.45307758452245,2019-07-18-23-37-25
1.0,30.951431752969466,121.45332826960208,2019-07-18-23-37-25
1.0,30.951432908770435,121.45382964684043,2019-07-18-23-37-25
1.0,30.95143642299857,121.45533383440686,2019-07-18-23-37-25
1.0,30.951442431539295,121.45784099453327,2019-07-18-23-37-25
1.0,30.951507734927407,121.4819188987093,2019-07-18-23-37-25
1.0,30.951672107851017,121.44906693185068,2019-07-18-23-37-25
1.0,30.951682760488954,121.45382962546759,2019-07-18-23-37-25
1.0,30.951689857582373,121.45683808254388,2019-07-18-23-37-25
1.0,30.95169228325654,121.45784097318892,2019-07-18-23-37-25
1.0,30.951936126433306,121.455333791682,2019-07-18-23-37-25
1.0,30.95215753182057,121.44204987075001,2019-07-18-23-37-25
1.0,30.952180733189966,121.45307752038782,2019-07-18-23-37-25
1.0,30.9521859781487,121.45533377031929,2019-07-18-23-37-25
1.0,30.95219016468404,121.45708875922148,2019-07-18-23-37-25
1.0,30.952311818822558,121.50023412161606,2019-07-18-23-37-25
1.0,30.952428872096256,121.45232545803674,2019-07-18-23-37-25
1.0,30.95243821094122,121.45633658635727,2019-07-18-23-37-25
1.0,30.89309069094906,121.7212820907759,2019-07-18-23-37-25
1.0,30.89333441116898,121.72927755175141,2019-07-18-23-37-25
1.0,30.89333380361619,121.73027717455454,2019-07-18-23-37-25
1.0,30.893332827688248,121.73202661729925,2019-07-18-23-37-25
1.0,30.893332320263795,121.7330263580559,2019-07-18-23-37-25
1.0,30.89333057624166,121.73727574203238,2019-07-18-23-37-25
1.0,30.893330121669877,121.738775714096,2019-07-18-23-37-25
1.0,30.8935833668774,121.73077698104365,2019-07-18-23-37-25
1.0,30.893583225178087,121.73102689874857,2019-07-18-23-37-25
1.0,30.89383351054003,121.73027713275664,2019-07-18-23-37-25
1.0,30.89383280206026,121.73152672129946,2019-07-18-23-37-25
1.0,30.89383202718651,121.7330263162523,2019-07-18-23-37-25
1.0,30.893830201536968,121.73752568866594,2019-07-18-23-37-25
1.0,30.893830122254336,121.73777567986625,2019-07-18-23-37-25
1.0,30.89382989848275,121.73852567003435,2019-07-18-23-37-25
1.0,30.918981265106563,121.62493317160676,2019-07-18-23-37-25
1.0,30.918977148801726,121.62817919097913,2019-07-18-23-37-25
1.0,30.91895281133462,121.64415500934817,2019-07-18-23-37-25
1.0,30.91894938047817,121.64615155184698,2019-07-18-23-37-25
1.0,30.918932272079005,121.65563423474183,2019-07-18-23-37-25
1.0,30.919248615639237,121.60469872111872,2019-07-18-23-37-25
1.0,30.919242904900088,121.61344409244981,2019-07-18-23-37-25
1.0,30.919230505102153,121.62543256238999,2019-07-18-23-37-25
1.0,30.919217114992463,121.63516944601396,2019-07-18-23-37-25
1.0,30.919206435804888,121.64190878113715,2019-07-18-23-37-25
1.0,30.919181659728547,121.65588374270581,2019-07-18-23-37-25
2.0,30.919456288119022,121.64190876058953,2019-07-18-23-37-25
1.0,30.919431512040482,121.65588372208941,2019-07-18-23-37-25
1.0,30.919431046790297,121.6561332500489,2019-07-18-23-37-25
1.0,30.91974459535429,121.57643841787265,2019-07-18-23-37-25
1.0,30.919748075833056,121.60519850879092,2019-07-18-23-37-25
1.0,30.91973460870594,121.62168671813384,2019-07-18-23-37-25
1.0,30.91971794071058,121.63442051653524,2019-07-18-23-37-25
1.0,30.91971681961441,121.63516940497752,2019-07-18-23-37-25
1.0,30.919698068993046,121.64665061388689,2019-07-18-23-37-25
1.0,30.919697196470445,121.64714973309651,2019-07-18-23-37-25
1.0,30.919995364779236,121.57768970770235,2019-07-18-23-37-25
1.0,30.912327840574193,121.72302926999159,2019-07-18-23-37-25
1.0,30.91232763033651,121.72327910686442,2019-07-18-23-37-25
1.0,30.912327422241585,121.72352894626583,2019-07-18-23-37-25
1.0,30.912674674043767,121.6616232949218,2019-07-18-23-37-25
1.0,30.9125799122041,121.72053101811184,2019-07-18-23-37-25
1.0,30.91292737101074,121.66012616146502,2019-07-18-23-37-25
1.0,30.912926424221386,121.66062520042273,2019-07-18-23-37-25
1.0,30.912924526595845,121.66162327428023,2019-07-18-23-37-25
1.0,30.912918808456876,121.66461747161947,2019-07-18-23-37-25
1.0,30.913453921857915,121.64540330984144,2019-07-18-23-37-25
1.0,30.91370548549966,121.64440501315553,2019-07-18-23-37-25
1.0,30.913704203815403,121.64515372208535,2019-07-18-23-37-25
1.0,30.91370291228081,121.64590242008511,2019-07-18-23-37-25
1.0,30.91369180900407,121.6521411943007,2019-07-18-23-37-25
1.0,30.91367550789943,121.66087465745895,2019-07-18-23-37-25
1.0,30.913955762999837,121.64415542046662,2019-07-18-23-37-25
1.0,30.91395405633056,121.64515370152667,2019-07-18-23-37-25
1.0,30.913927726430103,121.65962703847634,2019-07-18-23-37-25
1.0,30.913927253966786,121.65987655889766,2019-07-18-23-37-25
1.0,30.91382826187274,121.72153017612432,2019-07-18-23-37-25
1.0,30.91417710646992,121.65987653826437,2019-07-18-23-37-25
1.0,30.914176160408132,121.66037557794714,2019-07-18-23-37-25
1.0,30.952440016397635,121.45708873787109,2019-07-18-23-37-25
1.0,30.9524406219066,121.45733945945095,2019-07-18-23-37-25
1.0,30.95267479834216,121.45057075906644,2019-07-18-23-37-25
1.0,30.952689868110046,121.4570887165205,2019-07-18-23-37-25
1.0,30.952757726497378,121.48216966883422,2019-07-18-23-37-25
1.0,30.952908531568994,121.44280152841971,2019-07-18-23-37-25
1.0,30.952928575522957,121.45232541526869,2019-07-18-23-37-25
1.0,30.95293144017588,121.4535788287946,2019-07-18-23-37-25
1.0,30.953161335237294,121.44430502553085,2019-07-18-23-37-25
1.0,30.953172850471216,121.44981874855675,2019-07-18-23-37-25
1.0,30.95326553612042,121.48492931502231,2019-07-18-23-37-25
1.0,30.953333550830063,121.50776086966245,2019-07-18-23-37-25
1.0,30.95333722612429,121.50901529438234,2019-07-18-23-37-25
1.0,30.95335673444886,121.51578882302834,2019-07-18-23-37-25
1.0,30.953407751123397,121.44255090874425,2019-07-18-23-37-25
1.0,30.95340872120293,121.44305206508727,2019-07-18-23-37-25
1.0,30.95341118695045,121.4443050040954,2019-07-18-23-37-25
1.0,30.953431722483828,121.45382947585219,2019-07-18-23-37-25
1.0,30.953659061445645,121.44330262596165,2019-07-18-23-37-25
1.0,30.953665102376775,121.44630982587903,2019-07-18-23-37-25
1.0,30.893829828590164,121.73877567228605,2019-07-18-23-37-25
1.0,30.893829761049325,121.73902567730542,2019-07-18-23-37-25
1.0,30.893829514434085,121.74002572509397,2019-07-18-23-37-25
1.0,30.89408794933441,121.72378031363182,2019-07-18-23-37-25
1.0,30.894083663244263,121.7297772951397,2019-07-18-23-37-25
1.0,30.894083073772897,121.7307769392442,2019-07-18-23-37-25
1.0,30.89408225775679,121.73227648573464,2019-07-18-23-37-25
1.0,30.894080395517385,121.73652573051527,2019-07-18-23-37-25
1.0,30.89407968202922,121.73877565138079,2019-07-18-23-37-25
1.0,30.894082374214108,121.76003599720762,2019-07-18-23-37-25
1.0,30.89408580116622,121.76554188505604,2019-07-18-23-37-25
1.0,30.8943335166712,121.72977727424087,2019-07-18-23-37-25
1.0,30.8943319831786,121.7325263986689,2019-07-18-23-37-25
1.0,30.894331734053047,121.73302627444795,2019-07-18-23-37-25
1.0,30.894329677589777,121.73827562873797,2019-07-18-23-37-25
1.0,30.894329402725706,121.7392756432833,2019-07-18-23-37-25
1.0,30.894581587465378,121.73302625354549,2019-07-18-23-37-25
1.0,30.894579074708513,121.74002566237706,2019-07-18-23-37-25
1.0,30.89457901894873,121.74027568126002,2019-07-18-23-37-25
1.0,30.894832352886475,121.7312767146299,2019-07-18-23-37-25
1.0,30.894830433947483,121.73527580806791,2019-07-18-23-37-25
1.0,30.894829867109227,121.73677564798307,2019-07-18-23-37-25
1.0,30.89482904670096,121.73952561203141,2019-07-18-23-37-25
1.0,30.919998328805686,121.58269414707891,2019-07-18-23-37-25
1.0,30.919968899941455,121.63367159165803,2019-07-18-23-37-25
1.0,30.91996629511582,121.6354190104576,2019-07-18-23-37-25
1.0,30.919961261336567,121.6386639964596,2019-07-18-23-37-25
1.0,30.919947921289403,121.64665059331652,2019-07-18-23-37-25
1.0,30.919947485534312,121.64690015347993,2019-07-18-23-37-25
1.0,30.92024388177379,121.61144536658794,2019-07-18-23-37-25
1.0,30.920234590351523,121.62143693863064,2019-07-18-23-37-25
1.0,30.92022866654161,121.6264312768486,2019-07-18-23-37-25
1.0,30.92021614740558,121.63541898993786,2019-07-18-23-37-25
1.0,30.920209917749485,121.63941278047703,2019-07-18-23-37-25
1.0,30.92020911369683,121.63991197589989,2019-07-18-23-37-25
1.0,30.920497632719183,121.60519844748542,2019-07-18-23-37-25
1.0,30.920493919342256,121.61119550351839,2019-07-18-23-37-25
1.0,30.920493546388727,121.61169518605608,2019-07-18-23-37-25
1.0,30.920490224636577,121.61569226258464,2019-07-18-23-37-25
1.0,30.92048499050252,121.62093743397295,2019-07-18-23-37-25
1.0,30.92047945753315,121.62568216232594,2019-07-18-23-37-25
1.0,30.92046712544122,121.63467008621899,2019-07-18-23-37-25
1.0,30.920466751738836,121.63491971569255,2019-07-18-23-37-25
1.0,30.920466376483873,121.63516934342144,2019-07-18-23-37-25
1.0,30.920464092948013,121.63666707384841,2019-07-18-23-37-25
1.0,30.920462931088938,121.63741591651389,2019-07-18-23-37-25
1.0,30.914175686834362,121.66062509723842,2019-07-18-23-37-25
1.0,30.914152300366993,121.67285139643647,2019-07-18-23-37-25
1.0,30.91411816555975,121.69156728312397,2019-07-18-23-37-25
1.0,30.914428375156824,121.65912795514622,2019-07-18-23-37-25
1.0,30.914424116582865,121.66137363244195,2019-07-18-23-37-25
1.0,30.914320216708195,121.73252472590295,2019-07-18-23-37-25
1.0,30.91460267420325,121.70105249670398,2019-07-18-23-37-25
1.0,30.91488775127491,121.68033713014299,2019-07-18-23-37-25
1.0,30.91482031253655,121.73177489071054,2019-07-18-23-37-25
1.0,30.915202458812953,121.64565273190793,2019-07-18-23-37-25
1.0,30.91506977409421,121.73252466315037,2019-07-18-23-37-25
1.0,30.915447507482988,121.64839786181732,2019-07-18-23-37-25
1.0,30.915333620695677,121.7152852958696,2019-07-18-23-37-25
1.0,30.915702594234276,121.64540312479748,2019-07-18-23-37-25
1.0,30.91568971753356,121.65264010619991,2019-07-18-23-37-25
1.0,30.915658575390452,121.6691085156766,2019-07-18-23-37-25
1.0,30.915583748953868,121.71503551559411,2019-07-18-23-37-25
1.0,30.91557042302229,121.73077514114337,2019-07-18-23-37-25
1.0,30.915955006620848,121.64390568263563,2019-07-18-23-37-25
1.0,30.915949410978158,121.64715004166594,2019-07-18-23-37-25
1.0,30.9159395699712,121.6526400856028,2019-07-18-23-37-25
1.0,30.915891349455087,121.6780912531468,2019-07-18-23-37-25
1.0,30.95367365266394,121.45032001508058,2019-07-18-23-37-25
1.0,30.95377043380779,121.48668548376406,2019-07-18-23-37-25
1.0,30.95391089037393,121.44430496122388,2019-07-18-23-37-25
1.0,30.953919160152694,121.44831481689603,2019-07-18-23-37-25
1.0,30.95393258955526,121.4543308197431,2019-07-18-23-37-25
1.0,30.954069010292894,121.50299385719488,2019-07-18-23-37-25
1.0,30.95407496727435,121.50500101661235,2019-07-18-23-37-25
1.0,30.954119583673464,121.52055484227546,2019-07-18-23-37-25
1.0,30.954122327524,121.52155816712802,2019-07-18-23-37-25
1.0,30.9541602443308,121.44405434651343,2019-07-18-23-37-25
1.0,30.954182441262603,121.45433079837177,2019-07-18-23-37-25
1.0,30.954183026011382,121.45458149517894,2019-07-18-23-37-25
2.0,30.954183612695523,121.45483219429511,2019-07-18-23-37-25
1.0,30.954271625627804,121.4871872217429,2019-07-18-23-37-25
1.0,30.954351862159655,121.51428357211421,2019-07-18-23-37-25
1.0,30.95443287771785,121.45458147380916,2019-07-18-23-37-25
1.0,30.954433464401912,121.45483217292707,2019-07-18-23-37-25
1.0,30.95452073288652,121.4869363102489,2019-07-18-23-37-25
1.0,30.954521477323514,121.48718720063991,2019-07-18-23-37-25
1.0,30.95457541322088,121.50525186756371,2019-07-18-23-37-25
1.0,30.954615133914096,121.51904977193337,2019-07-18-23-37-25
1.0,30.895079237781864,121.73827556602085,2019-07-18-23-37-25
1.0,30.89533308325886,121.72952728627699,2019-07-18-23-37-25
1.0,30.895329942436582,121.73577570192555,2019-07-18-23-37-25
1.0,30.895329662506242,121.73652562599007,2019-07-18-23-37-25
1.0,30.89532948755703,121.73702558910529,2019-07-18-23-37-25
1.0,30.895329321964084,121.73752556323373,2019-07-18-23-37-25
1.0,30.8953290911516,121.73827554511476,2019-07-18-23-37-25
1.0,30.895582632835726,121.73002707676929,2019-07-18-23-37-25
2.0,30.89558233809588,121.73052689881389,2019-07-18-23-37-25
1.0,30.895579096037252,121.7377755335274,2019-07-18-23-37-25
1.0,30.895830054961543,121.73477579972499,2019-07-18-23-37-25
1.0,30.895828399674684,121.73977554173813,2019-07-18-23-37-25
1.0,30.896080956775954,121.73252625235081,2019-07-18-23-37-25
1.0,30.89608083106453,121.73277618888633,2019-07-18-23-37-25
1.0,30.89608046772146,121.73352601473528,2019-07-18-23-37-25
1.0,30.896331335842778,121.73152651228447,2019-07-18-23-37-25
1.0,30.896328166794838,121.73952548659159,2019-07-18-23-37-25
1.0,30.896328106317924,121.73977549992402,2019-07-18-23-37-25
1.0,30.89658017434028,121.73352597292663,2019-07-18-23-37-25
1.0,30.89657802009622,121.73952546568428,2019-07-18-23-37-25
1.0,30.896604949367852,121.785322592552,2019-07-18-23-37-25
1.0,30.896830146442518,121.73327600736259,2019-07-18-23-37-25
1.0,30.89683002762947,121.73352595202202,2019-07-18-23-37-25
1.0,30.92045936867661,121.63966235840277,2019-07-18-23-37-25
1.0,30.920745806311025,121.60819715728717,2019-07-18-23-37-25
1.0,30.920716604011993,121.63491969517452,2019-07-18-23-37-25
1.0,30.92071547363184,121.63566857317329,2019-07-18-23-37-25
1.0,30.920708414216286,121.64016153028558,2019-07-18-23-37-25
1.0,30.920706374425862,121.64140948568028,2019-07-18-23-37-25
1.0,30.920682628561085,121.65488550086971,2019-07-18-23-37-25
1.0,30.92067797371278,121.65738077794721,2019-07-18-23-37-25
1.0,30.920676566841863,121.6581293500316,2019-07-18-23-37-25
1.0,30.92067609693112,121.65837887306014,2019-07-18-23-37-25
1.0,30.920995290423974,121.57844037362997,2019-07-18-23-37-25
1.0,30.920974300566723,121.62942740182721,2019-07-18-23-37-25
1.0,30.92096682997936,121.63467004518479,2019-07-18-23-37-25
1.0,30.92121555648147,121.63541890785709,2019-07-18-23-37-25
1.0,30.921212097691743,121.6376654658894,2019-07-18-23-37-25
1.0,30.92118325690109,121.65438639659082,2019-07-18-23-37-25
1.0,30.921493750400664,121.57668854315621,2019-07-18-23-37-25
1.0,30.921497676856077,121.58319439777148,2019-07-18-23-37-25
1.0,30.921497286224696,121.60469853720576,2019-07-18-23-37-25
1.0,30.92148650658902,121.61893931973876,2019-07-18-23-37-25
1.0,30.921433109146513,121.65438637598064,2019-07-18-23-37-25
1.0,30.921747642066304,121.58344455918913,2019-07-18-23-37-25
1.0,30.921747964044418,121.58419508552768,2019-07-18-23-37-25
1.0,30.91645428762666,121.64415521491675,2019-07-18-23-37-25
1.0,30.91644335110383,121.65039417266324,2019-07-18-23-37-25
1.0,30.916442450875934,121.65089326140438,2019-07-18-23-37-25
1.0,30.916641843355244,121.67759213302111,2019-07-18-23-37-25
1.0,30.916943952759258,121.64989503904647,2019-07-18-23-37-25
1.0,30.91691597019881,121.6648666563842,2019-07-18-23-37-25
1.0,30.91689169575221,121.67759211229217,2019-07-18-23-37-25
1.0,30.916891227176418,121.6778416409435,2019-07-18-23-37-25
1.0,30.916887033780093,121.68008742866691,2019-07-18-23-37-25
1.0,30.91720041397883,121.64615169581354,2019-07-18-23-37-25
1.0,30.917454121061592,121.64390555930602,2019-07-18-23-37-25
1.0,30.917451561112365,121.64540298086392,2019-07-18-23-37-25
1.0,30.917342530758987,121.7070442397345,2019-07-18-23-37-25
1.0,30.917703973436666,121.64390553875043,2019-07-18-23-37-25
1.0,30.917694848620336,121.64914633144387,2019-07-18-23-37-25
1.0,30.917694403272996,121.64939588103805,2019-07-18-23-37-25
1.0,30.91760549385903,121.6980566541452,2019-07-18-23-37-25
1.0,30.917952976972668,121.64440466369278,2019-07-18-23-37-25
1.0,30.91795255085778,121.64465423455287,2019-07-18-23-37-25
1.0,30.917949537408553,121.64640119656791,2019-07-18-23-37-25
1.0,30.918186869025917,121.65338850918096,2019-07-18-23-37-25
1.0,30.918186410116824,121.65363804396397,2019-07-18-23-37-25
1.0,30.954659947749494,121.44405430363777,2019-07-18-23-37-25
1.0,30.95466554754561,121.44681097762503,2019-07-18-23-37-25
1.0,30.95467250906222,121.45006927356708,2019-07-18-23-37-25
1.0,30.954769840593002,121.48668539933448,2019-07-18-23-37-25
1.0,30.954775057476642,121.48844163974336,2019-07-18-23-37-25
1.0,30.95482823004886,121.50625541266287,2019-07-18-23-37-25
1.0,30.954864985598277,121.519049751115,2019-07-18-23-37-25
1.0,30.954908319995635,121.44330251875103,2019-07-18-23-37-25
1.0,30.95490930399907,121.44380369164631,2019-07-18-23-37-25
1.0,30.954909799457788,121.44405428219964,2019-07-18-23-37-25
1.0,30.95492967692811,121.45332797031597,2019-07-18-23-37-25
1.0,30.954930253841017,121.45357865778303,2019-07-18-23-37-25
1.0,30.954940966442045,121.45809142381364,2019-07-18-23-37-25
1.0,30.955021180712766,121.48718715843336,2019-07-18-23-37-25
1.0,30.955021925585037,121.48743804939818,2019-07-18-23-37-25
1.0,30.955022670879856,121.48768894091738,2019-07-18-23-37-25
1.0,30.95502715079891,121.48919430083464,2019-07-18-23-37-25
1.0,30.95502939541548,121.4899469870619,2019-07-18-23-37-25
1.0,30.955073630978355,121.50475003950592,2019-07-18-23-37-25
1.0,30.89682968503306,121.73427580230181,2019-07-18-23-37-25
1.0,30.89682946819823,121.73477571610393,2019-07-18-23-37-25
1.0,30.896828285675436,121.73802542295306,2019-07-18-23-37-25
1.0,30.89707999971836,121.73327598645798,2019-07-18-23-37-25
1.0,30.89707965019767,121.73402582858327,2019-07-18-23-37-25
1.0,30.8970795383087,121.73427578139642,2019-07-18-23-37-25
1.0,30.89707715680913,121.74252576727146,2019-07-18-23-37-25
1.0,30.897096251704557,121.77856038562417,2019-07-18-23-37-25
1.0,30.89709770886158,121.77981252167521,2019-07-18-23-37-25
1.0,30.897101392612186,121.7828178678728,2019-07-18-23-37-25
1.0,30.8973313112195,121.73052675250376,2019-07-18-23-37-25
1.0,30.89733022322323,121.73252614783213,2019-07-18-23-37-25
1.0,30.897329617659828,121.73377585758605,2019-07-18-23-37-25
1.0,30.89732950346001,121.73402580767788,2019-07-18-23-37-25
1.0,30.897346682219005,121.77906121262725,2019-07-18-23-37-25
1.0,30.897582561806498,121.72827761609175,2019-07-18-23-37-25
1.0,30.897581762991685,121.72952709817487,2019-07-18-23-37-25
1.0,30.89758007647258,121.73252612692782,2019-07-18-23-37-25
1.0,30.897579950760846,121.73277606346197,2019-07-18-23-37-25
1.0,30.89757913524436,121.734525695122,2019-07-18-23-37-25
1.0,30.921748065739525,121.58444525456422,2019-07-18-23-37-25
1.0,30.921993923241498,121.60994612679411,2019-07-18-23-37-25
1.0,30.922248649605546,121.5999495186952,2019-07-18-23-37-25
1.0,30.922243775470463,121.6099461063505,2019-07-18-23-37-25
1.0,30.922168113845288,121.66212154544064,2019-07-18-23-37-25
1.0,30.92249914985145,121.58994810402967,2019-07-18-23-37-25
1.0,30.92249876142427,121.59894958047033,2019-07-18-23-37-25
1.0,30.92274670365894,121.58269392222243,2019-07-18-23-37-25
1.0,30.922743985033787,121.60919648000231,2019-07-18-23-37-25
1.0,30.922742216592223,121.61169500203795,2019-07-18-23-37-25
1.0,30.922993766837468,121.57793971473473,2019-07-18-23-37-25
1.0,30.922993938999884,121.57818996398365,2019-07-18-23-37-25
1.0,30.922996790241914,121.58319427512362,2019-07-18-23-37-25
1.0,30.922997705520004,121.58544579649755,2019-07-18-23-37-25
1.0,30.922911947269977,121.66511567561777,2019-07-18-23-37-25
1.0,30.92324664244538,121.58319425468166,2019-07-18-23-37-25
1.0,30.923248529454025,121.58894762809646,2019-07-18-23-37-25
1.0,30.923246007339277,121.60519822268431,2019-07-18-23-37-25
1.0,30.923243355120967,121.60969616552283,2019-07-18-23-37-25
1.0,30.923230543383045,121.62343453643503,2019-07-18-23-37-25
1.0,30.923213995916875,121.63566836795158,2019-07-18-23-37-25
1.0,30.918435802865716,121.65388755739646,2019-07-18-23-37-25
1.0,30.918700822897932,121.64540287804861,2019-07-18-23-37-25
1.0,30.918699960794335,121.64590200880416,2019-07-18-23-37-25
1.0,30.918684733989522,121.65438660268224,2019-07-18-23-37-25
1.0,30.91895281133462,121.64415500934817,2019-07-18-23-37-25
1.0,30.91894938047817,121.64615155184698,2019-07-18-23-37-25
1.0,30.918932272079005,121.65563423474183,2019-07-18-23-37-25
1.0,30.918912876763727,121.66586455137326,2019-07-18-23-37-25
1.0,30.919181659728547,121.65588374270581,2019-07-18-23-37-25
1.0,30.919144131997854,121.67559571753092,2019-07-18-23-37-25
1.0,30.91906754009381,121.73227439462853,2019-07-18-23-37-25
1.0,30.919431512040482,121.65588372208941,2019-07-18-23-37-25
1.0,30.919431046790297,121.6561332500489,2019-07-18-23-37-25
1.0,30.919410667709972,121.66686256955235,2019-07-18-23-37-25
1.0,30.919386950050473,121.67933861911041,2019-07-18-23-37-25
1.0,30.919698068993046,121.64665061388689,2019-07-18-23-37-25
1.0,30.919697196470445,121.64714973309651,2019-07-18-23-37-25
1.0,30.919634484021195,121.68058627230474,2019-07-18-23-37-25
1.0,30.91963402218803,121.6808358093681,2019-07-18-23-37-25
1.0,30.919573560718057,121.72302866375767,2019-07-18-23-37-25
1.0,30.919947921289403,121.64665059331652,2019-07-18-23-37-25
1.0,30.95507511659784,121.50525182568451,2019-07-18-23-37-25
1.0,30.95507808173666,121.5062553917322,2019-07-18-23-37-25
1.0,30.955079561050855,121.50675717136325,2019-07-18-23-37-25
1.0,30.95518010554575,121.45357863640568,2019-07-18-23-37-25
1.0,30.95524677251482,121.4789081436773,2019-07-18-23-37-25
1.0,30.955274760863734,121.48844159755897,2019-07-18-23-37-25
1.0,30.95527775038259,121.48944517473122,2019-07-18-23-37-25
1.0,30.95527849859235,121.4896960701476,2019-07-18-23-37-25
1.0,30.955280745006252,121.4904487588519,2019-07-18-23-37-25
1.0,30.95532496828535,121.50525180474463,2019-07-18-23-37-25
1.0,30.9553264519055,121.50575358886427,2019-07-18-23-37-25
1.0,30.9553271929338,121.50600448011306,2019-07-18-23-37-25
1.0,30.95532793342383,121.50625537080133,2019-07-18-23-37-25
1.0,30.955440669848077,121.4580913811229,2019-07-18-23-37-25
1.0,30.95551939567454,121.48668533601025,2019-07-18-23-37-25
1.0,30.955520139662855,121.48693622582599,2019-07-18-23-37-25
2.0,30.95552461255639,121.4884415764665,2019-07-18-23-37-25
1.0,30.95552685418429,121.48919425866346,2019-07-18-23-37-25
1.0,30.897576934641624,121.74202564039498,2019-07-18-23-37-25
1.0,30.89757667188855,121.74752718990038,2019-07-18-23-37-25
1.0,30.897832415043467,121.72827759519222,2019-07-18-23-37-25
1.0,30.89783116394422,121.73027679834581,2019-07-18-23-37-25
2.0,30.89782932414477,121.73377581577509,2019-07-18-23-37-25
1.0,30.897828988480057,121.73452567421586,2019-07-18-23-37-25
1.0,30.897870440465816,121.79634529534441,2019-07-18-23-37-25
1.0,30.898085808486112,121.72353013741528,2019-07-18-23-37-25
1.0,30.898085602541766,121.72377997937821,2019-07-18-23-37-25
1.0,30.898082603456494,121.7277777999212,2019-07-18-23-37-25
1.0,30.89808146945194,121.72952705637229,2019-07-18-23-37-25
1.0,30.898077551916696,121.73802531841437,2019-07-18-23-37-25
1.0,30.89834308430271,121.71578624147348,2019-07-18-23-37-25
1.0,30.898334458422028,121.72502920650778,2019-07-18-23-37-25
1.0,30.898331169642965,121.72977693983363,2019-07-18-23-37-25
1.0,30.898329510429505,121.73277600074721,2019-07-18-23-37-25
1.0,30.898329030576956,121.73377577396336,2019-07-18-23-37-25
1.0,30.898327642974234,121.7372753239078,2019-07-18-23-37-25
1.0,30.89832712085423,121.73902530098054,2019-07-18-23-37-25
1.0,30.898375445335674,121.79960258863883,2019-07-18-23-37-25
1.0,30.89837586109837,121.7998531625491,2019-07-18-23-37-25
1.0,30.923495210011872,121.58069223914381,2019-07-18-23-37-25
1.0,30.923493207310873,121.60969614507873,2019-07-18-23-37-25
1.0,30.923743995173478,121.5789406311394,2019-07-18-23-37-25
1.0,30.923748544250362,121.59594943261297,2019-07-18-23-37-25
1.0,30.923720267297675,121.6311748170295,2019-07-18-23-37-25
1.0,30.92371741338546,121.63317200539724,2019-07-18-23-37-25
1.0,30.923996735639548,121.58444507060584,2019-07-18-23-37-25
1.0,30.923995687383922,121.60494824855446,2019-07-18-23-37-25
1.0,30.92397184797225,121.62992649161765,2019-07-18-23-37-25
1.0,30.923970816066095,121.63067548041883,2019-07-18-23-37-25
1.0,30.92396976860169,121.63142445168293,2019-07-18-23-37-25
1.0,30.923969416036712,121.63167410492848,2019-07-18-23-37-25
1.0,30.923967628095294,121.63292234286958,2019-07-18-23-37-25
1.0,30.923918504692118,121.66137284793012,2019-07-18-23-37-25
1.0,30.924248363445052,121.59444920270714,2019-07-18-23-37-25
1.0,30.924245660498116,121.60469831240282,2019-07-18-23-37-25
1.0,30.92421997163148,121.63117477601828,2019-07-18-23-37-25
1.0,30.924216753552827,121.63342160455372,2019-07-18-23-37-25
1.0,30.919947485534312,121.64690015347993,2019-07-18-23-37-25
1.0,30.919902719542094,121.67085477683806,2019-07-18-23-37-25
1.0,30.91982706390876,121.71903159203896,2019-07-18-23-37-25
1.0,30.920139776106396,121.67759184279893,2019-07-18-23-37-25
1.0,30.9203986098921,121.67285087882362,2019-07-18-23-37-25
1.0,30.920391507419325,121.6765937135309,2019-07-18-23-37-25
1.0,30.920682628561085,121.65488550086971,2019-07-18-23-37-25
1.0,30.92067797371278,121.65738077794721,2019-07-18-23-37-25
1.0,30.920676566841863,121.6581293500316,2019-07-18-23-37-25
1.0,30.92067609693112,121.65837887306014,2019-07-18-23-37-25
1.0,30.92091025990135,121.66661293065306,2019-07-18-23-37-25
1.0,30.92118325690109,121.65438639659082,2019-07-18-23-37-25
1.0,30.92113684736267,121.6788394094268,2019-07-18-23-37-25
1.0,30.921129921493435,121.68258246715045,2019-07-18-23-37-25
1.0,30.921433109146513,121.65438637598064,2019-07-18-23-37-25
1.0,30.92136558727,121.69056835641895,2019-07-18-23-37-25
1.0,30.921363884020103,121.69156667996756,2019-07-18-23-37-25
1.0,30.9216145856843,121.69106749475387,2019-07-18-23-37-25
1.0,30.955574819972284,121.50525178380455,2019-07-18-23-37-25
1.0,30.955577044620483,121.50600445917976,2019-07-18-23-37-25
1.0,30.95557852504929,121.50650623998543,2019-07-18-23-37-25
1.0,30.955591735194236,121.51102214681636,2019-07-18-23-37-25
1.0,30.955592462247225,121.5112730231961,2019-07-18-23-37-25
1.0,30.95561384425187,121.51879884587015,2019-07-18-23-37-25
1.0,30.955772225958658,121.48768887761962,2019-07-18-23-37-25
1.0,30.955775211104136,121.48869244896736,2019-07-18-23-37-25
1.0,30.95582615527852,121.50575354699295,2019-07-18-23-37-25
1.0,30.955840859034012,121.51077124869093,2019-07-18-23-37-25
1.0,30.955906752089582,121.44280127107825,2019-07-18-23-37-25
1.0,30.955929083744145,121.45332788479853,2019-07-18-23-37-25
1.0,30.955933753761876,121.4553334498547,2019-07-18-23-37-25
1.0,30.956018355532635,121.4864344045721,2019-07-18-23-37-25
1.0,30.956019843047706,121.48693618361337,2019-07-18-23-37-25
1.0,30.956023569455567,121.48819064117956,2019-07-18-23-37-25
1.0,30.95615709000054,121.44305182920354,2019-07-18-23-37-25
1.0,30.95619330654983,121.45934498975078,2019-07-18-23-37-25
1.0,30.956194551495372,121.45984647354193,2019-07-18-23-37-25
1.0,30.95627640925862,121.48919419540522,2019-07-18-23-37-25
1.0,30.956332507449467,121.50801150501574,2019-07-18-23-37-25
1.0,30.898592399599885,121.71628575571101,2019-07-18-23-37-25
1.0,30.89858300691712,121.72677824082568,2019-07-18-23-37-25
1.0,30.89858029166488,121.73102648071404,2019-07-18-23-37-25
1.0,30.898580015090396,121.73152632415461,2019-07-18-23-37-25
1.0,30.898579000281536,121.73352580568437,2019-07-18-23-37-25
1.0,30.898577258320874,121.73802527659755,2019-07-18-23-37-25
1.0,30.898577111485032,121.73852527280285,2019-07-18-23-37-25
1.0,30.898576908861024,121.73927528785971,2019-07-18-23-37-25
1.0,30.898843336459233,121.71528667391554,2019-07-18-23-37-25
1.0,30.89883378107856,121.72552888185979,2019-07-18-23-37-25
1.0,30.898832333984704,121.727527853976,2019-07-18-23-37-25
1.0,30.89883028654925,121.73077654211124,2019-07-18-23-37-25
1.0,30.898830144848866,121.7310264598103,2019-07-18-23-37-25
1.0,30.898829733406725,121.73177622899895,2019-07-18-23-37-25
1.0,30.898829600823344,121.73202615743823,2019-07-18-23-37-25
1.0,30.89882862275669,121.73402568224151,2019-07-18-23-37-25
1.0,30.898826964667446,121.738525251894,2019-07-18-23-37-25
1.0,30.898826762043278,121.73927526695073,2019-07-18-23-37-25
1.0,30.898829329408134,121.7595351286792,2019-07-18-23-37-25
1.0,30.898850048273882,121.78256726509876,2019-07-18-23-37-25
1.0,30.92449387065813,121.57944103942484,2019-07-18-23-37-25
1.0,30.92449821560787,121.59444918227439,2019-07-18-23-37-25
1.0,30.92449551265873,121.60469829196506,2019-07-18-23-37-25
1.0,30.924494882493185,121.60594784162147,2019-07-18-23-37-25
1.0,30.924492615994453,121.60969606330045,2019-07-18-23-37-25
1.0,30.924479215545986,121.62393387199853,2019-07-18-23-37-25
1.0,30.92447831761377,121.62468301209427,2019-07-18-23-37-25
1.0,30.924437723741985,121.65089260246776,2019-07-18-23-37-25
1.0,30.924742198729994,121.57718880457543,2019-07-18-23-37-25
1.0,30.92474356474532,121.57919078575937,2019-07-18-23-37-25
1.0,30.92474475036383,121.5811925616099,2019-07-18-23-37-25
1.0,30.924747293261373,121.58744678824773,2019-07-18-23-37-25
1.0,30.924727866519266,121.62493270052822,2019-07-18-23-37-25
1.0,30.924726945117737,121.62568181408544,2019-07-18-23-37-25
1.0,30.924725371108753,121.62693029335136,2019-07-18-23-37-25
1.0,30.924721062216474,121.63017609501308,2019-07-18-23-37-25
1.0,30.924720372533308,121.63067541890689,2019-07-18-23-37-25
1.0,30.924719675935307,121.63117473500631,2019-07-18-23-37-25
1.0,30.924717545464357,121.63267263747801,2019-07-18-23-37-25
1.0,30.924716457855887,121.63342156352407,2019-07-18-23-37-25
1.0,30.924715355705466,121.63417047320901,2019-07-18-23-37-25
1.0,30.921614160414585,121.6913170762938,2019-07-18-23-37-25
1.0,30.92186401263819,121.69131705549341,2019-07-18-23-37-25
1.0,30.92185495520363,121.69680820781419,2019-07-18-23-37-25
1.0,30.922168113845288,121.66212154544064,2019-07-18-23-37-25
1.0,30.92211091954741,121.69306414344823,2019-07-18-23-37-25
1.0,30.922380097572336,121.6820832785027,2019-07-18-23-37-25
1.0,30.922611041255117,121.69281451071213,2019-07-18-23-37-25
1.0,30.922572431105312,121.72227891741066,2019-07-18-23-37-25
1.0,30.922911947269977,121.66511567561777,2019-07-18-23-37-25
1.0,30.92288908927814,121.67709255932705,2019-07-18-23-37-25
1.0,30.922879344136266,121.68233277898052,2019-07-18-23-37-25
1.0,30.922864273089335,121.6908178105418,2019-07-18-23-37-25
1.0,30.923089132997966,121.70704375987002,2019-07-18-23-37-25
1.0,30.92331529094452,121.73177417942566,2019-07-18-23-37-25
1.0,30.923918504692118,121.66137284793012,2019-07-18-23-37-25
1.0,30.92388289739762,121.6800868478208,2019-07-18-23-37-25
1.0,30.924155945769808,121.66786023627161,2019-07-18-23-37-25
1.0,30.924153553295206,121.6691078123294,2019-07-18-23-37-25
1.0,30.924153074972555,121.6693573278965,2019-07-18-23-37-25
1.0,30.924115250148525,121.6898193986675,2019-07-18-23-37-25
1.0,30.95633324317304,121.50826239069505,2019-07-18-23-37-25
1.0,30.956340562401795,121.5107712069084,2019-07-18-23-37-25
1.0,30.95634129024632,121.51102208414953,2019-07-18-23-37-25
1.0,30.956443158250433,121.45934496841376,2019-07-18-23-37-25
1.0,30.956526260949296,121.48919417431875,2019-07-18-23-37-25
1.0,30.956527008839572,121.48944506931215,2019-07-18-23-37-25
1.0,30.95653000346153,121.4904486534782,2019-07-18-23-37-25
1.0,30.95653525383404,121.49220493958872,2019-07-18-23-37-25
1.0,30.956579409963396,121.50700793473105,2019-07-18-23-37-25
1.0,30.95658235913374,121.50801148409965,2019-07-18-23-37-25
1.0,30.956659759194025,121.44455532142229,2019-07-18-23-37-25
1.0,30.956665408354077,121.44731205421702,2019-07-18-23-37-25
1.0,30.956766424989294,121.48593256464007,2019-07-18-23-37-25
1.0,30.95677611263968,121.48919415323209,2019-07-18-23-37-25
1.0,30.956784354837907,121.49195401958525,2019-07-18-23-37-25
1.0,30.95678735858419,121.49295761691138,2019-07-18-23-37-25
3.0,30.898868659968887,121.79559355460755,2019-07-18-23-37-25
1.0,30.89886905643849,121.79584410568464,2019-07-18-23-37-25
1.0,30.898869454190596,121.79609465827832,2019-07-18-23-37-25
1.0,30.898869853215132,121.79634521237686,2019-07-18-23-37-25
1.0,30.898871867069428,121.797598005029,2019-07-18-23-37-25
1.0,30.89887227351517,121.79784856790809,2019-07-18-23-37-25
1.0,30.89909430455842,121.71428762908282,2019-07-18-23-37-25
1.0,30.899085015309613,121.72377989580716,2019-07-18-23-37-25
1.0,30.899083075069296,121.72627845602632,2019-07-18-23-37-25
1.0,30.899080139720304,121.73077652120759,2019-07-18-23-37-25
1.0,30.89907919569247,121.73252600149796,2019-07-18-23-37-25
1.0,30.899079069980427,121.73277593803071,2019-07-18-23-37-25
1.0,30.899078475927077,121.73402566133477,2019-07-18-23-37-25
1.0,30.89907681783688,121.73852523098498,2019-07-18-23-37-25
1.0,30.899075792042293,121.7445260517998,2019-07-18-23-37-25
1.0,30.89911890959339,121.79584408493953,2019-07-18-23-37-25
1.0,30.89912542059859,121.79985310038148,2019-07-18-23-37-25
1.0,30.899337023948743,121.72128156862858,2019-07-18-23-37-25
1.0,30.899331869379942,121.72777769542336,2019-07-18-23-37-25
1.0,30.899330431591153,121.73002676324498,2019-07-18-23-37-25
1.0,30.89932943973551,121.73177618718931,2019-07-18-23-37-25
1.0,30.899328799722632,121.73302585636229,2019-07-18-23-37-25
1.0,30.899348505022118,121.78156541588535,2019-07-18-23-37-25
1.0,30.924714239296318,121.63491936686063,2019-07-18-23-37-25
1.0,30.92471386404064,121.63516899457196,2019-07-18-23-37-25
1.0,30.924710028448075,121.63766517844957,2019-07-18-23-37-25
1.0,30.924709636822893,121.63791478778882,2019-07-18-23-37-25
1.0,30.92470924377475,121.63816439553332,2019-07-18-23-37-25
1.0,30.92466186810107,121.66461650050742,2019-07-18-23-37-25
1.0,30.924992756424615,121.57818980036353,2019-07-18-23-37-25
1.0,30.924993416896935,121.57919076530844,2019-07-18-23-37-25
1.0,30.92499432303116,121.58069211645983,2019-07-18-23-37-25
1.0,30.924995373286094,121.58269373823222,2019-07-18-23-37-25
1.0,30.92499714541098,121.58744676781026,2019-07-18-23-37-25
1.0,30.92497771866117,121.6249326800443,2019-07-18-23-37-25
1.0,30.924977413466106,121.62518238675429,2019-07-18-23-37-25
2.0,30.924976797259507,121.62568179359903,2019-07-18-23-37-25
1.0,30.92497648626661,121.62593149375533,2019-07-18-23-37-25
1.0,30.924969877234467,121.63092505741974,2019-07-18-23-37-25
1.0,30.924966674162203,121.63317190282862,2019-07-18-23-37-25
1.0,30.924966309996318,121.63342154300896,2019-07-18-23-37-25
2.0,30.924965576827624,121.63392081792797,2019-07-18-23-37-25
1.0,30.924437723741985,121.65089260246776,2019-07-18-23-37-25
1.0,30.92438213862587,121.68033634182507,2019-07-18-23-37-25
1.0,30.924380292589827,121.68133449158972,2019-07-18-23-37-25
1.0,30.92466186810107,121.66461650050742,2019-07-18-23-37-25
1.0,30.92465708579375,121.66711165018823,2019-07-18-23-37-25
1.0,30.924645146120756,121.67334956579089,2019-07-18-23-37-25
1.0,30.924633381789544,121.67958771681917,2019-07-18-23-37-25
1.0,30.92463245384155,121.68008678557848,2019-07-18-23-37-25
1.0,30.924617997535634,121.6880723662702,2019-07-18-23-37-25
1.0,30.924901196996174,121.67010581347792,2019-07-18-23-37-25
1.0,30.92488184289945,121.68033630032707,2019-07-18-23-37-25
1.0,30.924881380439007,121.68058583658686,2019-07-18-23-37-25
2.0,30.92486828835011,121.68782278015105,2019-07-18-23-37-25
1.0,30.924867849667528,121.6880723454828,2019-07-18-23-37-25
1.0,30.924866539463103,121.68882104855048,2019-07-18-23-37-25
1.0,30.92517249524159,121.65887754627808,2019-07-18-23-37-25
1.0,30.925147707051725,121.6718524114258,2019-07-18-23-37-25
1.0,30.92514723034844,121.67210192943428,2019-07-18-23-37-25
1.0,30.92513541585708,121.67834001585278,2019-07-18-23-37-25
1.0,30.956829999856218,121.507258802117,2019-07-18-23-37-25
1.0,30.956833681611474,121.50851323385722,2019-07-18-23-37-25
1.0,30.95683441601607,121.50876411813879,2019-07-18-23-37-25
1.0,30.95685890012463,121.51729365826878,2019-07-18-23-37-25
1.0,30.956908613106222,121.44405411068746,2019-07-18-23-37-25
1.0,30.956909110858952,121.44430470397813,2019-07-18-23-37-25
1.0,30.956935541641556,121.45633620191916,2019-07-18-23-37-25
1.0,30.956937952601198,121.4573390751428,2019-07-18-23-37-25
1.0,30.956984278787296,121.47489431870213,2019-07-18-23-37-25
1.0,30.9569849874002,121.4751451644765,2019-07-18-23-37-25
1.0,30.957023722703457,121.48844144990755,2019-07-18-23-37-25
1.0,30.95702596432982,121.48919413214524,2019-07-18-23-37-25
1.0,30.95703946456639,121.4937102962548,2019-07-18-23-37-25
1.0,30.95704247160002,121.49471389919943,2019-07-18-23-37-25
1.0,30.957046231321872,121.49596840540117,2019-07-18-23-37-25
1.0,30.957069467644672,121.50374629380282,2019-07-18-23-37-25
2.0,30.957078374533964,121.50675700394699,2019-07-18-23-37-25
1.0,30.957079851540215,121.50725878119378,2019-07-18-23-37-25
1.0,30.957080589146457,121.50750966887256,2019-07-18-23-37-25
1.0,30.957159462603208,121.44455527854859,2019-07-18-23-37-25
1.0,30.957160469512996,121.44505647868111,2019-07-18-23-37-25
1.0,30.89936876273537,121.79584406419424,2019-07-18-23-37-25
1.0,30.899369559511726,121.79634517089195,2019-07-18-23-37-25
1.0,30.8993723874575,121.79809909074339,2019-07-18-23-37-25
1.0,30.899373206312312,121.79860022356726,2019-07-18-23-37-25
1.0,30.89937527373942,121.79985307965858,2019-07-18-23-37-25
1.0,30.89958999231225,121.71803411919534,2019-07-18-23-37-25
1.0,30.899587564941214,121.72053210448574,2019-07-18-23-37-25
1.0,30.899586429024883,121.72178118896286,2019-07-18-23-37-25
1.0,30.899585989398982,121.72228084015342,2019-07-18-23-37-25
1.0,30.89958492756044,121.72353001206041,2019-07-18-23-37-25
1.0,30.899584517823996,121.72402969852037,2019-07-18-23-37-25
1.0,30.899584316189973,121.72427954556576,2019-07-18-23-37-25
1.0,30.899580901313552,121.72902713019778,2019-07-18-23-37-25
1.0,30.899580435499537,121.72977683532132,2019-07-18-23-37-25
1.0,30.899580284736576,121.73002674234182,2019-07-18-23-37-25
1.0,30.899579704323177,121.73102639709795,2019-07-18-23-37-25
1.0,30.899579427748282,121.73152624053637,2019-07-18-23-37-25
1.0,30.924963716180777,121.63516897404972,2019-07-18-23-37-25
1.0,30.924963339383126,121.63541860002753,2019-07-18-23-37-25
1.0,30.925247062749943,121.58769687486836,2019-07-18-23-37-25
1.0,30.925247682549767,121.59119832635,2019-07-18-23-37-25
1.0,30.925227265600633,121.62518236626937,2019-07-18-23-37-25
2.0,30.92522664939394,121.62568177311242,2019-07-18-23-37-25
1.0,30.92522007680777,121.63067537789799,2019-07-18-23-37-25
1.0,30.92521867677753,121.63167400238845,2019-07-18-23-37-25
1.0,30.925218322524227,121.63192365372751,2019-07-18-23-37-25
1.0,30.92521652629534,121.63317188231433,2019-07-18-23-37-25
1.0,30.925215059978736,121.63417043217257,2019-07-18-23-37-25
1.0,30.92521281318693,121.63566820376076,2019-07-18-23-37-25
1.0,30.92520494173123,121.64066034698617,2019-07-18-23-37-25
1.0,30.92517249524159,121.65887754627808,2019-07-18-23-37-25
1.0,30.925491196458964,121.5764379473905,2019-07-18-23-37-25
1.0,30.925492630051234,121.5784400055051,2019-07-18-23-37-25
1.0,30.925494704869074,121.58194311324984,2019-07-18-23-37-25
1.0,30.92549733587726,121.58969775990958,2019-07-18-23-37-25
1.0,30.92547772616701,121.62468293016154,2019-07-18-23-37-25
1.0,30.92547742292304,121.62493263907592,2019-07-18-23-37-25
1.0,30.925476810590812,121.62543205029723,2019-07-18-23-37-25
1.0,30.92547650152111,121.62568175262564,2019-07-18-23-37-25
1.0,30.925134016315397,121.67908860946521,2019-07-18-23-37-25
1.0,30.92513262177887,121.67983720933739,2019-07-18-23-37-25
1.0,30.92513077073072,121.68083535287174,2019-07-18-23-37-25
1.0,30.925116391587544,121.68882102775932,2019-07-18-23-37-25
1.0,30.925422347363355,121.65887752564156,2019-07-18-23-37-25
1.0,30.925419513855967,121.66037464913579,2019-07-18-23-37-25
1.0,30.92538154714371,121.6803362588283,2019-07-18-23-37-25
1.0,30.925379701107055,121.68133440857267,2019-07-18-23-37-25
1.0,30.925378782010462,121.68183348829476,2019-07-18-23-37-25
2.0,30.925377865652052,121.68233257139319,2019-07-18-23-37-25
1.0,30.925374229442294,121.68432893968125,2019-07-18-23-37-25
1.0,30.92537377839256,121.68457848997377,2019-07-18-23-37-25
1.0,30.92563372054555,121.67908856797885,2019-07-18-23-37-25
1.0,30.925631399254986,121.68033623807864,2019-07-18-23-37-25
1.0,30.925628634121505,121.68183346753749,2019-07-18-23-37-25
1.0,30.925625439451622,121.68358027384494,2019-07-18-23-37-25
1.0,30.925622730846356,121.68507757276768,2019-07-18-23-37-25
1.0,30.925884505141383,121.67858948416199,2019-07-18-23-37-25
1.0,30.925879405322128,121.681334367063,2019-07-18-23-37-25
1.0,30.925875291555226,121.68358025307872,2019-07-18-23-37-25
1.0,30.92587483814211,121.68382980047828,2019-07-18-23-37-25
1.0,30.92587258294973,121.68507755199406,2019-07-18-23-37-25
1.0,30.95723271642044,121.47439260979915,2019-07-18-23-37-25
1.0,30.9572334229199,121.47464345299561,2019-07-18-23-37-25
1.0,30.95723413048209,121.47489429748909,2019-07-18-23-37-25
1.0,30.957272827909453,121.48819053570101,2019-07-18-23-37-25
1.0,30.95729533105219,121.49571748298962,2019-07-18-23-37-25
1.0,30.9573208086373,121.50424806283588,2019-07-18-23-37-25
1.0,30.957329703224033,121.50725876027039,2019-07-18-23-37-25
1.0,30.95743464694883,121.45608544643935,2019-07-18-23-37-25
1.0,30.957437050494764,121.45708831082182,2019-07-18-23-37-25
1.0,30.957437656002135,121.45733903243794,2019-07-18-23-37-25
1.0,30.95748045511413,121.47364006690812,2019-07-18-23-37-25
1.0,30.957481862690695,121.47414174669413,2019-07-18-23-37-25
1.0,30.95751895319433,121.48693605697085,2019-07-18-23-37-25
1.0,30.957521933499297,121.48793962199917,2019-07-18-23-37-25
1.0,30.957533909905035,121.49195395639902,2019-07-18-23-37-25
1.0,30.95753466059027,121.49220485534991,2019-07-18-23-37-25
1.0,30.957535411451573,121.49245575456919,2019-07-18-23-37-25
1.0,30.957536162475925,121.49270665404177,2019-07-18-23-37-25
1.0,30.899579292880578,121.7317761662842,2019-07-18-23-37-25
1.0,30.8995757965319,121.75027830378352,2019-07-18-23-37-25
1.0,30.899622240585966,121.79809907001038,2019-07-18-23-37-25
1.0,30.899622649423154,121.79834963572495,2019-07-18-23-37-25
1.0,30.89984113542103,121.71678519579734,2019-07-18-23-37-25
1.0,30.899833969852327,121.7245293742673,2019-07-18-23-37-25
1.0,30.899832452507805,121.72652826353364,2019-07-18-23-37-25
1.0,30.899832272712086,121.7267781363335,2019-07-18-23-37-25
1.0,30.899831240468934,121.72827742798917,2019-07-18-23-37-25
1.0,30.89983075444636,121.72902710929571,2019-07-18-23-37-25
1.0,30.89983028863219,121.72977681441827,2019-07-18-23-37-25
1.0,30.899829699156165,121.7307764584955,2019-07-18-23-37-25
1.0,30.899825480103697,121.7430256334868,2019-07-18-23-37-25
1.0,30.899825366977296,121.74427592283163,2019-07-18-23-37-25
1.0,30.8998688667326,121.79609457530225,2019-07-18-23-37-25
1.0,30.899869666043426,121.79659568500341,2019-07-18-23-37-25
1.0,30.899870067582185,121.79684624208184,2019-07-18-23-37-25
1.0,30.89987168605516,121.79784848497083,2019-07-18-23-37-25
1.0,30.899873736090214,121.79910132047783,2019-07-18-23-37-25
1.0,30.90009125254222,121.71653540151235,2019-07-18-23-37-25
1.0,30.900090988543443,121.7167851749193,2019-07-18-23-37-25
1.0,30.900090208529654,121.71753450930248,2019-07-18-23-37-25
1.0,30.900084841908022,121.72328013084886,2019-07-18-23-37-25
1.0,30.925474607043483,121.62717992132812,2019-07-18-23-37-25
1.0,30.925470274645164,121.63042569642934,2019-07-18-23-37-25
1.0,30.925469232335804,121.63117467348697,2019-07-18-23-37-25
1.0,30.925467818719078,121.6321732826663,2019-07-18-23-37-25
1.0,30.925465648473473,121.6336711403386,2019-07-18-23-37-25
1.0,30.92546454153817,121.6344200446334,2019-07-18-23-37-25
1.0,30.925463043641372,121.63541855898042,2019-07-18-23-37-25
1.0,30.925459584845296,121.63766511685056,2019-07-18-23-37-25
1.0,30.925458405711485,121.63841394008698,2019-07-18-23-37-25
1.0,30.925457612599157,121.63891314771018,2019-07-18-23-37-25
1.0,30.92545560588273,121.64016113997796,2019-07-18-23-37-25
1.0,30.925422347363355,121.65887752564156,2019-07-18-23-37-25
1.0,30.925419513855967,121.66037464913579,2019-07-18-23-37-25
1.0,30.925743735468956,121.58044183794674,2019-07-18-23-37-25
1.0,30.925745746274114,121.60244881694537,2019-07-18-23-37-25
1.0,30.925726969847926,121.62518232529895,2019-07-18-23-37-25
1.0,30.925726042648026,121.62593143229245,2019-07-18-23-37-25
1.0,30.925725414929662,121.62643082612212,2019-07-18-23-37-25
1.0,30.9257250982232,121.62668051981984,2019-07-18-23-37-25
1.0,30.925870348582887,121.6863253289058,2019-07-18-23-37-25
1.0,30.926143308713048,121.67384848201637,2019-07-18-23-37-25
1.0,30.926142834113083,121.67409800287005,2019-07-18-23-37-25
1.0,30.92614188587752,121.6745970458495,2019-07-18-23-37-25
1.0,30.926136228517827,121.67759134518884,2019-07-18-23-37-25
1.0,30.926133424747047,121.67908852649173,2019-07-18-23-37-25
1.0,30.92612787979478,121.68208296713912,2019-07-18-23-37-25
1.0,30.92612559782987,121.68333068585116,2019-07-18-23-37-25
1.0,30.926125143651724,121.68358023231232,2019-07-18-23-37-25
1.0,30.92612469023857,121.68382977971063,2019-07-18-23-37-25
1.0,30.92611842912228,121.68732354902573,2019-07-18-23-37-25
1.0,30.9261162357633,121.68857137571801,2019-07-18-23-37-25
1.0,30.926428765739807,121.65513455721857,2019-07-18-23-37-25
1.0,30.926402700775505,121.66885811069503,2019-07-18-23-37-25
1.0,30.926399353976706,121.67060472200194,2019-07-18-23-37-25
1.0,30.92639839889035,121.67110375559379,2019-07-18-23-37-25
1.0,30.92639363570933,121.6735989408528,2019-07-18-23-37-25
1.0,30.92638188230008,121.67983710560087,2019-07-18-23-37-25
1.0,30.92638141862151,121.68008664033974,2019-07-18-23-37-25
2.0,30.926376816929483,121.68258203119669,2019-07-18-23-37-25
1.0,30.926374542327974,121.68382975894279,2019-07-18-23-37-25
1.0,30.95754142311669,121.49446295617102,2019-07-18-23-37-25
1.0,30.957542174976062,121.49471385712522,2019-07-18-23-37-25
1.0,30.957551197118946,121.49772467337813,2019-07-18-23-37-25
1.0,30.957570660322013,121.50424804188522,2019-07-18-23-37-25
1.0,30.957571404309675,121.50449893620475,2019-07-18-23-37-25
1.0,30.9575736334539,121.50525161627698,2019-07-18-23-37-25
1.0,30.957574375519528,121.50550250862251,2019-07-18-23-37-25
1.0,30.957575117072523,121.50575340043726,2019-07-18-23-37-25
1.0,30.957575858100057,121.50600429170636,2019-07-18-23-37-25
1.0,30.95766587109953,121.44781322694466,2019-07-18-23-37-25
1.0,30.957682715672085,121.45533330028934,2019-07-18-23-37-25
1.0,30.957683308104027,121.45558400629109,2019-07-18-23-37-25
1.0,30.957686298526397,121.45683757004612,2019-07-18-23-37-25
1.0,30.9577310100479,121.4738908849097,2019-07-18-23-37-25
1.0,30.957732419810032,121.47439256736395,2019-07-18-23-37-25
1.0,30.957733126309325,121.47464341056467,2019-07-18-23-37-25
1.0,30.957769549320748,121.48718692628339,2019-07-18-23-37-25
1.0,30.95777178518949,121.48793960090042,2019-07-18-23-37-25
2.0,30.95777477184156,121.48894317432813,2019-07-18-23-37-25
1.0,30.95777776401314,121.48994675518556,2019-07-18-23-37-25
1.0,30.957783761593863,121.49195393533655,2019-07-18-23-37-25
1.0,30.957786765338774,121.49295753269912,2019-07-18-23-37-25
1.0,30.957787516650036,121.49320843263517,2019-07-18-23-37-25
1.0,30.900082671828493,121.72602850482824,2019-07-18-23-37-25
1.0,30.900082305628352,121.72652824263503,2019-07-18-23-37-25
1.0,30.900082125832583,121.72677811543448,2019-07-18-23-37-25
1.0,30.900079552275862,121.73077643759108,2019-07-18-23-37-25
1.0,30.900076377222447,121.73802515114251,2019-07-18-23-37-25
2.0,30.900119920685437,121.7968462213415,2019-07-18-23-37-25
1.0,30.90012524996453,121.80010359273325,2019-07-18-23-37-25
2.0,30.90034110565197,121.71653538063477,2019-07-18-23-37-25
1.0,30.90033929973209,121.7182838442005,2019-07-18-23-37-25
1.0,30.90033904981586,121.71853363424829,2019-07-18-23-37-25
1.0,30.900334486923896,121.72352994938039,2019-07-18-23-37-25
1.0,30.9003336760815,121.7245293324767,2019-07-18-23-37-25
1.0,30.90033180135325,121.72702796993846,2019-07-18-23-37-25
1.0,30.900331113176875,121.72802749768998,2019-07-18-23-37-25
1.0,30.900328719655416,121.7320260320055,2019-07-18-23-37-25
1.0,30.90032594605512,121.73902513370513,2019-07-18-23-37-25
1.0,30.900369372237368,121.79659564351975,2019-07-18-23-37-25
1.0,30.90037058056906,121.79734731915977,2019-07-18-23-37-25
1.0,30.900373442282714,121.79910127902214,2019-07-18-23-37-25
1.0,30.900375103054138,121.80010357201101,2019-07-18-23-37-25
1.0,30.900593992381065,121.71378800558698,2019-07-18-23-37-25
1.0,30.925714764222914,121.63417039113536,2019-07-18-23-37-25
1.0,30.92571364781326,121.63491928477468,2019-07-18-23-37-25
1.0,30.92571289575964,121.63541853845658,2019-07-18-23-37-25
1.0,30.925707861968014,121.63866352413912,2019-07-18-23-37-25
1.0,30.925991817819696,121.57768921683169,2019-07-18-23-37-25
1.0,30.92599344079893,121.58019159711837,2019-07-18-23-37-25
1.0,30.925977731683737,121.62443317806458,2019-07-18-23-37-25
1.0,30.92597558185378,121.62618110979444,2019-07-18-23-37-25
1.0,30.9259749503358,121.62668049932927,2019-07-18-23-37-25
1.0,30.92597463174375,121.62693019089602,2019-07-18-23-37-25
1.0,30.92597431127568,121.62717988034368,2019-07-18-23-37-25
1.0,30.925968233134288,121.63167394086219,2019-07-18-23-37-25
1.0,30.925966445191168,121.632922178764,2019-07-18-23-37-25
1.0,30.92596498531625,121.63392073585763,2019-07-18-23-37-25
1.0,30.92595651819945,121.63941230807623,2019-07-18-23-37-25
1.0,30.925955310110535,121.64016109888902,2019-07-18-23-37-25
1.0,30.926241844913484,121.57793944883842,2019-07-18-23-37-25
1.0,30.926242186419724,121.5784399441451,2019-07-18-23-37-25
1.0,30.926242352946797,121.57869018698828,2019-07-18-23-37-25
1.0,30.926242516655766,121.57894042662379,2019-07-18-23-37-25
1.0,30.926243724830243,121.58094222817729,2019-07-18-23-37-25
2.0,30.926232661391868,121.61993796631292,2019-07-18-23-37-25
1.0,30.92637318679226,121.6845784068887,2019-07-18-23-37-25
1.0,30.926372287135205,121.68507751044622,2019-07-18-23-37-25
1.0,30.9263713908104,121.6855766180673,2019-07-18-23-37-25
1.0,30.92637094392574,121.68582617343422,2019-07-18-23-37-25
1.0,30.926366524590648,121.68832178724918,2019-07-18-23-37-25
1.0,30.926365652101747,121.68882092380058,2019-07-18-23-37-25
1.0,30.926648728438174,121.6708542179786,2019-07-18-23-37-25
1.0,30.926631270704494,121.6800866195906,2019-07-18-23-37-25
1.0,30.92663034516827,121.68058569132899,2019-07-18-23-37-25
1.0,30.92662988333403,121.68083522835681,2019-07-18-23-37-25
1.0,30.92662942213791,121.68108476617502,2019-07-18-23-37-25
1.0,30.92662850170658,121.68158384423647,2019-07-18-23-37-25
1.0,30.926623038874546,121.68457838611697,2019-07-18-23-37-25
1.0,30.926621690632803,121.68532704296685,2019-07-18-23-37-25
1.0,30.92662124289253,121.68557659729065,2019-07-18-23-37-25
1.0,30.92662079600783,121.68582615265635,2019-07-18-23-37-25
1.0,30.9266194605992,121.68657482513466,2019-07-18-23-37-25
1.0,30.92661506943249,121.68907047308885,2019-07-18-23-37-25
1.0,30.926573318431977,121.71878123289582,2019-07-18-23-37-25
1.0,30.92689524230342,121.67260082141802,2019-07-18-23-37-25
1.0,30.926887193363427,121.6768427008066,2019-07-18-23-37-25
1.0,30.926884848110383,121.67809034080642,2019-07-18-23-37-25
1.0,30.926884380539,121.67833987067418,2019-07-18-23-37-25
1.0,30.957789019631345,121.49371023311583,2019-07-18-23-37-25
1.0,30.95779202666395,121.49471383608781,2019-07-18-23-37-25
1.0,30.95779277856891,121.4949647371614,2019-07-18-23-37-25
1.0,30.95782645027328,121.50625516148213,2019-07-18-23-37-25
1.0,30.957851929695327,121.51503586880636,2019-07-18-23-37-25
1.0,30.95792847427233,121.45357840124188,2019-07-18-23-37-25
1.0,30.957932567373042,121.45533327892207,2019-07-18-23-37-25
1.0,30.957989382863385,121.47690103485252,2019-07-18-23-37-25
1.0,30.958019401011185,121.48718690517768,2019-07-18-23-37-25
1.0,30.95802761570264,121.48994673410473,2019-07-18-23-37-25
1.0,30.958028364510664,121.49019763036948,2019-07-18-23-37-25
1.0,30.95803286278671,121.49170301560196,2019-07-18-23-37-25
1.0,30.958035114828878,121.49245571245318,2019-07-18-23-37-25
2.0,30.95804037469215,121.49421201326493,2019-07-18-23-37-25
1.0,30.9580666372867,121.50299352181982,2019-07-18-23-37-25
1.0,30.95806738338689,121.50324441827502,2019-07-18-23-37-25
1.0,30.95807556146814,121.50600424983608,2019-07-18-23-37-25
1.0,30.958077041895244,121.50650603068682,2019-07-18-23-37-25
1.0,30.95810249407007,121.5152867087156,2019-07-18-23-37-25
1.0,30.958103916439313,121.51578842693426,2019-07-18-23-37-25
1.0,30.958180653257383,121.45458115323862,2019-07-18-23-37-25
1.0,30.958277467392183,121.4899467130237,2019-07-18-23-37-25
1.0,30.95827821620012,121.49019760929072,2019-07-18-23-37-25
1.0,30.900590694750196,121.71678513316262,2019-07-18-23-37-25
1.0,30.900589658746817,121.71778425041363,2019-07-18-23-37-25
1.0,30.900585841485455,121.72178110540318,2019-07-18-23-37-25
1.0,30.90058372864862,121.7242794619864,2019-07-18-23-37-25
1.0,30.900583331873072,121.7247791637326,2019-07-18-23-37-25
1.0,30.90058313674138,121.72502901844635,2019-07-18-23-37-25
1.0,30.900577161012333,121.73502536348985,2019-07-18-23-37-25
1.0,30.90057658019066,121.736525186932,2019-07-18-23-37-25
1.0,30.900575799147727,121.73902511279485,2019-07-18-23-37-25
1.0,30.900578175987253,121.75928475062717,2019-07-18-23-37-25
1.0,30.900618028253334,121.79584396046494,2019-07-18-23-37-25
1.0,30.900837776757896,121.71953277679808,2019-07-18-23-37-25
1.0,30.9008375370847,121.71978257894378,2019-07-18-23-37-25
1.0,30.900834193102845,121.72352990759275,2019-07-18-23-37-25
1.0,30.9008313321566,121.72727780615014,2019-07-18-23-37-25
1.0,30.90083115899961,121.72752768677552,2019-07-18-23-37-25
1.0,30.900829401769627,121.73027654750553,2019-07-18-23-37-25
1.0,30.900828969858136,121.73102629257352,2019-07-18-23-37-25
1.0,30.90082842583098,121.73202599019307,2019-07-18-23-37-25
1.0,30.90082791840035,121.73302573092165,2019-07-18-23-37-25
1.0,30.900826713205028,121.7357752419665,2019-07-18-23-37-25
1.0,30.900826617562448,121.73602521390715,2019-07-18-23-37-25
1.0,30.900865911999023,121.79459119967778,2019-07-18-23-37-25
1.0,30.90086867809441,121.79634504643269,2019-07-18-23-37-25
1.0,30.92622574686639,121.62593139131624,2019-07-18-23-37-25
1.0,30.926225433959363,121.6261810893054,2019-07-18-23-37-25
1.0,30.926225119147848,121.6264307851425,2019-07-18-23-37-25
1.0,30.926224163381086,121.62717985985117,2019-07-18-23-37-25
1.0,30.926223841046525,121.62742954718995,2019-07-18-23-37-25
1.0,30.926218788671324,121.63117461196593,2019-07-18-23-37-25
1.0,30.926218085238915,121.63167392035307,2019-07-18-23-37-25
1.0,30.92621520480772,121.63367107878804,2019-07-18-23-37-25
1.0,30.926214468438427,121.63417035009742,2019-07-18-23-37-25
1.0,30.926213352028526,121.6349192437306,2019-07-18-23-37-25
1.0,30.926212976772597,121.63516887143571,2019-07-18-23-37-25
1.0,30.926205162213744,121.64016107834428,2019-07-18-23-37-25
1.0,30.92620312241886,121.64140903361479,2019-07-18-23-37-25
1.0,30.926202710614174,121.64165862037432,2019-07-18-23-37-25
1.0,30.926202297553978,121.64190820573286,2019-07-18-23-37-25
2.0,30.926490604938127,121.57643786555747,2019-07-18-23-37-25
2.0,30.926490793985433,121.57668813403347,2019-07-18-23-37-25
1.0,30.926490980220645,121.57693839930893,2019-07-18-23-37-25
1.0,30.926491522044422,121.57768917592097,2019-07-18-23-37-25
1.0,30.92649203852837,121.57843992369139,2019-07-18-23-37-25
1.0,30.926493435786593,121.58069199376915,2019-07-18-23-37-25
1.0,30.92648224902641,121.62018769864444,2019-07-18-23-37-25
1.0,30.926883446970255,121.6788389323871,2019-07-18-23-37-25
1.0,30.926882980996513,121.67908846425962,2019-07-18-23-37-25
1.0,30.92688251557891,121.67933799682768,2019-07-18-23-37-25
1.0,30.926880659704985,121.68033613432749,2019-07-18-23-37-25
1.0,30.92687973540995,121.68083520760366,2019-07-18-23-37-25
1.0,30.926879274213796,121.6810847454206,2019-07-18-23-37-25
1.0,30.926877436042858,121.68208290486128,2019-07-18-23-37-25
1.0,30.926870202065025,121.68607568829768,2019-07-18-23-37-25
1.0,30.926867544784812,121.68757304968993,2019-07-18-23-37-25
1.0,30.92686710514631,121.68782261385445,2019-07-18-23-37-25
1.0,30.926866666463415,121.68807217917661,2019-07-18-23-37-25
1.0,30.92686535625804,121.68882088221577,2019-07-18-23-37-25
1.0,30.926862334595572,121.69056789884698,2019-07-18-23-37-25
1.0,30.92715656387467,121.66661241373976,2019-07-18-23-37-25
1.0,30.92714891020922,121.67060465990247,2019-07-18-23-37-25
1.0,30.927138929797188,121.6758445784599,2019-07-18-23-37-25
1.0,30.92713376555773,121.67858938045465,2019-07-18-23-37-25
1.0,30.927130974849682,121.68008657809173,2019-07-18-23-37-25
1.0,30.92712866573636,121.68133426328552,2019-07-18-23-37-25
1.0,30.927121394776368,121.68532700141542,2019-07-18-23-37-25
1.0,30.927120947036013,121.68557655573676,2019-07-18-23-37-25
1.0,30.927120500151236,121.68582611110003,2019-07-18-23-37-25
1.0,30.958287220026858,121.49320839053244,2019-07-18-23-37-25
1.0,30.958320959363366,121.50449887335839,2019-07-18-23-37-25
1.0,30.958321702889556,121.50474976721361,2019-07-18-23-37-25
1.0,30.95834877250693,121.51403237332474,2019-07-18-23-37-25
1.0,30.958350204712808,121.51453410232253,2019-07-18-23-37-25
1.0,30.95852657056708,121.4896957960774,2019-07-18-23-37-25
1.0,30.958528067889674,121.49019758821177,2019-07-18-23-37-25
1.0,30.95852956633278,121.49069938190266,2019-07-18-23-37-25
1.0,30.958530315942046,121.49095027929411,2019-07-18-23-37-25
1.0,30.95855886068422,121.50048449680611,2019-07-18-23-37-25
1.0,30.958564100105868,121.50224078828761,2019-07-18-23-37-25
1.0,30.958573040191254,121.50525153250858,2019-07-18-23-37-25
1.0,30.95858190832489,121.5082622024635,2019-07-18-23-37-25
1.0,30.958588498922992,121.51052014077626,2019-07-18-23-37-25
1.0,30.958598624188394,121.51403235246033,2019-07-18-23-37-25
1.0,30.95868330923675,121.45583462910152,2019-07-18-23-37-25
1.0,30.958731826589506,121.4743924824912,2019-07-18-23-37-25
1.0,30.95877642225696,121.48969577499372,2019-07-18-23-37-25
1.0,30.958779418022317,121.49069936082806,2019-07-18-23-37-25
1.0,30.9587801676315,121.49095025822177,2019-07-18-23-37-25
1.0,30.9587831683496,121.49195385108477,2019-07-18-23-37-25
1.0,30.95878391903441,121.49220475004704,2019-07-18-23-37-25
1.0,30.95879143341593,121.49471375193629,2019-07-18-23-37-25
1.0,30.900872324891107,121.79860009918323,2019-07-18-23-37-25
1.0,30.900874809195447,121.80010353056596,2019-07-18-23-37-25
1.0,30.901088858984664,121.71828378155324,2019-07-18-23-37-25
1.0,30.901083636436454,121.72402957315293,2019-07-18-23-37-25
1.0,30.901081012069458,121.72752766587459,2019-07-18-23-37-25
1.0,30.90108001992008,121.72902700478247,2019-07-18-23-37-25
1.0,30.901079707125085,121.72952680554077,2019-07-18-23-37-25
1.0,30.901077531538796,121.73352559661431,2019-07-18-23-37-25
1.0,30.901123414972112,121.79935178807762,2019-07-18-23-37-25
1.0,30.90133846212738,121.71853355071578,2019-07-18-23-37-25
1.0,30.901334317559975,121.72303018948733,2019-07-18-23-37-25
1.0,30.90133086512681,121.72752764497348,2019-07-18-23-37-25
1.0,30.901329560182038,121.72952678463689,2019-07-18-23-37-25
1.0,30.901329256398746,121.7300265960144,2019-07-18-23-37-25
1.0,30.901327268086224,121.73377552307686,2019-07-18-23-37-25
1.0,30.90136561809332,121.79459115817077,2019-07-18-23-37-25
1.0,30.901589845006722,121.71703482540549,2019-07-18-23-37-25
1.0,30.90158958499973,121.71728460352692,2019-07-18-23-37-25
1.0,30.901585032872788,121.72203084618245,2019-07-18-23-37-25
2.0,30.901583960370164,121.7232800054877,2019-07-18-23-37-25
1.0,30.901579413226557,121.72952676373284,2019-07-18-23-37-25
1.0,30.901615081215354,121.7943405940826,2019-07-18-23-37-25
1.0,30.901615471121787,121.79459113741699,2019-07-18-23-37-25
1.0,30.92648171374617,121.62068719705424,2019-07-18-23-37-25
1.0,30.926475598964963,121.62593137082787,2019-07-18-23-37-25
1.0,30.926475286057894,121.62618106881618,2019-07-18-23-37-25
1.0,30.926474971246332,121.62643076465243,2019-07-18-23-37-25
1.0,30.92647465453974,121.62668045834755,2019-07-18-23-37-25
2.0,30.926474335947596,121.62693014991258,2019-07-18-23-37-25
1.0,30.926473693144835,121.62742952669637,2019-07-18-23-37-25
1.0,30.926473368953385,121.62767921193735,2019-07-18-23-37-25
1.0,30.926466149392944,121.63292213773573,2019-07-18-23-37-25
1.0,30.926454608952277,121.64041065175887,2019-07-18-23-37-25
1.0,30.926452974514813,121.6414090130642,2019-07-18-23-37-25
1.0,30.926428765739807,121.65513455721857,2019-07-18-23-37-25
1.0,30.926741890630016,121.5784399032375,2019-07-18-23-37-25
1.0,30.926724506631174,121.62668043785642,2019-07-18-23-37-25
1.0,30.92672418803899,121.62693012942057,2019-07-18-23-37-25
1.0,30.92671849285964,121.63117457095098,2019-07-18-23-37-25
1.0,30.926717435173497,121.63192353066748,2019-07-18-23-37-25
1.0,30.926710781764392,121.63641694316432,2019-07-18-23-37-25
1.0,30.9267068731165,121.63891304501418,2019-07-18-23-37-25
1.0,30.926983254167595,121.61893886950097,2019-07-18-23-37-25
1.0,30.926981417924264,121.62068715610998,2019-07-18-23-37-25
1.0,30.926973719655194,121.62717979837255,2019-07-18-23-37-25
1.0,30.927120054133244,121.6860756675182,2019-07-18-23-37-25
1.0,30.927119164742372,121.68657478357103,2019-07-18-23-37-25
1.0,30.927118278952616,121.68707390399845,2019-07-18-23-37-25
1.0,30.92706850150512,121.7237775545742,2019-07-18-23-37-25
1.0,30.927397329894433,121.67135318994325,2019-07-18-23-37-25
1.0,30.927393994682433,121.67309981826654,2019-07-18-23-37-25
1.0,30.927383617620272,121.67858935971262,2019-07-18-23-37-25
1.0,30.92738268512828,121.6790884227706,2019-07-18-23-37-25
1.0,30.927381290590716,121.67983702260824,2019-07-18-23-37-25
1.0,30.927369016803674,121.68657476278894,2019-07-18-23-37-25
1.0,30.92736813101384,121.68707388321394,2019-07-18-23-37-25
1.0,30.927629291596602,121.68083514534307,2019-07-18-23-37-25
1.0,30.92762790996869,121.68158376120753,2019-07-18-23-37-25
1.0,30.927627450756535,121.68183330147257,2019-07-18-23-37-25
1.0,30.927618425507543,121.68682430166469,2019-07-18-23-37-25
1.0,30.92761666132969,121.68782255149009,2019-07-18-23-37-25
1.0,30.927615784930246,121.68832168329759,2019-07-18-23-37-25
1.0,30.92761534819136,121.68857125096952,2019-07-18-23-37-25
1.0,30.92790468442465,121.6673608961823,2019-07-18-23-37-25
1.0,30.92790420584281,121.66761041106581,2019-07-18-23-37-25
1.0,30.927893223308942,121.67334929650951,2019-07-18-23-37-25
1.0,30.92788378877588,121.6783397877108,2019-07-18-23-37-25
1.0,30.927883321725076,121.67858931822798,2019-07-18-23-37-25
1.0,30.958793689214616,121.49546645547511,2019-07-18-23-37-25
1.0,30.958794441177965,121.49571735681825,2019-07-18-23-37-25
1.0,30.958819918745654,121.50424793712901,2019-07-18-23-37-25
1.0,30.95882066273289,121.50449883145986,2019-07-18-23-37-25
1.0,30.958822149310848,121.50500061869327,2019-07-18-23-37-25
1.0,30.958850622736456,121.51478492352834,2019-07-18-23-37-25
1.0,30.95895639321874,121.46511229990712,2019-07-18-23-37-25
1.0,30.959024777849145,121.48919396344341,2019-07-18-23-37-25
1.0,30.959025525738568,121.48944485845946,2019-07-18-23-37-25
1.0,30.959028520357112,121.49044844271623,2019-07-18-23-37-25
1.0,30.959033770723643,121.49220472898588,2019-07-18-23-37-25
1.0,30.959042788946004,121.49521553316984,2019-07-18-23-37-25
1.0,30.95909038580707,121.51127273076717,2019-07-18-23-37-25
1.0,30.95918123535485,121.45508246834629,2019-07-18-23-37-25
1.0,30.959182418311052,121.45558387809513,2019-07-18-23-37-25
1.0,30.959269404335945,121.48743769064937,2019-07-18-23-37-25
1.0,30.95927238791561,121.48844126005602,2019-07-18-23-37-25
1.0,30.959276125637402,121.48969573282578,2019-07-18-23-37-25
1.0,30.959276874151886,121.48994662869765,2019-07-18-23-37-25
1.0,30.959277622959483,121.49019752497375,2019-07-18-23-37-25
1.0,30.959279121402076,121.49069931867827,2019-07-18-23-37-25
1.0,30.959285124297605,121.49270650664826,2019-07-18-23-37-25
1.0,30.901623121038746,121.79935174662288,2019-07-18-23-37-25
1.0,30.901838418124818,121.71828371890426,2019-07-18-23-37-25
1.0,30.901832018302866,121.72552863109279,2019-07-18-23-37-25
1.0,30.901862623322423,121.79283734702213,2019-07-18-23-37-25
1.0,30.901863005028833,121.7930878806698,2019-07-18-23-37-25
1.0,30.90187256055827,121.79910115465054,2019-07-18-23-37-25
1.0,30.90187297405346,121.79935172589522,2019-07-18-23-37-25
1.0,30.90209007706896,121.71653523448629,2019-07-18-23-37-25
1.0,30.90208903305491,121.71753434225577,2019-07-18-23-37-25
1.0,30.902088523093877,121.71803391037635,2019-07-18-23-37-25
1.0,30.902083252386504,121.72377964507562,2019-07-18-23-37-25
1.0,30.902080772756182,121.72702782363598,2019-07-18-23-37-25
1.0,30.902079274551582,121.72927682022092,2019-07-18-23-37-25
1.0,30.9020788154949,121.73002653329976,2019-07-18-23-37-25
1.0,30.902077823635338,121.7317759572226,2019-07-18-23-37-25
1.0,30.902077062503068,121.73327556832588,2019-07-18-23-37-25
1.0,30.90207694368893,121.73352551298092,2019-07-18-23-37-25
1.0,30.902339930078995,121.71653521360717,2019-07-18-23-37-25
1.0,30.90233888606476,121.71753432137407,2019-07-18-23-37-25
1.0,30.902337626359923,121.71878325962916,2019-07-18-23-37-25
1.0,30.90232912755916,121.72927679931661,2019-07-18-23-37-25
1.0,30.902355707282798,121.78832799335306,2019-07-18-23-37-25
1.0,30.902373927320014,121.80010340622627,2019-07-18-23-37-25
2.0,30.902580656347588,121.72677790643387,2019-07-18-23-37-25
1.0,30.926971424657307,121.62892756608196,2019-07-18-23-37-25
1.0,30.926969387253486,121.63042557340273,2019-07-18-23-37-25
1.0,30.927230726312537,121.62118662451846,2019-07-18-23-37-25
1.0,30.9272251552189,121.62593130936162,2019-07-18-23-37-25
1.0,30.927222925206394,121.62767915045288,2019-07-18-23-37-25
1.0,30.927214245767477,121.6339206332655,2019-07-18-23-37-25
2.0,30.927212760374836,121.63491916164016,2019-07-18-23-37-25
1.0,30.927210868781902,121.6361672829438,2019-07-18-23-37-25
1.0,30.927210101576136,121.63666651959815,2019-07-18-23-37-25
1.0,30.927489407211837,121.61169461350573,2019-07-18-23-37-25
1.0,30.927484448065922,121.61744020180794,2019-07-18-23-37-25
1.0,30.927484205252654,121.61768997914368,2019-07-18-23-37-25
1.0,30.92748057838429,121.6211866040444,2019-07-18-23-37-25
1.0,30.927477143528705,121.62418334181055,2019-07-18-23-37-25
1.0,30.92747310146861,121.62742944472025,2019-07-18-23-37-25
1.0,30.927470118062107,121.62967653771503,2019-07-18-23-37-25
1.0,30.92746223718805,121.63516876881704,2019-07-18-23-37-25
1.0,30.92746148206065,121.63566801903177,2019-07-18-23-37-25
1.0,30.927739259278617,121.6116945930548,2019-07-18-23-37-25
1.0,30.92773405731828,121.61768995867914,2019-07-18-23-37-25
1.0,30.927733315698916,121.61843927574428,2019-07-18-23-37-25
1.0,30.92787684427743,121.68208282182151,2019-07-18-23-37-25
1.0,30.92787320208229,121.68407918267175,2019-07-18-23-37-25
1.0,30.927871848943255,121.68482783352535,2019-07-18-23-37-25
1.0,30.92786961029711,121.68607560517863,2019-07-18-23-37-25
1.0,30.92786916515698,121.68632516266102,2019-07-18-23-37-25
1.0,30.927866953015954,121.68757296654186,2019-07-18-23-37-25
1.0,30.927856273640106,121.69381244663577,2019-07-18-23-37-25
1.0,30.92815405788685,121.66761039038094,2019-07-18-23-37-25
1.0,30.92813504504784,121.67759117929457,2019-07-18-23-37-25
1.0,30.928133173767442,121.67858929748537,2019-07-18-23-37-25
1.0,30.928129919982734,121.68033603057158,2019-07-18-23-37-25
1.0,30.928123054123805,121.68407916190135,2019-07-18-23-37-25
1.0,30.92812260227451,121.6843287112036,2019-07-18-23-37-25
1.0,30.928121251566747,121.6850773650228,2019-07-18-23-37-25
1.0,30.928120802981905,121.68532691831028,2019-07-18-23-37-25
1.0,30.928119462338312,121.6860755843984,2019-07-18-23-37-25
1.0,30.92811812959639,121.68682426009713,2019-07-18-23-37-25
1.0,30.928117245640212,121.68732338274073,2019-07-18-23-37-25
1.0,30.928110315775015,121.69131653542182,2019-07-18-23-37-25
1.0,30.928405345620995,121.66686182515282,2019-07-18-23-37-25
1.0,30.92840438850619,121.66736085481504,2019-07-18-23-37-25
1.0,30.928383492854074,121.67833974622798,2019-07-18-23-37-25
1.0,30.928369760391092,121.68582600720589,2019-07-18-23-37-25
1.0,30.959286626782117,121.49320830632465,2019-07-18-23-37-25
1.0,30.959288881405858,121.4939610073607,2019-07-18-23-37-25
1.0,30.959289633134134,121.49421190805126,2019-07-18-23-37-25
2.0,30.9592918886974,121.49496461094664,2019-07-18-23-37-25
1.0,30.959340963737503,121.51152358542164,2019-07-18-23-37-25
1.0,30.959343860434355,121.51252707861356,2019-07-18-23-37-25
1.0,30.959348179233942,121.51403228986594,2019-07-18-23-37-25
1.0,30.95934889581308,121.51428315489457,2019-07-18-23-37-25
1.0,30.959350326099877,121.51478488181166,2019-07-18-23-37-25
1.0,30.959410662175763,121.44580810615847,2019-07-18-23-37-25
1.0,30.959524481230517,121.48919392126601,2019-07-18-23-37-25
1.0,30.959594434155946,121.5127779287174,2019-07-18-23-37-25
1.0,30.959597313396532,121.51378140294227,2019-07-18-23-37-25
1.0,30.959600177782043,121.51478486095304,2019-07-18-23-37-25
1.0,30.959600891465104,121.51503572281527,2019-07-18-23-37-25
1.0,30.95966102747992,121.44605869686364,2019-07-18-23-37-25
1.0,30.959700087140988,121.46285524824948,2019-07-18-23-37-25
1.0,30.959775829019136,121.48969569065706,2019-07-18-23-37-25
1.0,30.95977807542843,121.49044837948387,2019-07-18-23-37-25
1.0,30.959778824783125,121.49069927652769,2019-07-18-23-37-25
1.0,30.95978332579317,121.49220466580125,2019-07-18-23-37-25
1.0,30.959784827677286,121.4927064645341,2019-07-18-23-37-25
1.0,30.90257808278284,121.7307762285364,2019-07-18-23-37-25
1.0,30.902574984653953,121.73777494807814,2019-07-18-23-37-25
1.0,30.90262294765732,121.79960223630897,2019-07-18-23-37-25
1.0,30.902623780297684,121.80010338550233,2019-07-18-23-37-25
1.0,30.902836123701533,121.72003221643034,2019-07-18-23-37-25
1.0,30.90283124172484,121.72577840992686,2019-07-18-23-37-25
1.0,30.902831055328807,121.7260282749398,2019-07-18-23-37-25
1.0,30.90282867826446,121.72952665920964,2019-07-18-23-37-25
1.0,30.90282793576572,121.73077620762987,2019-07-18-23-37-25
1.0,30.902827794064525,121.73102612532448,2019-07-18-23-37-25
1.0,30.902827654637598,121.73127604569855,2019-07-18-23-37-25
1.0,30.902824543963497,121.73877491957614,2019-07-18-23-37-25
1.0,30.902832981807208,121.76854489510285,2019-07-18-23-37-25
1.0,30.90287114896232,121.79859993332727,2019-07-18-23-37-25
1.0,30.902872385989557,121.79935164298271,2019-07-18-23-37-25
1.0,30.902873216384357,121.79985278951791,2019-07-18-23-37-25
1.0,30.903080908300524,121.72602825403969,2019-07-18-23-37-25
1.0,30.9030807240999,121.72627812164116,2019-07-18-23-37-25
1.0,30.903080542099204,121.72652799183673,2019-07-18-23-37-25
1.0,30.903078686508774,121.7292767366025,2019-07-18-23-37-25
1.0,30.903077647035243,121.73102610441748,2019-07-18-23-37-25
1.0,30.927733064126286,121.61868904315045,2019-07-18-23-37-25
1.0,30.927723275867294,121.62717973689224,2019-07-18-23-37-25
1.0,30.92771790115337,121.63117448891883,2019-07-18-23-37-25
1.0,30.927717550286065,121.63142414406335,2019-07-18-23-37-25
1.0,30.92770346265917,121.64066014151338,2019-07-18-23-37-25
1.0,30.927993197708357,121.60519783433851,2019-07-18-23-37-25
1.0,30.927969481717188,121.62992616357977,2019-07-18-23-37-25
1.0,30.927967753209852,121.63117446841032,2019-07-18-23-37-25
1.0,30.927967049776846,121.63167377678394,2019-07-18-23-37-25
1.0,30.927953721383886,121.64041052847858,2019-07-18-23-37-25
1.0,30.928230678249882,121.62068705374607,2019-07-18-23-37-25
2.0,30.92822699703761,121.6239335647719,2019-07-18-23-37-25
1.0,30.928739832315063,121.57718847726433,2019-07-18-23-37-25
1.0,30.928742519443446,121.5814424419817,2019-07-18-23-37-25
1.0,30.928742909055043,121.58219304535058,2019-07-18-23-37-25
1.0,30.928724578537267,121.62568148628044,2019-07-18-23-37-25
1.0,30.92924074150811,121.5789401811805,2019-07-18-23-37-25
1.0,30.929214882917755,121.63267226823143,2019-07-18-23-37-25
1.0,30.929214522013986,121.63292191206695,2019-07-18-23-37-25
1.0,30.92948956902752,121.5774386747665,2019-07-18-23-37-25
1.0,30.92948974682017,121.57768893044096,2019-07-18-23-37-25
1.0,30.929485126694725,121.61544172848056,2019-07-18-23-37-25
1.0,30.929473195897856,121.62643051875685,2019-07-18-23-37-25
1.0,30.928367981630867,121.68682423931307,2019-07-18-23-37-25
1.0,30.92836709767461,121.68732336195426,2019-07-18-23-37-25
1.0,30.92836144689919,121.69056777403864,2019-07-18-23-37-25
1.0,30.928629624047144,121.68033598906788,2019-07-18-23-37-25
1.0,30.928622306337683,121.68432866965973,2019-07-18-23-37-25
1.0,30.928618277009594,121.6865746588756,2019-07-18-23-37-25
1.0,30.928616509119077,121.68757290417881,2019-07-18-23-37-25
1.0,30.92860216190586,121.69605880942036,2019-07-18-23-37-25
1.0,30.928879939145414,121.68008643283973,2019-07-18-23-37-25
1.0,30.928874881044628,121.68283136728557,2019-07-18-23-37-25
1.0,30.928873516259664,121.68358000386932,2019-07-18-23-37-25
1.0,30.92887306284608,121.68382955125398,2019-07-18-23-37-25
1.0,30.928863737860787,121.6890702859388,2019-07-18-23-37-25
1.0,30.928817465748715,121.72377740816738,2019-07-18-23-37-25
1.0,30.929147248909203,121.67085401095865,2019-07-18-23-37-25
1.0,30.929145340132788,121.67185208011841,2019-07-18-23-37-25
1.0,30.929129791161422,121.68008641208868,2019-07-18-23-37-25
1.0,30.929129328085526,121.68033594756345,2019-07-18-23-37-25
1.0,30.929111431489318,121.69031813405046,2019-07-18-23-37-25
1.0,30.92939328669925,121.6728501332535,2019-07-18-23-37-25
1.0,30.929381967362673,121.67883872494725,2019-07-18-23-37-25
1.0,30.95979008831267,121.49446276680693,2019-07-18-23-37-25
1.0,30.959838485962273,121.51077091440932,2019-07-18-23-37-25
1.0,30.959840667104405,121.51152354364706,2019-07-18-23-37-25
1.0,30.95984788259916,121.5140322481354,2019-07-18-23-37-25
1.0,30.95984931480403,121.51453397715942,2019-07-18-23-37-25
1.0,30.959850743147566,121.51503570195862,2019-07-18-23-37-25
1.0,30.95991939484019,121.45006882411039,2019-07-18-23-37-25
1.0,30.959934963836947,121.4568373778301,2019-07-18-23-37-25
1.0,30.960013754912676,121.48568140274475,2019-07-18-23-37-25
1.0,30.96001449697742,121.4859322901145,2019-07-18-23-37-25
1.0,30.96002194299011,121.48844119676868,2019-07-18-23-37-25
1.0,30.960077333542657,121.50700764175987,2019-07-18-23-37-25
1.0,30.96008979254132,121.51127264720915,2019-07-18-23-37-25
1.0,30.960090518788476,121.51152352275948,2019-07-18-23-37-25
1.0,30.96009196881989,121.51202527119422,2019-07-18-23-37-25
1.0,30.96009773428239,121.51403222726982,2019-07-18-23-37-25
1.0,30.960098450861274,121.51428309230502,2019-07-18-23-37-25
1.0,30.960099166487087,121.51453395629822,2019-07-18-23-37-25
1.0,30.960104148153885,121.51628997388238,2019-07-18-23-37-25
1.0,30.960168698211394,121.44981814924923,2019-07-18-23-37-25
1.0,30.960185419207807,121.45708807591102,2019-07-18-23-37-25
1.0,30.960230231342486,121.47414151326527,2019-07-18-23-37-25
1.0,30.903077507608266,121.73127602479128,2019-07-18-23-37-25
1.0,30.903077235590498,121.7317758735926,2019-07-18-23-37-25
1.0,30.903110000892426,121.79158459996897,2019-07-18-23-37-25
1.0,30.90312348621657,121.80010334405387,2019-07-18-23-37-25
1.0,30.90333422472299,121.72178087559828,2019-07-18-23-37-25
1.0,30.903328539467783,121.72927671569742,2019-07-18-23-37-25
1.0,30.903371266044186,121.7988504603801,2019-07-18-23-37-25
1.0,30.90337333915789,121.80010332332935,2019-07-18-23-37-25
1.0,30.90358452574399,121.72128121350012,2019-07-18-23-37-25
1.0,30.903579035962228,121.72827711445045,2019-07-18-23-37-25
1.0,30.903578237141392,121.72952659649343,2019-07-18-23-37-25
1.0,30.90357642489465,121.7327755616956,2019-07-18-23-37-25
1.0,30.903576180361373,121.73327544287132,2019-07-18-23-37-25
1.0,30.90357571894631,121.73427523778909,2019-07-18-23-37-25
1.0,30.903621118973867,121.79885043964829,2019-07-18-23-37-25
1.0,30.903858075837405,121.79058245376295,2019-07-18-23-37-25
1.0,30.903861066710505,121.79258664890483,2019-07-18-23-37-25
1.0,30.90408270039153,121.72302995964813,2019-07-18-23-37-25
1.0,30.904072929034758,121.7435253853644,2019-07-18-23-37-25
1.0,30.90410941259565,121.79158451688384,2019-07-18-23-37-25
1.0,30.904327951184293,121.72927663207518,2019-07-18-23-37-25
1.0,30.90432734362262,121.73027625482368,2019-07-18-23-37-25
1.0,30.929459918524774,121.6359174773467,2019-07-18-23-37-25
1.0,30.929739598842293,121.57768890998308,2019-07-18-23-37-25
1.0,30.92974011532378,121.57843965777626,2019-07-18-23-37-25
1.0,30.92971386350115,121.63317151302523,2019-07-18-23-37-25
1.0,30.929713133551978,121.63367079152987,2019-07-18-23-37-25
1.0,30.92996371550547,121.6331714925074,2019-07-18-23-37-25
1.0,30.929922970305892,121.6571304896587,2019-07-18-23-37-25
1.0,30.93022243520711,121.62668015096096,2019-07-18-23-37-25
1.0,30.93048823776995,121.57643753819553,2019-07-18-23-37-25
1.0,30.93048842681624,121.57668780668168,2019-07-18-23-37-25
1.0,30.930492420598398,121.60369810947311,2019-07-18-23-37-25
1.0,30.930492080800956,121.6044478827926,2019-07-18-23-37-25
1.0,30.930738465047938,121.57693805150669,2019-07-18-23-37-25
1.0,30.930989205996834,121.57818930943172,2019-07-18-23-37-25
1.0,30.930973555660167,121.62543159955922,2019-07-18-23-37-25
1.0,30.931238885821607,121.57793903970574,2019-07-18-23-37-25
1.0,30.931239057981944,121.5781892889739,2019-07-18-23-37-25
1.0,30.931239876518106,121.57944048720438,2019-07-18-23-37-25
1.0,30.93124018419991,121.57994094403466,2019-07-18-23-37-25
1.0,30.931217898332964,121.6296762301557,2019-07-18-23-37-25
1.0,30.931487645724307,121.5764374563476,2019-07-18-23-37-25
1.0,30.929364749124765,121.68832153775736,2019-07-18-23-37-25
1.0,30.929363876634913,121.68882067428024,2019-07-18-23-37-25
1.0,30.92936257542258,121.68956938815808,2019-07-18-23-37-25
1.0,30.929360854969666,121.69056769082927,2019-07-18-23-37-25
1.0,30.92936000114973,121.69106684988907,2019-07-18-23-37-25
1.0,30.929628569637156,121.68058544229388,2019-07-18-23-37-25
1.0,30.929617685056904,121.68657457574152,2019-07-18-23-37-25
1.0,30.929616357749286,121.687323258019,2019-07-18-23-37-25
1.0,30.92961372863682,121.68882065348565,2019-07-18-23-37-25
1.0,30.929610279518496,121.6908172489012,2019-07-18-23-37-25
1.0,30.929609853151277,121.69106682908392,2019-07-18-23-37-25
1.0,30.929607318339162,121.69256433833486,2019-07-18-23-37-25
1.0,30.929922970305892,121.6571304896587,2019-07-18-23-37-25
1.0,30.92989441944243,121.6721015359763,2019-07-18-23-37-25
1.0,30.929885888207256,121.67659292578756,2019-07-18-23-37-25
1.0,30.929876578170376,121.68158357438134,2019-07-18-23-37-25
1.0,30.92986576916158,121.68757280023661,2019-07-18-23-37-25
1.0,30.930141416264764,121.67359863010111,2019-07-18-23-37-25
1.0,30.930135269751418,121.67684243126534,2019-07-18-23-37-25
1.0,30.93012505458848,121.68233217692497,2019-07-18-23-37-25
1.0,30.93040416168975,121.66686165969749,2019-07-18-23-37-25
1.0,30.930397942201633,121.67010535812551,2019-07-18-23-37-25
1.0,30.93035562240994,121.69331304915997,2019-07-18-23-37-25
1.0,30.96026212402743,121.48517960887139,2019-07-18-23-37-25
1.0,30.96028152799543,121.49170282600885,2019-07-18-23-37-25
1.0,30.96028828816525,121.49396092317716,2019-07-18-23-37-25
1.0,30.960316794262944,121.50349512570466,2019-07-18-23-37-25
1.0,30.96033891717459,121.51102174989731,2019-07-18-23-37-25
1.0,30.960341095903306,121.51177437654043,2019-07-18-23-37-25
1.0,30.960341820504283,121.51202525031087,2019-07-18-23-37-25
1.0,30.960343267168547,121.51252699509897,2019-07-18-23-37-25
1.0,30.960351159206837,121.51528652102891,2019-07-18-23-37-25
1.0,30.90432719738286,121.73052616716939,2019-07-18-23-37-25
1.0,30.904371918164312,121.79960209121607,2019-07-18-23-37-25
1.0,30.904575579977365,121.75878396075527,2019-07-18-23-37-25
1.0,30.904620119387666,121.79859978819337,2019-07-18-23-37-25
1.0,30.904621356413383,121.79935149787855,2019-07-18-23-37-25
1.0,30.904621771046287,121.79960207048777,2019-07-18-23-37-25
1.0,30.904622186807174,121.79985264443368,2019-07-18-23-37-25
1.0,30.90462260368549,121.80010321970397,2019-07-18-23-37-25
1.0,30.904838195516334,121.71678477819998,2019-07-18-23-37-25
1.0,30.90482556603122,121.7330253963796,2019-07-18-23-37-25
1.0,30.90486009937546,121.79233603549463,2019-07-18-23-37-25
1.0,30.904860478270127,121.79258656583833,2019-07-18-23-37-25
1.0,30.90487120928369,121.79935147714862,2019-07-18-23-37-25
1.0,30.905079008057672,121.72702757280989,2019-07-18-23-37-25
1.0,30.905077827138918,121.72877677390576,2019-07-18-23-37-25
1.0,30.90507483637306,121.73427511232286,2019-07-18-23-37-25
1.0,30.905072251188734,121.74477561897493,2019-07-18-23-37-25
1.0,30.905105159244012,121.78907927682017,2019-07-18-23-37-25
1.0,30.90510807925064,121.79108338837298,2019-07-18-23-37-25
1.0,30.905121476775072,121.79960202903058,2019-07-18-23-37-25
1.0,30.90534385344491,121.71153997797082,2019-07-18-23-37-25
1.0,30.90532921830751,121.72652780371993,2019-07-18-23-37-25
1.0,30.905347827864038,121.78381903019624,2019-07-18-23-37-25
1.0,30.931488737800827,121.57793901924715,2019-07-18-23-37-25
1.0,30.931488909961104,121.5781892685159,2019-07-18-23-37-25
1.0,30.93173356968288,121.61569134195402,2019-07-18-23-37-25
1.0,30.931719607567917,121.62817814570919,2019-07-18-23-37-25
1.0,30.931987538711766,121.57668768391247,2019-07-18-23-37-25
1.0,30.931988613901773,121.57818922759932,2019-07-18-23-37-25
1.0,30.931938193123212,121.64814694982655,2019-07-18-23-37-25
1.0,30.93223720162793,121.57643739495971,2019-07-18-23-37-25
1.0,30.932237576907525,121.5769379287401,2019-07-18-23-37-25
1.0,30.932241952557916,121.58469456181156,2019-07-18-23-37-25
1.0,30.932489444035063,121.57994084176201,2019-07-18-23-37-25
1.0,30.932439653980335,121.64714868364491,2019-07-18-23-37-25
1.0,30.932736905534917,121.57643735403352,2019-07-18-23-37-25
1.0,30.932695945819148,121.6434051545857,2019-07-18-23-37-25
1.0,30.93267506595249,121.65513404171274,2019-07-18-23-37-25
1.0,30.9329930086938,121.59044743399139,2019-07-18-23-37-25
1.0,30.932993040435218,121.59069752341372,2019-07-18-23-37-25
1.0,30.932938920077426,121.64739820035456,2019-07-18-23-37-25
1.0,30.933238373228512,121.5789398538811,2019-07-18-23-37-25
1.0,30.933241756630796,121.60119844896192,2019-07-18-23-37-25
1.0,30.93318568058361,121.64914505506147,2019-07-18-23-37-25
1.0,30.93349157966303,121.58569509096306,2019-07-18-23-37-25
1.0,30.933491690642352,121.60094846862262,2019-07-18-23-37-25
1.0,30.930354793748776,121.6938122384623,2019-07-18-23-37-25
1.0,30.930354381229986,121.69406183528756,2019-07-18-23-37-25
1.0,30.9306162072128,121.68707361299796,2019-07-18-23-37-25
1.0,30.930615765695563,121.68732317486739,2019-07-18-23-37-25
1.0,30.93060300302006,121.69481061377923,2019-07-18-23-37-25
1.0,30.930901472794712,121.6681091927408,2019-07-18-23-37-25
1.0,30.930865177083113,121.68757271707942,2019-07-18-23-37-25
1.0,30.930863861043512,121.68832141300118,2019-07-18-23-37-25
1.0,30.930863424304114,121.68857098065766,2019-07-18-23-37-25
1.0,30.93081046180208,121.73252334494791,2019-07-18-23-37-25
1.0,30.93114511006633,121.67135287935808,2019-07-18-23-37-25
1.0,30.931067620180414,121.7220283796423,2019-07-18-23-37-25
1.0,30.931393531302767,121.67210141171222,2019-07-18-23-37-25
1.0,30.9313925785678,121.67260044859879,2019-07-18-23-37-25
1.0,30.93131055661548,121.73177350977862,2019-07-18-23-37-25
1.0,30.931607819506265,121.69156582695618,2019-07-18-23-37-25
1.0,30.9315918784558,121.70155036908845,2019-07-18-23-37-25
1.0,30.931938193123212,121.64814694982655,2019-07-18-23-37-25
1.0,30.931865025492367,121.68732307092358,2019-07-18-23-37-25
1.0,30.93211709413538,121.68607525188878,2019-07-18-23-37-25
1.0,30.905358676958567,121.79158441302317,2019-07-18-23-37-25
1.0,30.90536132908622,121.79333812529123,2019-07-18-23-37-25
1.0,30.905598006207057,121.78406947676194,2019-07-18-23-37-25
1.0,30.905608156638117,121.79133386867609,2019-07-18-23-37-25
1.0,30.90583556723571,121.7187829672221,2019-07-18-23-37-25
1.0,30.905858757228668,121.79183489676315,2019-07-18-23-37-25
1.0,30.90607469709046,121.75878383538331,2019-07-18-23-37-25
1.0,30.90609124846181,121.77881005857019,2019-07-18-23-37-25
1.0,30.90610003789274,121.78582276279002,2019-07-18-23-37-25
1.0,30.906329561613358,121.72527839504593,2019-07-18-23-37-25
1.0,30.90634227072231,121.77981175113344,2019-07-18-23-37-25
1.0,30.906359595260135,121.7925864412329,2019-07-18-23-37-25
1.0,30.906360357269758,121.79308750692147,2019-07-18-23-37-25
1.0,30.90657226455798,121.75302933587699,2019-07-18-23-37-25
1.0,30.906573043039444,121.7555310962901,2019-07-18-23-37-25
1.0,30.906576764261313,121.76303800696107,2019-07-18-23-37-25
1.0,30.906599406166794,121.78557223987391,2019-07-18-23-37-25
1.0,30.90661021006121,121.79308748615587,2019-07-18-23-37-25
1.0,30.90682166699889,121.74102472995709,2019-07-18-23-37-25
1.0,30.90682162068491,121.74127475995806,2019-07-18-23-37-25
1.0,30.90682126750396,121.74402527384487,2019-07-18-23-37-25
1.0,30.906822052385984,121.75277915408057,2019-07-18-23-37-25
1.0,30.933491608558963,121.60119842852066,2019-07-18-23-37-25
1.0,30.933475345352075,121.62268452279197,2019-07-18-23-37-25
1.0,30.933420429719394,121.6573797258169,2019-07-18-23-37-25
1.0,30.933406211071777,121.66486529229006,2019-07-18-23-37-25
1.0,30.93371742850377,121.62892701252964,2019-07-18-23-37-25
1.0,30.933716417757736,121.6296760250928,2019-07-18-23-37-25
1.0,30.933692378757662,121.64515207679838,2019-07-18-23-37-25
1.0,30.9339895436991,121.5816922168496,2019-07-18-23-37-25
1.0,30.93399131239898,121.60119838763761,2019-07-18-23-37-25
1.0,30.933966608366973,121.6294263357425,2019-07-18-23-37-25
1.0,30.934241164310937,121.60119836719579,2019-07-18-23-37-25
1.0,30.93422224322264,121.6249319220085,2019-07-18-23-37-25
1.0,30.934217132322377,121.62892697152036,2019-07-18-23-37-25
1.0,30.934154810855603,121.66536426040184,2019-07-18-23-37-25
1.0,30.934491766164122,121.58844648196754,2019-07-18-23-37-25
1.0,30.934491919831384,121.58919681676711,2019-07-18-23-37-25
1.0,30.934741618068394,121.58844646152383,2019-07-18-23-37-25
1.0,30.934731565643258,121.61594089143716,2019-07-18-23-37-25
1.0,30.934991353561887,121.58794620198626,2019-07-18-23-37-25
1.0,30.93499141316199,121.58819632312378,2019-07-18-23-37-25
1.0,30.932100089617943,121.69605851782573,2019-07-18-23-37-25
1.0,30.932099288612033,121.69655774025169,2019-07-18-23-37-25
1.0,30.932081825670878,121.70854117818672,2019-07-18-23-37-25
1.0,30.932439653980335,121.64714868364491,2019-07-18-23-37-25
1.0,30.93236428878622,121.68757259233793,2019-07-18-23-37-25
1.0,30.932312058910767,121.72827470922181,2019-07-18-23-37-25
1.0,30.93267506595249,121.65513404171274,2019-07-18-23-37-25
1.0,30.932624031994305,121.68208242734111,2019-07-18-23-37-25
1.0,30.93262266063192,121.68283105579152,2019-07-18-23-37-25
1.0,30.932591286202285,121.70155028567937,2019-07-18-23-37-25
1.0,30.932563675533178,121.7257759215202,2019-07-18-23-37-25
1.0,30.932561584565498,121.7287744731026,2019-07-18-23-37-25
1.0,30.93256142479165,121.72902436946794,2019-07-18-23-37-25
1.0,30.932938920077426,121.64739820035456,2019-07-18-23-37-25
1.0,30.932811598498372,121.72852455845332,2019-07-18-23-37-25
1.0,30.93318568058361,121.64914505506147,2019-07-18-23-37-25
1.0,30.933126497047006,121.68058515171838,2019-07-18-23-37-25
1.0,30.933121908802317,121.6830805588473,2019-07-18-23-37-25
1.0,30.93306066278658,121.7297740326075,2019-07-18-23-37-25
1.0,30.93305993157624,121.73102359418762,2019-07-18-23-37-25
1.0,30.906824376216534,121.75903399915154,2019-07-18-23-37-25
1.0,30.907087668961566,121.71603527712747,2019-07-18-23-37-25
1.0,30.907071426441046,121.75052780973847,2019-07-18-23-37-25
2.0,30.907073125311396,121.75653183544931,2019-07-18-23-37-25
1.0,30.907328040815425,121.72652763649197,2019-07-18-23-37-25
1.0,30.907321279209818,121.75052778882844,2019-07-18-23-37-25
1.0,30.907321890207104,121.7532794368092,2019-07-18-23-37-25
1.0,30.90732203186712,121.75377977238972,2019-07-18-23-37-25
1.0,30.907322692065037,121.75578122472386,2019-07-18-23-37-25
1.0,30.907322880418892,121.75628161520983,2019-07-18-23-37-25
1.0,30.907572279741252,121.75503063860988,2019-07-18-23-37-25
1.0,30.907572830834958,121.75653179364681,2019-07-18-23-37-25
1.0,30.907573033107894,121.7570322005003,2019-07-18-23-37-25
1.0,30.90759273358814,121.78081339519719,2019-07-18-23-37-25
1.0,30.907841479760176,121.71228895962476,2019-07-18-23-37-25
1.0,30.907837769102144,121.7155356840785,2019-07-18-23-37-25
1.0,30.9078374971957,121.71578544811751,2019-07-18-23-37-25
2.0,30.90782213248673,121.75503061770574,2019-07-18-23-37-25
2.0,30.9080873499384,121.715785427236,2019-07-18-23-37-25
1.0,30.908077965273836,121.72602783599753,2019-07-18-23-37-25
1.0,30.934991523980155,121.58869655585676,2019-07-18-23-37-25
1.0,30.93524137587406,121.58869653541292,2019-07-18-23-37-25
1.0,30.93523216452476,121.61494165486802,2019-07-18-23-37-25
1.0,30.93549127898445,121.58894662656894,2019-07-18-23-37-25
1.0,30.93574078163852,121.58744588882342,2019-07-18-23-37-25
1.0,30.935740909228972,121.58794614065201,2019-07-18-23-37-25
1.0,30.935741179300607,121.58919671455013,2019-07-18-23-37-25
1.0,30.93599131847668,121.59119744748962,2019-07-18-23-37-25
1.0,30.936241083448344,121.59044716824454,2019-07-18-23-37-25
1.0,30.936241144155463,121.59094734393561,2019-07-18-23-37-25
1.0,30.93624117035005,121.59119742704691,2019-07-18-23-37-25
1.0,30.936201645121645,121.63866266138551,2019-07-18-23-37-25
1.0,30.936490337261304,121.58744582748594,2019-07-18-23-37-25
1.0,30.93649093531704,121.59044714780117,2019-07-18-23-37-25
1.0,30.93649096705765,121.59069723722585,2019-07-18-23-37-25
1.0,30.93649099602404,121.59094732349257,2019-07-18-23-37-25
1.0,30.936483500490883,121.6124433806115,2019-07-18-23-37-25
1.0,30.936740189125903,121.58744580703973,2019-07-18-23-37-25
1.0,30.93674043312066,121.58844629796754,2019-07-18-23-37-25
1.0,30.936740487132923,121.58869641274599,2019-07-18-23-37-25
1.0,30.93674058678635,121.5891966327732,2019-07-18-23-37-25
1.0,30.936740787180938,121.59044712735762,2019-07-18-23-37-25
1.0,30.933420429719394,121.6573797258169,2019-07-18-23-37-25
1.0,30.933406211071777,121.66486529229006,2019-07-18-23-37-25
1.0,30.933359775039165,121.689818629114,2019-07-18-23-37-25
1.0,30.9333427146959,121.7003020121463,2019-07-18-23-37-25
1.0,30.93331146656985,121.72827462551606,2019-07-18-23-37-25
1.0,30.933692378757662,121.64515207679838,2019-07-18-23-37-25
1.0,30.93356131847084,121.72827460458915,2019-07-18-23-37-25
1.0,30.933559777090018,121.73077363466683,2019-07-18-23-37-25
1.0,30.933901131768124,121.66736039972537,2019-07-18-23-37-25
1.0,30.93381781718221,121.72002962482337,2019-07-18-23-37-25
1.0,30.933811336853363,121.72802469521315,2019-07-18-23-37-25
1.0,30.933810371515225,121.72952406550249,2019-07-18-23-37-25
1.0,30.933809487277593,121.7310235313965,2019-07-18-23-37-25
1.0,30.933809210688718,121.73152337476124,2019-07-18-23-37-25
1.0,30.933808684907493,121.73252309377544,2019-07-18-23-37-25
1.0,30.934154810855603,121.66536426040184,2019-07-18-23-37-25
1.0,30.934114134284304,121.6870733219602,2019-07-18-23-37-25
1.0,30.934101748964306,121.69431112124875,2019-07-18-23-37-25
1.0,30.934061188743648,121.7280246742862,2019-07-18-23-37-25
1.0,30.934060858003335,121.728524453817,2019-07-18-23-37-25
1.0,30.90807174113604,121.75428005627444,2019-07-18-23-37-25
1.0,30.90807305934003,121.75778278937568,2019-07-18-23-37-25
1.0,30.908109709670022,121.79333789688215,2019-07-18-23-37-25
1.0,30.908112429469018,121.79509168920362,2019-07-18-23-37-25
1.0,30.90832123385803,121.75302918952775,2019-07-18-23-37-25
1.0,30.90832201233534,121.75553094996833,2019-07-18-23-37-25
1.0,30.908343210125544,121.78156466638261,2019-07-18-23-37-25
1.0,30.908359179287853,121.79308734079137,2019-07-18-23-37-25
1.0,30.908367501228394,121.79834890999955,2019-07-18-23-37-25
1.0,30.90857963272601,121.7235292597865,2019-07-18-23-37-25
1.0,30.90857177668718,121.7552807406581,2019-07-18-23-37-25
1.0,30.90857265554813,121.75753253463488,2019-07-18-23-37-25
1.0,30.90857385119774,121.76003478561204,2019-07-18-23-37-25
1.0,30.90857467810949,121.76153626497812,2019-07-18-23-37-25
1.0,30.90860564787557,121.7908325773672,2019-07-18-23-37-25
1.0,30.908607137570222,121.79183466826309,2019-07-18-23-37-25
1.0,30.90860941508585,121.79333785535076,2019-07-18-23-37-25
1.0,30.90861292392984,121.79559274535488,2019-07-18-23-37-25
1.0,30.908828089190305,121.72527818602224,2019-07-18-23-37-25
1.0,30.908822854227434,121.73377489573997,2019-07-18-23-37-25
1.0,30.90882087431102,121.7527789868192,2019-07-18-23-37-25
1.0,30.908821148243053,121.75377964695126,2019-07-18-23-37-25
1.0,30.936740818921493,121.59069721678247,2019-07-18-23-37-25
1.0,30.936740847887826,121.59094730304935,2019-07-18-23-37-25
2.0,30.9367408740823,121.59119738616094,2019-07-18-23-37-25
1.0,30.93674089750733,121.59144746612009,2019-07-18-23-37-25
1.0,30.936740918165395,121.59169754292958,2019-07-18-23-37-25
1.0,30.936665686205224,121.65887659680325,2019-07-18-23-37-25
1.0,30.93698457692525,121.57668727463333,2019-07-18-23-37-25
1.0,30.936990670780588,121.5906971963389,2019-07-18-23-37-25
5.0,30.936990699746865,121.59094728260594,2019-07-18-23-37-25
1.0,30.936990725941282,121.59119736571769,2019-07-18-23-37-25
1.0,30.936990749366256,121.59144744567696,2019-07-18-23-37-25
2.0,30.937240490894563,121.59044708646995,2019-07-18-23-37-25
2.0,30.937240522635005,121.59069717589514,2019-07-18-23-37-25
2.0,30.937240551601224,121.59094726216235,2019-07-18-23-37-25
1.0,30.93724057779558,121.59119734527424,2019-07-18-23-37-25
1.0,30.9372406012205,121.59144742523367,2019-07-18-23-37-25
1.0,30.93724062187845,121.59169750204342,2019-07-18-23-37-25
1.0,30.937240676861062,121.59419809758647,2019-07-18-23-37-25
1.0,30.934060378684748,121.7292741429114,2019-07-18-23-37-25
1.0,30.934311728832064,121.72702512581016,2019-07-18-23-37-25
1.0,30.93430933275927,121.73077357187542,2019-07-18-23-37-25
1.0,30.934308914462584,121.73152333289846,2019-07-18-23-37-25
1.0,30.93430864699711,121.73202318701392,2019-07-18-23-37-25
1.0,30.934308388680947,121.73252305191068,2019-07-18-23-37-25
1.0,30.934653079938258,121.66611276370584,2019-07-18-23-37-25
1.0,30.93460477675083,121.69231433378957,2019-07-18-23-37-25
1.0,30.93455904293081,121.73102346860367,2019-07-18-23-37-25
1.0,30.9348508945556,121.69456065852539,2019-07-18-23-37-25
1.0,30.934850485731456,121.69481025976198,2019-07-18-23-37-25
1.0,30.93484220504002,121.70005225015522,2019-07-18-23-37-25
1.0,30.934817462331267,121.71977973666617,2019-07-18-23-37-25
1.0,30.934810251626512,121.72877428475243,2019-07-18-23-37-25
1.0,30.935107449514614,121.69056721231635,2019-07-18-23-37-25
1.0,30.93509993003486,121.69505984167192,2019-07-18-23-37-25
1.0,30.935098714933144,121.69580865900186,2019-07-18-23-37-25
1.0,30.935059178605997,121.73027368179052,2019-07-18-23-37-25
1.0,30.93531554648956,121.72152837802342,2019-07-18-23-37-25
1.0,30.935624092921888,121.68108401889637,2019-07-18-23-37-25
1.0,30.908821378299432,121.75453017098626,2019-07-18-23-37-25
1.0,30.90885965225414,121.79358837154446,2019-07-18-23-37-25
1.0,30.908863173087514,121.79584327573279,2019-07-18-23-37-25
1.0,30.908863969858412,121.79634438253483,2019-07-18-23-37-25
1.0,30.9088643701424,121.79659493818158,2019-07-18-23-37-25
1.0,30.909074999045792,121.7295261365219,2019-07-18-23-37-25
1.0,30.909071230990396,121.75453015008036,2019-07-18-23-37-25
1.0,30.90907131235257,121.75478033025846,2019-07-18-23-37-25
1.0,30.90907247016589,121.75778270577635,2019-07-18-23-37-25
1.0,30.90910535324933,121.79083253580893,2019-07-18-23-37-25
1.0,30.909106842943416,121.79183462671517,2019-07-18-23-37-25
1.0,30.909107218987696,121.79208515371658,2019-07-18-23-37-25
1.0,30.909109890783053,121.79383888936118,2019-07-18-23-37-25
1.0,30.909110277993104,121.7940894295519,2019-07-18-23-37-25
2.0,30.90911066655519,121.79433997134039,2019-07-18-23-37-25
2.0,30.90932051707107,121.75252878687205,2019-07-18-23-37-25
1.0,30.909321165032708,121.75478030935275,2019-07-18-23-37-25
1.0,30.90932254821105,121.75828311889056,2019-07-18-23-37-25
1.0,30.909359743452903,121.79383886859749,2019-07-18-23-37-25
1.0,30.909362481970245,121.79559268309275,2019-07-18-23-37-25
1.0,30.909571017702135,121.75478028844687,2019-07-18-23-37-25
1.0,30.937184641240368,121.64839607102891,2019-07-18-23-37-25
1.0,30.937490308227506,121.59019697343983,2019-07-18-23-37-25
1.0,30.937490374484792,121.5906971554512,2019-07-18-23-37-25
1.0,30.93749040345095,121.59094724171855,2019-07-18-23-37-25
1.0,30.937490429645255,121.5911973248306,2019-07-18-23-37-25
1.0,30.93749045307011,121.59144740479017,2019-07-18-23-37-25
1.0,30.93749053560371,121.59294781850937,2019-07-18-23-37-25
1.0,30.937489066663726,121.60169801227144,2019-07-18-23-37-25
1.0,30.93745010848589,121.63916176307208,2019-07-18-23-37-25
1.0,30.937434493079294,121.64839605043689,2019-07-18-23-37-25
1.0,30.937740160072828,121.59019695299536,2019-07-18-23-37-25
1.0,30.937740194589676,121.59044704558156,2019-07-18-23-37-25
1.0,30.93774022633,121.59069713500706,2019-07-18-23-37-25
1.0,30.937740325572985,121.59169746115653,2019-07-18-23-37-25
1.0,30.937740370970328,121.59244767271822,2019-07-18-23-37-25
1.0,30.937740387448407,121.59294779806639,2019-07-18-23-37-25
1.0,30.93774035862417,121.59469813833378,2019-07-18-23-37-25
1.0,30.937990156755667,121.59144736390263,2019-07-18-23-37-25
1.0,30.937990177413447,121.59169744071279,2019-07-18-23-37-25
1.0,30.935601271531127,121.69406139803786,2019-07-18-23-37-25
1.0,30.93558517085047,121.70454592803036,2019-07-18-23-37-25
1.0,30.935567988987675,121.71878048024787,2019-07-18-23-37-25
1.0,30.935563062456424,121.72427653477833,2019-07-18-23-37-25
1.0,30.935851535911286,121.69381178041361,2019-07-18-23-37-25
1.0,30.9358450878566,121.69780551162306,2019-07-18-23-37-25
1.0,30.93581961860103,121.71703196305826,2019-07-18-23-37-25
1.0,30.935819358587693,121.71728174109168,2019-07-18-23-37-25
1.0,30.936117413358065,121.68457759665009,2019-07-18-23-37-25
1.0,30.936116963117126,121.68482714787933,2019-07-18-23-37-25
1.0,30.936096520389412,121.69680702048343,2019-07-18-23-37-25
1.0,30.936063171601788,121.72377680152479,2019-07-18-23-37-25
1.0,30.936342846646326,121.69905359476763,2019-07-18-23-37-25
1.0,30.936665686205224,121.65887659680325,2019-07-18-23-37-25
1.0,30.93659985757915,121.6945605127453,2019-07-18-23-37-25
1.0,30.9365958268925,121.69705659396568,2019-07-18-23-37-25
1.0,30.936872431751517,121.68158299304596,2019-07-18-23-37-25
1.0,30.936817002376312,121.71903017047309,2019-07-18-23-37-25
1.0,30.936813141175396,121.72327705751631,2019-07-18-23-37-25
1.0,30.937184641240368,121.64839607102891,2019-07-18-23-37-25
1.0,30.909572400879636,121.75828309799105,2019-07-18-23-37-25
1.0,30.9095726354433,121.758783542822,2019-07-18-23-37-25
1.0,30.909588899052654,121.77855934402842,2019-07-18-23-37-25
1.0,30.909608442692274,121.79308723695391,2019-07-18-23-37-25
1.0,30.90960882578747,121.79333777228571,2019-07-18-23-37-25
1.0,30.909828085310888,121.72452853830985,2019-07-18-23-37-25
1.0,30.909827309140418,121.72552796224605,2019-07-18-23-37-25
1.0,30.909820222400338,121.75252874505333,2019-07-18-23-37-25
1.0,30.909822028172066,121.75778264307485,2019-07-18-23-37-25
1.0,30.909822857140234,121.75953420938858,2019-07-18-23-37-25
1.0,30.90982298472583,121.75978444392028,2019-07-18-23-37-25
1.0,30.909824849645837,121.76303773542116,2019-07-18-23-37-25
1.0,30.909852721167947,121.78932938958549,2019-07-18-23-37-25
1.0,30.910070075049042,121.75252872414369,2019-07-18-23-37-25
1.0,30.910070411591654,121.75377954241395,2019-07-18-23-37-25
1.0,30.910081571287968,121.77179874958719,2019-07-18-23-37-25
1.0,30.91010079079353,121.78807684848579,2019-07-18-23-37-25
1.0,30.910109301398418,121.79383880630527,2019-07-18-23-37-25
1.0,30.910118947335068,121.79985218839435,2019-07-18-23-37-25
1.0,30.938235247214738,121.57868920502753,2019-07-18-23-37-25
1.0,30.938489914105663,121.59219754400836,2019-07-18-23-37-25
1.0,30.938988787707583,121.58719549231793,2019-07-18-23-37-25
1.0,30.9389888557006,121.58744562301553,2019-07-18-23-37-25
1.0,30.938948819434234,121.63941123967477,2019-07-18-23-37-25
1.0,30.939239392467957,121.59119718171996,2019-07-18-23-37-25
1.0,30.93948439279043,121.60869537244243,2019-07-18-23-37-25
1.0,30.939484231751504,121.60894524257398,2019-07-18-23-37-25
1.0,30.93969996659968,121.63841276920012,2019-07-18-23-37-25
1.0,30.93998900987399,121.59194735082072,2019-07-18-23-37-25
1.0,30.939946206520005,121.64065913442612,2019-07-18-23-37-25
1.0,30.93990474641584,121.6636171774237,2019-07-18-23-37-25
1.0,30.94023769082203,121.60094791664308,2019-07-18-23-37-25
1.0,30.940484077280434,121.57893926052945,2019-07-18-23-37-25
1.0,30.940487913493754,121.59969805174136,2019-07-18-23-37-25
1.0,30.940734248032385,121.57943970977534,2019-07-18-23-37-25
1.0,30.940701331849215,121.63716464059632,2019-07-18-23-37-25
1.0,30.940699373764883,121.63841268700979,2019-07-18-23-37-25
1.0,30.940697380657884,121.63966069418578,2019-07-18-23-37-25
1.0,30.940956100967718,121.63391950444382,2019-07-18-23-37-25
1.0,30.94094479643328,121.64115823270345,2019-07-18-23-37-25
2.0,30.941233302432796,121.57843871659314,2019-07-18-23-37-25
1.0,30.937084989146285,121.70404646861542,2019-07-18-23-37-25
1.0,30.937434493079294,121.64839605043689,2019-07-18-23-37-25
1.0,30.937363538535486,121.68632437283223,2019-07-18-23-37-25
1.0,30.93732286607169,121.71328544658486,2019-07-18-23-37-25
1.0,30.937315980820134,121.7197795275354,2019-07-18-23-37-25
1.0,30.937315743206426,121.72002933203761,2019-07-18-23-37-25
1.0,30.93761472841172,121.68557568292974,2019-07-18-23-37-25
1.0,30.937592105825008,121.69905349053806,2019-07-18-23-37-25
1.0,30.9375696414449,121.71603272815851,2019-07-18-23-37-25
1.0,30.937820035121096,121.71553317701225,2019-07-18-23-37-25
1.0,30.937819763209152,121.71578294096977,2019-07-18-23-37-25
1.0,30.937817915259306,121.71753135423057,2019-07-18-23-37-25
1.0,30.937817659263068,121.71778113700837,2019-07-18-23-37-25
1.0,30.938071275761338,121.71428437094755,2019-07-18-23-37-25
1.0,30.938069886935722,121.71553315610845,2019-07-18-23-37-25
1.0,30.938064598275556,121.72077869750828,2019-07-18-23-37-25
1.0,30.93806414178847,121.72127832864552,2019-07-18-23-37-25
1.0,30.93806098886447,121.72502588180585,2019-07-18-23-37-25
1.0,30.938320845927116,121.71453410248817,2019-07-18-23-37-25
1.0,30.938319466833896,121.71578289916063,2019-07-18-23-37-25
1.0,30.891896201676357,121.80937637431789,2019-07-18-23-37-25
1.0,30.891941399813483,121.8336879044708,2019-07-18-23-37-25
1.0,30.892151971477855,121.81263442291018,2019-07-18-23-37-25
1.0,30.892152890483516,121.81313567493925,2019-07-18-23-37-25
1.0,30.892158910544165,121.81639386955324,2019-07-18-23-37-25
1.0,30.892187078048643,121.83143218712715,2019-07-18-23-37-25
1.0,30.89218800879868,121.83193345631267,2019-07-18-23-37-25
1.0,30.89219217620846,121.83418914439078,2019-07-18-23-37-25
1.0,30.892402284233434,121.81288502796356,2019-07-18-23-37-25
1.0,30.892403665090903,121.8136369088512,2019-07-18-23-37-25
1.0,30.89243879148273,121.8324347032371,2019-07-18-23-37-25
1.0,30.89243971897562,121.83293596882002,2019-07-18-23-37-25
1.0,30.8924401820621,121.83318660087802,2019-07-18-23-37-25
1.0,30.892651219809654,121.81238375658867,2019-07-18-23-37-25
1.0,30.8926516785017,121.81263438162779,2019-07-18-23-37-25
1.0,30.892653057796753,121.81338626063177,2019-07-18-23-37-25
1.0,30.892659083542107,121.8166444622087,2019-07-18-23-37-25
1.0,30.89266001654353,121.81714573128073,2019-07-18-23-37-25
1.0,30.9103200552607,121.75302902226001,2019-07-18-23-37-25
1.0,30.910333860165462,121.77430243877382,2019-07-18-23-37-25
1.0,30.91057307575276,121.76078534614426,2019-07-18-23-37-25
1.0,30.91086561892184,121.79809813682908,2019-07-18-23-37-25
1.0,30.91106968042211,121.75327912318902,2019-07-18-23-37-25
1.0,30.911089768947168,121.78006178917602,2019-07-18-23-37-25
1.0,30.91131946570846,121.75302893862154,2019-07-18-23-37-25
1.0,30.911319674676566,121.75377943787186,2019-07-18-23-37-25
1.0,30.911320823148813,121.7570318869711,2019-07-18-23-37-25
1.0,30.91135856443071,121.79383870248112,2019-07-18-23-37-25
1.0,30.911569460955263,121.73852418528939,2019-07-18-23-37-25
1.0,30.911594471028668,121.78406897727677,2019-07-18-23-37-25
1.0,30.912081884734505,121.7187824449734,2019-07-18-23-37-25
1.0,30.912331985179193,121.71853263165622,2019-07-18-23-37-25
1.0,30.912327840574193,121.72302926999159,2019-07-18-23-37-25
1.0,30.91232763033651,121.72327910686442,2019-07-18-23-37-25
1.0,30.912327422241585,121.72352894626583,2019-07-18-23-37-25
1.0,30.912320554178418,121.75778243405738,2019-07-18-23-37-25
1.0,30.9125799122041,121.72053101811184,2019-07-18-23-37-25
1.0,30.9125925895984,121.78306703659595,2019-07-18-23-37-25
1.0,30.91259861438787,121.78757564533194,2019-07-18-23-37-25
1.0,30.91282071918337,121.75878327112434,2019-07-18-23-37-25
1.0,30.912825322984716,121.76629122008815,2019-07-18-23-37-25
1.0,30.941209904025055,121.6311733811924,2019-07-18-23-37-25
1.0,30.941199864837827,121.63791343215019,2019-07-18-23-37-25
1.0,30.941194237670288,121.64140780024834,2019-07-18-23-37-25
3.0,30.941483154218982,121.57843869612826,2019-07-18-23-37-25
1.0,30.941479938311623,121.61319245070271,2019-07-18-23-37-25
1.0,30.94146545102314,121.62692892006233,2019-07-18-23-37-25
1.0,30.94144932356099,121.63816301927567,2019-07-18-23-37-25
1.0,30.941737672502725,121.59744803893727,2019-07-18-23-37-25
1.0,30.9417103041756,121.63067402418551,2019-07-18-23-37-25
1.0,30.941696787760602,121.6396606119704,2019-07-18-23-37-25
1.0,30.941980435181772,121.61219309868419,2019-07-18-23-37-25
1.0,30.94195402265683,121.63491795045894,2019-07-18-23-37-25
1.0,30.94194704088418,121.63941099304871,2019-07-18-23-37-25
1.0,30.941946236824425,121.63991018827807,2019-07-18-23-37-25
1.0,30.942232876078695,121.57868887761194,2019-07-18-23-37-25
1.0,30.942235458529346,121.60369714852958,2019-07-18-23-37-25
1.0,30.942482219829362,121.57793811888493,2019-07-18-23-37-25
1.0,30.942487130035527,121.58894605406704,2019-07-18-23-37-25
1.0,30.942445130949285,121.64040933642167,2019-07-18-23-37-25
1.0,30.942702825878012,121.63541714239702,2019-07-18-23-37-25
1.0,30.93858810247464,121.70130013942381,2019-07-18-23-37-25
1.0,30.938569590551797,121.71553311430029,2019-07-18-23-37-25
1.0,30.938568780722218,121.7162824131532,2019-07-18-23-37-25
1.0,30.93856231414232,121.72302707424247,2019-07-18-23-37-25
1.0,30.938826540219132,121.70953943555708,2019-07-18-23-37-25
1.0,30.93882497321049,121.71078800969705,2019-07-18-23-37-25
1.0,30.93882111475043,121.71403455808516,2019-07-18-23-37-25
1.0,30.938815816907066,121.71903000317182,2019-07-18-23-37-25
1.0,30.939078660611454,121.70779149955806,2019-07-18-23-37-25
1.0,30.939063100913057,121.72177788602673,2019-07-18-23-37-25
1.0,30.93931728408822,121.71728144837772,2019-07-18-23-37-25
1.0,30.939317026079813,121.71753122877331,2019-07-18-23-37-25
1.0,30.939312952705023,121.72177786510684,2019-07-18-23-37-25
2.0,30.93931273182614,121.72202768936998,2019-07-18-23-37-25
1.0,30.93958315283483,121.70429592608777,2019-07-18-23-37-25
1.0,30.939575149976648,121.71028851094944,2019-07-18-23-37-25
1.0,30.93956899773282,121.71553303068166,2019-07-18-23-37-25
1.0,30.93956792191026,121.71653210048095,2019-07-18-23-37-25
1.0,30.939567395890933,121.71703164944438,2019-07-18-23-37-25
1.0,30.93956537228458,121.71902994043069,2019-07-18-23-37-25
1.0,30.93956512848895,121.71927973762425,2019-07-18-23-37-25
1.0,30.939564886747938,121.7195295372455,2019-07-18-23-37-25
1.0,30.939563252579124,121.72127820313432,2019-07-18-23-37-25
1.0,30.89268864498159,121.8324346827213,2019-07-18-23-37-25
1.0,30.89268957247433,121.83293594830738,2019-07-18-23-37-25
1.0,30.892690035560737,121.83318658036696,2019-07-18-23-37-25
1.0,30.892729490264013,121.85649125785139,2019-07-18-23-37-25
1.0,30.892908471055094,121.81639380770004,2019-07-18-23-37-25
1.0,30.892908937031347,121.81664444159236,2019-07-18-23-37-25
1.0,30.89315368685684,121.81388747513485,2019-07-18-23-37-25
1.0,30.893217079162273,121.84872417217477,2019-07-18-23-37-25
1.0,30.893408177991002,121.81639376646363,2019-07-18-23-37-25
1.0,30.893408643967106,121.81664440035911,2019-07-18-23-37-25
1.0,30.89343959597098,121.83318651883265,2019-07-18-23-37-25
1.0,30.893650175550725,121.81213304964074,2019-07-18-23-37-25
1.0,30.89365109237808,121.81263429906073,2019-07-18-23-37-25
2.0,30.893651551614187,121.81288492476303,2019-07-18-23-37-25
1.0,30.893660832356865,121.81789755546995,2019-07-18-23-37-25
1.0,30.893661300273592,121.81814819176563,2019-07-18-23-37-25
1.0,30.893900945811794,121.8126342784185,2019-07-18-23-37-25
1.0,30.91311146398963,121.7963440297602,2019-07-18-23-37-25
1.0,30.91311717816176,121.79985193960705,2019-07-18-23-37-25
1.0,30.91331798482578,121.75177799449592,2019-07-18-23-37-25
1.0,30.91336578678445,121.7991002009087,2019-07-18-23-37-25
1.0,30.913600509672513,121.78932907775132,2019-07-18-23-37-25
1.0,30.9136156392781,121.79910018017074,2019-07-18-23-37-25
1.0,30.91382826187274,121.72153017612432,2019-07-18-23-37-25
1.0,30.913817094796293,121.74477488690113,2019-07-18-23-37-25
1.0,30.913850002457792,121.78907854922303,2019-07-18-23-37-25
1.0,30.91410351977471,121.79158368586567,2019-07-18-23-37-25
1.0,30.914103894378712,121.79183421119414,2019-07-18-23-37-25
1.0,30.914110873947916,121.79634394674646,2019-07-18-23-37-25
1.0,30.914117004991567,121.80010243199652,2019-07-18-23-37-25
1.0,30.914320216708195,121.73252472590295,2019-07-18-23-37-25
1.0,30.914344837428185,121.78557159487855,2019-07-18-23-37-25
1.0,30.91436233501517,121.79734615754258,2019-07-18-23-37-25
1.0,30.914363963161623,121.7983484122253,2019-07-18-23-37-25
1.0,30.914365196700526,121.7991001179557,2019-07-18-23-37-25
1.0,30.942694982705056,121.64040931586344,2019-07-18-23-37-25
1.0,30.94294764380244,121.63866210658388,2019-07-18-23-37-25
1.0,30.943236685322624,121.5889459927189,2019-07-18-23-37-25
1.0,30.943236995613805,121.59594783833705,2019-07-18-23-37-25
1.0,30.94319789141585,121.63841248152087,2019-07-18-23-37-25
1.0,30.94319098027955,121.64265555527764,2019-07-18-23-37-25
1.0,30.943447743161883,121.63841246097095,2019-07-18-23-37-25
1.0,30.943736801659117,121.59469764765645,2019-07-18-23-37-25
1.0,30.943969407187545,121.62243393314861,2019-07-18-23-37-25
1.0,30.943943834761438,121.64065880548391,2019-07-18-23-37-25
1.0,30.943943426788316,121.64090839644477,2019-07-18-23-37-25
1.0,30.94447795518486,121.61344202622651,2019-07-18-23-37-25
1.0,30.944452540141672,121.63491774510949,2019-07-18-23-37-25
1.0,30.94473363623338,121.60444671729518,2019-07-18-23-37-25
1.0,30.94472739153834,121.61394164004358,2019-07-18-23-37-25
1.0,30.94468413423893,121.64614943241972,2019-07-18-23-37-25
1.0,30.944954096395556,121.63366953947747,2019-07-18-23-37-25
1.0,30.945234882343595,121.60044757891941,2019-07-18-23-37-25
2.0,30.945217219232077,121.62368245370337,2019-07-18-23-37-25
1.0,30.94544130554804,121.6416570373436,2019-07-18-23-37-25
1.0,30.94542797388767,121.64939359525401,2019-07-18-23-37-25
1.0,30.94569238887803,121.64090825250958,2019-07-18-23-37-25
1.0,30.93990474641584,121.6636171774237,2019-07-18-23-37-25
1.0,30.939872035153364,121.6808341281783,2019-07-18-23-37-25
1.0,30.93985549238255,121.69006766316782,2019-07-18-23-37-25
1.0,30.93982626617838,121.70928964357378,2019-07-18-23-37-25
1.0,30.939824690162027,121.71053820702024,2019-07-18-23-37-25
1.0,30.939819956700024,121.7145339770769,2019-07-18-23-37-25
1.0,30.939819399215764,121.71503348882054,2019-07-18-23-37-25
1.0,30.93981724767558,121.71703162853525,2019-07-18-23-37-25
1.0,30.939813792231252,121.72052873922537,2019-07-18-23-37-25
1.0,30.940080079846446,121.70629328328654,2019-07-18-23-37-25
1.0,30.940068701298653,121.71553298887119,2019-07-18-23-37-25
1.0,30.94006658143354,121.71753116604211,2019-07-18-23-37-25
1.0,30.94006142488072,121.72302694870729,2019-07-18-23-37-25
1.0,30.940060800584916,121.72377646675642,2019-07-18-23-37-25
1.0,30.940330960464298,121.70554422311262,2019-07-18-23-37-25
1.0,30.940330615851455,121.70579390089887,2019-07-18-23-37-25
1.0,30.94031966025824,121.7145339352716,2019-07-18-23-37-25
1.0,30.940318281163194,121.71578273191639,2019-07-18-23-37-25
1.0,30.940316433210118,121.71753114513132,2019-07-18-23-37-25
1.0,30.940313729251454,121.72027888799178,2019-07-18-23-37-25
1.0,30.940573321624765,121.71128730817664,2019-07-18-23-37-25
1.0,30.940568132936175,121.71578271101,2019-07-18-23-37-25
1.0,30.893903247199226,121.81388741323217,2019-07-18-23-37-25
1.0,30.893910218165615,121.81764689892812,2019-07-18-23-37-25
1.0,30.89415079923147,121.81263425777608,2019-07-18-23-37-25
1.0,30.894152639323337,121.81363676440195,2019-07-18-23-37-25
1.0,30.89415310061853,121.81388739259756,2019-07-18-23-37-25
1.0,30.89416100712371,121.81814815055027,2019-07-18-23-37-25
1.0,30.894401111873034,121.81288486284043,2019-07-18-23-37-25
1.0,30.894401571641474,121.81313548919063,2019-07-18-23-37-25
1.0,30.894402954023843,121.81388737196276,2019-07-18-23-37-25
1.0,30.89447956356112,121.85724268039593,2019-07-18-23-37-25
1.0,30.894651425033064,121.81313546855095,2019-07-18-23-37-25
1.0,30.89465280741521,121.81388735132779,2019-07-18-23-37-25
1.0,30.894659311060423,121.81739620153603,2019-07-18-23-37-25
1.0,30.894659778378255,121.81764683709473,2019-07-18-23-37-25
1.0,30.894660246001433,121.81789747303215,2019-07-18-23-37-25
1.0,30.894729052082244,121.85699214008966,2019-07-18-23-37-25
1.0,30.894983177561176,121.85999823682684,2019-07-18-23-37-25
1.0,30.895207022940937,121.84346168941983,2019-07-18-23-37-25
1.0,30.895490072741616,121.86550866991904,2019-07-18-23-37-25
1.0,30.895688276443316,121.83318633421963,2019-07-18-23-37-25
1.0,30.896425213250225,121.82641907511614,2019-07-18-23-37-25
1.0,30.896604949367852,121.785322592552,2019-07-18-23-37-25
1.0,30.9146134067838,121.79809782568347,2019-07-18-23-37-25
1.0,30.91482031253655,121.73177489071054,2019-07-18-23-37-25
1.0,30.91506977409421,121.73252466315037,2019-07-18-23-37-25
1.0,30.915333620695677,121.7152852958696,2019-07-18-23-37-25
1.0,30.915345950280358,121.78682393781956,2019-07-18-23-37-25
1.0,30.915360937994837,121.79684495582178,2019-07-18-23-37-25
1.0,30.915363782937504,121.79859889645319,2019-07-18-23-37-25
1.0,30.91536460646261,121.79910003499968,2019-07-18-23-37-25
1.0,30.915583748953868,121.71503551559411,2019-07-18-23-37-25
1.0,30.91557042302229,121.73077514114337,2019-07-18-23-37-25
1.0,30.91559580270071,121.78682391701544,2019-07-18-23-37-25
1.0,30.91560800632227,121.79509106643519,2019-07-18-23-37-25
1.0,30.915611597196648,121.79734605379788,2019-07-18-23-37-25
1.0,30.91561240886718,121.79784717830947,2019-07-18-23-37-25
1.0,30.915614046537268,121.79884944429878,2019-07-18-23-37-25
1.0,30.915614458879478,121.7991000142602,2019-07-18-23-37-25
1.0,30.915857466173794,121.79484049912381,2019-07-18-23-37-25
1.0,30.915859841004387,121.79634380146511,2019-07-18-23-37-25
1.0,30.915861854834215,121.79759659458861,2019-07-18-23-37-25
1.0,30.91586348776218,121.79859885496838,2019-07-18-23-37-25
1.0,30.915865139407778,121.79960113751797,2019-07-18-23-37-25
1.0,30.945690744203,121.64190660204673,2019-07-18-23-37-25
1.0,30.945682236933358,121.6468980336025,2019-07-18-23-37-25
1.0,30.945984511702207,121.60019754868712,2019-07-18-23-37-25
1.0,30.94589880111866,121.6648642583382,2019-07-18-23-37-25
1.0,30.946182376119346,121.64664843238374,2019-07-18-23-37-25
1.0,30.946180627054574,121.64764666586412,2019-07-18-23-37-25
1.0,30.94615008568843,121.6641156918204,2019-07-18-23-37-25
1.0,30.946483786255243,121.58544387445708,2019-07-18-23-37-25
1.0,30.946430917525248,121.64739708855276,2019-07-18-23-37-25
1.0,30.94668120700451,121.64714751015102,2019-07-18-23-37-25
1.0,30.946984710155107,121.59044628901182,2019-07-18-23-37-25
1.0,30.946939588446558,121.64215608308288,2019-07-18-23-37-25
1.0,30.946934523875903,121.64515098613508,2019-07-18-23-37-25
1.0,30.947229744395706,121.57843822538464,2019-07-18-23-37-25
1.0,30.947234648761736,121.59119652738384,2019-07-18-23-37-25
1.0,30.94719432724112,121.63916096152577,2019-07-18-23-37-25
1.0,30.94717738120344,121.64914390157976,2019-07-18-23-37-25
1.0,30.947176042477864,121.64989254699013,2019-07-18-23-37-25
1.0,30.947174695922637,121.65064118380579,2019-07-18-23-37-25
1.0,30.947431198881873,121.64689788946092,2019-07-18-23-37-25
1.0,30.947694030640097,121.63916092041316,2019-07-18-23-37-25
1.0,30.947690382726794,121.64140726558013,2019-07-18-23-37-25
1.0,30.940563581023596,121.72027886707421,2019-07-18-23-37-25
1.0,30.940822869106615,121.71153701290596,2019-07-18-23-37-25
1.0,30.940822566665457,121.71178674071685,2019-07-18-23-37-25
1.0,30.940819084088616,121.71478364818691,2019-07-18-23-37-25
1.0,30.940818806316187,121.71503340520357,2019-07-18-23-37-25
1.0,30.94081798470531,121.71578269010341,2019-07-18-23-37-25
1.0,30.940817446786987,121.71628222498876,2019-07-18-23-37-25
1.0,30.94081639476027,121.71728132291739,2019-07-18-23-37-25
1.0,30.940813199327582,121.72052865555321,2019-07-18-23-37-25
1.0,30.94107394903197,121.71053810256583,2019-07-18-23-37-25
1.0,30.941073639248028,121.71078782167542,2019-07-18-23-37-25
1.0,30.941329338700836,121.70629317890308,2019-07-18-23-37-25
1.0,30.941323491010515,121.71078780078318,2019-07-18-23-37-25
1.0,30.94131558428097,121.71778084425522,2019-07-18-23-37-25
1.0,30.94131198988721,121.72152787597494,2019-07-18-23-37-25
1.0,30.941581967020685,121.70429575913332,2019-07-18-23-37-25
1.0,30.941577842239038,121.70729190505809,2019-07-18-23-37-25
1.0,30.94157587147916,121.7087900868205,2019-07-18-23-37-25
1.0,30.94157522857125,121.70928949736475,2019-07-18-23-37-25
1.0,30.94157152264035,121.7122861402465,2019-07-18-23-37-25
1.0,30.941570346503003,121.71328509130934,2019-07-18-23-37-25
1.0,30.941568361601423,121.71503334248885,2019-07-18-23-37-25
1.0,30.896898727245397,121.81238340563145,2019-07-18-23-37-25
1.0,30.897096251704557,121.77856038562417,2019-07-18-23-37-25
1.0,30.89709770886158,121.77981252167521,2019-07-18-23-37-25
1.0,30.897101392612186,121.7828178678728,2019-07-18-23-37-25
1.0,30.897346682219005,121.77906121262725,2019-07-18-23-37-25
1.0,30.897870440465816,121.79634529534441,2019-07-18-23-37-25
1.0,30.898176067539413,121.8274214914069,2019-07-18-23-37-25
1.0,30.898375445335674,121.79960258863883,2019-07-18-23-37-25
1.0,30.89837586109837,121.7998531625491,2019-07-18-23-37-25
1.0,30.898638658277093,121.80737091851344,2019-07-18-23-37-25
1.0,30.898641341814717,121.80887458666159,2019-07-18-23-37-25
1.0,30.89864953773455,121.81338576529681,2019-07-18-23-37-25
1.0,30.898734351569082,121.86250281641857,2019-07-18-23-37-25
1.0,30.898850048273882,121.78256726509876,2019-07-18-23-37-25
3.0,30.898868659968887,121.79559355460755,2019-07-18-23-37-25
1.0,30.89886905643849,121.79584410568464,2019-07-18-23-37-25
1.0,30.898869454190596,121.79609465827832,2019-07-18-23-37-25
1.0,30.898869853215132,121.79634521237686,2019-07-18-23-37-25
1.0,30.898871867069428,121.797598005029,2019-07-18-23-37-25
1.0,30.89887227351517,121.79784856790809,2019-07-18-23-37-25
1.0,30.89888236434836,121.80386247535553,2019-07-18-23-37-25
1.0,30.89889939089731,121.8133857446555,2019-07-18-23-37-25
2.0,30.898913382420066,121.82090477861207,2019-07-18-23-37-25
1.0,30.916073592866553,121.76654125401635,2019-07-18-23-37-25
1.0,30.916100855404554,121.79058143548053,2019-07-18-23-37-25
1.0,30.916107711130305,121.79509102491123,2019-07-18-23-37-25
1.0,30.916108104999886,121.79534157301389,2019-07-18-23-37-25
1.0,30.916108500172005,121.79559212265677,2019-07-18-23-37-25
1.0,30.916109294383812,121.79609322651646,2019-07-18-23-37-25
1.0,30.916111707232865,121.79759657384031,2019-07-18-23-37-25
1.0,30.91611499180585,121.79960111678096,2019-07-18-23-37-25
1.0,30.91635795738994,121.79534155225298,2019-07-18-23-37-25
1.0,30.91635835256199,121.79559210189723,2019-07-18-23-37-25
2.0,30.916360750385042,121.79709543145162,2019-07-18-23-37-25
1.0,30.91636237370467,121.79809768046762,2019-07-18-23-37-25
1.0,30.916363603732194,121.79884938207496,2019-07-18-23-37-25
1.0,30.91656874976662,121.75928341323467,2019-07-18-23-37-25
1.0,30.916608204942786,121.7955920811375,2019-07-18-23-37-25
1.0,30.916608601407297,121.79584263231165,2019-07-18-23-37-25
1.0,30.916611006773167,121.79734597079872,2019-07-18-23-37-25
1.0,30.91681825192801,121.73352427903251,2019-07-18-23-37-25
1.0,30.91756792785264,121.73327427162948,2019-07-18-23-37-25
1.0,30.918067632546265,121.73327422978831,2019-07-18-23-37-25
1.0,30.91831446679889,121.74427437502337,2019-07-18-23-37-25
1.0,30.91856505918454,121.7525280131018,2019-07-18-23-37-25
1.0,30.947653959004757,121.66162040326957,2019-07-18-23-37-25
1.0,30.94790286004794,121.66211941736019,2019-07-18-23-37-25
1.0,30.94819373402987,121.6391608792998,2019-07-18-23-37-25
1.0,30.948190905920494,121.64090804687193,2019-07-18-23-37-25
1.0,30.948190086115837,121.64140722444655,2019-07-18-23-37-25
1.0,30.948189674307592,121.64165681110568,2019-07-18-23-37-25
1.0,30.948189261243844,121.64190639636351,2019-07-18-23-37-25
1.0,30.94818884693595,121.64215598023318,2019-07-18-23-37-25
1.0,30.948188431395288,121.64240556272789,2019-07-18-23-37-25
1.0,30.948186757133424,121.64340387922134,2019-07-18-23-37-25
1.0,30.948444777475085,121.6384120499332,2019-07-18-23-37-25
1.0,30.94843869862704,121.64215595966269,2019-07-18-23-37-25
1.0,30.94843828308634,121.64240554215624,2019-07-18-23-37-25
1.0,30.94843786632428,121.642655123288,2019-07-18-23-37-25
1.0,30.948693836044697,121.63891123679862,2019-07-18-23-37-25
1.0,30.94868978949613,121.64140718331224,2019-07-18-23-37-25
1.0,30.948688964623976,121.64190635522462,2019-07-18-23-37-25
1.0,30.94868813477526,121.6424055215844,2019-07-18-23-37-25
1.0,30.94894949563041,121.63516700304433,2019-07-18-23-37-25
1.0,30.948946438943278,121.63716396259045,2019-07-18-23-37-25
1.0,30.948944084987083,121.6386616133123,2019-07-18-23-37-25
1.0,30.94894208503461,121.63990961265009,2019-07-18-23-37-25
1.0,30.9489379864621,121.64240550101236,2019-07-18-23-37-25
1.0,30.941561841644038,121.72152785505386,2019-07-18-23-37-25
1.0,30.941561618653445,121.72177767681923,2019-07-18-23-37-25
1.0,30.941832173191738,121.70404607213271,2019-07-18-23-37-25
1.0,30.94183181877699,121.70429573826316,2019-07-18-23-37-25
1.0,30.941815543789385,121.71753101966256,2019-07-18-23-37-25
1.0,30.94181169339723,121.72152783413259,2019-07-18-23-37-25
1.0,30.94181038722928,121.72302680224085,2019-07-18-23-37-25
1.0,30.941809968885277,121.72352647840029,2019-07-18-23-37-25
1.0,30.9420820249445,121.70404605126329,2019-07-18-23-37-25
1.0,30.94207821646358,121.706792485753,2019-07-18-23-37-25
1.0,30.94207788025258,121.70704217351208,2019-07-18-23-37-25
1.0,30.942073356060202,121.71053801899888,2019-07-18-23-37-25
1.0,30.942062691577476,121.72027874156475,2019-07-18-23-37-25
1.0,30.942316825296174,121.71603233093154,2019-07-18-23-37-25
1.0,30.942314485356007,121.71828033330183,2019-07-18-23-37-25
1.0,30.942314235431926,121.7185301232469,2019-07-18-23-37-25
1.0,30.942313497903505,121.71927950755213,2019-07-18-23-37-25
1.0,30.942312309859215,121.72052853003923,2019-07-18-23-37-25
1.0,30.94230488082511,121.7302730747179,2019-07-18-23-37-25
1.0,30.942563839287605,121.7187798946834,2019-07-18-23-37-25
1.0,30.94256334964656,121.71927948663533,2019-07-18-23-37-25
1.0,30.94256310790498,121.71952928624955,2019-07-18-23-37-25
1.0,30.898913852906837,121.82115541821375,2019-07-18-23-37-25
1.0,30.89911890959339,121.79584408493953,2019-07-18-23-37-25
1.0,30.89912542059859,121.79985310038148,2019-07-18-23-37-25
1.0,30.89912625546526,121.80035425217118,2019-07-18-23-37-25
1.0,30.899130923314452,121.80311067726107,2019-07-18-23-37-25
1.0,30.899140150618717,121.80837331901641,2019-07-18-23-37-25
1.0,30.899140599008994,121.80862393173278,2019-07-18-23-37-25
1.0,30.899141948517727,121.80937577507171,2019-07-18-23-37-25
1.0,30.89914375755406,121.8103782444654,2019-07-18-23-37-25
1.0,30.899162765228187,121.82065411860948,2019-07-18-23-37-25
3.0,30.899163235567613,121.82090475801807,2019-07-18-23-37-25
1.0,30.89916511827572,121.82190731745686,2019-07-18-23-37-25
1.0,30.899182038945774,121.83093034153737,2019-07-18-23-37-25
1.0,30.899348505022118,121.78156541588535,2019-07-18-23-37-25
1.0,30.89936876273537,121.79584406419424,2019-07-18-23-37-25
1.0,30.899369559511726,121.79634517089195,2019-07-18-23-37-25
1.0,30.8993723874575,121.79809909074339,2019-07-18-23-37-25
1.0,30.899373206312312,121.79860022356726,2019-07-18-23-37-25
1.0,30.89937527373942,121.79985307965858,2019-07-18-23-37-25
1.0,30.899380346999386,121.8028600663963,2019-07-18-23-37-25
1.0,30.899390452147262,121.8086239110617,2019-07-18-23-37-25
1.0,30.899390901268113,121.8088745246535,2019-07-18-23-37-25
1.0,30.91859507239024,121.78757514611823,2019-07-18-23-37-25
1.0,30.91906754009381,121.73227439462853,2019-07-18-23-37-25
1.0,30.919573560718057,121.72302866375767,2019-07-18-23-37-25
1.0,30.919588138232307,121.78281599430795,2019-07-18-23-37-25
1.0,30.91982706390876,121.71903159203896,2019-07-18-23-37-25
1.0,30.919837673693472,121.78256551628,2019-07-18-23-37-25
1.0,30.920332268413354,121.77830802718702,2019-07-18-23-37-25
1.0,30.92081298845505,121.74777534740372,2019-07-18-23-37-25
1.0,30.920821363461886,121.76729178877802,2019-07-18-23-37-25
1.0,30.9210628406922,121.74777532648044,2019-07-18-23-37-25
1.0,30.92132106791859,121.7672917470066,2019-07-18-23-37-25
1.0,30.921565317441164,121.7582820945897,2019-07-18-23-37-25
1.0,30.92182607198232,121.77329996646495,2019-07-18-23-37-25
1.0,30.92209731037269,121.79058093656366,2019-07-18-23-37-25
1.0,30.92231500224552,121.73352381874543,2019-07-18-23-37-25
1.0,30.92235882841592,121.79809718251423,2019-07-18-23-37-25
1.0,30.922572431105312,121.72227891741066,2019-07-18-23-37-25
1.0,30.923103968626915,121.7953409916369,2019-07-18-23-37-25
1.0,30.92331529094452,121.73177417942566,2019-07-18-23-37-25
1.0,30.923812156480242,121.73877316228752,2019-07-18-23-37-25
1.0,30.923811960899823,121.73952318563934,2019-07-18-23-37-25
1.0,30.923846644262365,121.79083130949823,2019-07-18-23-37-25
1.0,30.94893631219975,121.64340381749189,2019-07-18-23-37-25
1.0,30.94893546796955,121.64390296782621,2019-07-18-23-37-25
1.0,30.948935044119978,121.64415254106363,2019-07-18-23-37-25
1.0,30.948901791057644,121.66236885164969,2019-07-18-23-37-25
1.0,30.949209561474362,121.62792702923548,2019-07-18-23-37-25
2.0,30.949196677923698,121.63691432794697,2019-07-18-23-37-25
1.0,30.949192339423654,121.63965999525958,2019-07-18-23-37-25
1.0,30.949191936719835,121.63990959208923,2019-07-18-23-37-25
1.0,30.94918825368774,121.64215589795005,2019-07-18-23-37-25
1.0,30.94918783814692,121.64240548044015,2019-07-18-23-37-25
1.0,30.949185742351276,121.6436533727287,2019-07-18-23-37-25
1.0,30.949459085279443,121.62817668972124,2019-07-18-23-37-25
1.0,30.949449199000462,121.63516696196339,2019-07-18-23-37-25
1.0,30.94944497173752,121.6379127540252,2019-07-18-23-37-25
1.0,30.94944418422112,121.63841196771666,2019-07-18-23-37-25
1.0,30.949438105370632,121.6421558773788,2019-07-18-23-37-25
1.0,30.94943432249652,121.6444020718691,2019-07-18-23-37-25
1.0,30.949421100352218,121.65188870819146,2019-07-18-23-37-25
1.0,30.949698295547762,121.63566619145206,2019-07-18-23-37-25
1.0,30.9496952150485,121.63766312424173,2019-07-18-23-37-25
1.0,30.949694430366936,121.63816234110864,2019-07-18-23-37-25
1.0,30.949694035902713,121.63841194716206,2019-07-18-23-37-25
1.0,30.949692844148462,121.6391607559552,2019-07-18-23-37-25
1.0,30.942561248635563,121.7215277713676,2019-07-18-23-37-25
1.0,30.94256080476527,121.72202741738721,2019-07-18-23-37-25
1.0,30.942559942466747,121.72302673946663,2019-07-18-23-37-25
1.0,30.942559524122455,121.72352641562316,2019-07-18-23-37-25
1.0,30.942818743040554,121.71403422365643,2019-07-18-23-37-25
1.0,30.94281762033823,121.71503323796047,2019-07-18-23-37-25
1.0,30.942809583962106,121.7232765553546,2019-07-18-23-37-25
1.0,30.942809169908276,121.7237762365747,2019-07-18-23-37-25
1.0,30.94280651479158,121.72727429217134,2019-07-18-23-37-25
1.0,30.94313943091711,121.6706033347085,2019-07-18-23-37-25
1.0,30.943060729119757,121.72177755128554,2019-07-18-23-37-25
1.0,30.9430540041004,121.73102275683084,2019-07-18-23-37-25
1.0,30.943330929241622,121.70429561303816,2019-07-18-23-37-25
1.0,30.94331014120962,121.72227718137147,2019-07-18-23-37-25
1.0,30.943571238336983,121.71153678305689,2019-07-18-23-37-25
1.0,30.94356133715851,121.72077823729079,2019-07-18-23-37-25
1.0,30.943553568123296,121.7312726352846,2019-07-18-23-37-25
1.0,30.943553163496414,121.73202241239525,2019-07-18-23-37-25
1.0,30.94381593570806,121.71603220547708,2019-07-18-23-37-25
1.0,30.943803015220464,121.73202239145597,2019-07-18-23-37-25
1.0,30.944068863895914,121.7132848822979,2019-07-18-23-37-25
1.0,30.944060359021638,121.7215276458325,2019-07-18-23-37-25
1.0,30.899391801655774,121.80937575440522,2019-07-18-23-37-25
1.0,30.899400943305086,121.81438821743494,2019-07-18-23-37-25
1.0,30.899401406018573,121.81463884738618,2019-07-18-23-37-25
1.0,30.899406522899614,121.81739580985519,2019-07-18-23-37-25
1.0,30.89940699021603,121.81764644544403,2019-07-18-23-37-25
3.0,30.89941261836289,121.8206540980137,2019-07-18-23-37-25
1.0,30.899413088702243,121.82090473742389,2019-07-18-23-37-25
1.0,30.899413559188865,121.82115537702875,2019-07-18-23-37-25
1.0,30.899414029810533,121.82140601681405,2019-07-18-23-37-25
1.0,30.89941450055501,121.82165665676558,2019-07-18-23-37-25
1.0,30.899414971410053,121.82190729686906,2019-07-18-23-37-25
1.0,30.89942580333753,121.82767202829372,2019-07-18-23-37-25
1.0,30.899622240585966,121.79809907001038,2019-07-18-23-37-25
1.0,30.899622649423154,121.79834963572495,2019-07-18-23-37-25
1.0,30.899628492300657,121.80185769691013,2019-07-18-23-37-25
1.0,30.89962977166008,121.80260945670256,2019-07-18-23-37-25
1.0,30.899633226454654,121.80461420076753,2019-07-18-23-37-25
1.0,30.899638070857584,121.80737083579906,2019-07-18-23-37-25
1.0,30.899650796428784,121.81438819679934,2019-07-18-23-37-25
1.0,30.89965637602242,121.81739578923853,2019-07-18-23-37-25
1.0,30.899662471484728,121.82065407741773,2019-07-18-23-37-25
1.0,30.899662941824005,121.8209047168295,2019-07-18-23-37-25
1.0,30.924061813044602,121.73952316471096,2019-07-18-23-37-25
1.0,30.92534004033901,121.7868231055063,2019-07-18-23-37-25
1.0,30.925561746238476,121.73677307518825,2019-07-18-23-37-25
1.0,30.925588865660504,121.78607162302566,2019-07-18-23-37-25
1.0,30.925604880026132,121.79684410483053,2019-07-18-23-37-25
1.0,30.926104986949973,121.79709462200407,2019-07-18-23-37-25
1.0,30.926354839014603,121.79709460124522,2019-07-18-23-37-25
1.0,30.926573318431977,121.71878123289582,2019-07-18-23-37-25
1.0,30.92706850150512,121.7237775545742,2019-07-18-23-37-25
1.0,30.928817465748715,121.72377740816738,2019-07-18-23-37-25
1.0,30.929560048429785,121.73502293679316,2019-07-18-23-37-25
1.0,30.9295579860138,121.74952541095179,2019-07-18-23-37-25
1.0,30.9295580203089,121.7497755358073,2019-07-18-23-37-25
1.0,30.930059964612113,121.73452297571691,2019-07-18-23-37-25
1.0,30.930559668555937,121.73452293385462,2019-07-18-23-37-25
1.0,30.930559155434807,121.73577275239889,2019-07-18-23-37-25
1.0,30.930559059785956,121.73602272432309,2019-07-18-23-37-25
1.0,30.93081046180208,121.73252334494791,2019-07-18-23-37-25
1.0,30.930808818430087,121.73627267805941,2019-07-18-23-37-25
1.0,30.930855028352077,121.79884817874618,2019-07-18-23-37-25
1.0,30.931067620180414,121.7220283796423,2019-07-18-23-37-25
1.0,30.9311048802926,121.79884815799355,2019-07-18-23-37-25
1.0,30.949686706776255,121.64290460019855,2019-07-18-23-37-25
1.0,30.94968374805719,121.64465162199711,2019-07-18-23-37-25
1.0,30.949679427305057,121.64714726302196,2019-07-18-23-37-25
1.0,30.949948525561044,121.63541654675565,2019-07-18-23-37-25
1.0,30.949947386010855,121.6361654141038,2019-07-18-23-37-25
1.0,30.949942295826308,121.63941033524739,2019-07-18-23-37-25
1.0,30.949938636102953,121.6416566671243,2019-07-18-23-37-25
1.0,30.949937393189803,121.64240541872238,2019-07-18-23-37-25
1.0,30.949934874696297,121.64390288550825,2019-07-18-23-37-25
5.0,30.949933599735918,121.64465160141381,2019-07-18-23-37-25
1.0,30.950231593371875,121.60144701543267,2019-07-18-23-37-25
1.0,30.950197619052673,121.63591577281004,2019-07-18-23-37-25
1.0,30.95018430252357,121.64415243815986,2019-07-18-23-37-25
1.0,30.95018387753288,121.64440201012272,2019-07-18-23-37-25
1.0,30.95043457804865,121.64390284434816,2019-07-18-23-37-25
1.0,30.950434154198835,121.64415241757854,2019-07-18-23-37-25
1.0,30.950433729208104,121.64440198954023,2019-07-18-23-37-25
1.0,30.95043287585022,121.6449011297112,2019-07-18-23-37-25
1.0,30.950696173827048,121.63666458892261,2019-07-18-23-37-25
1.0,30.95069578799867,121.63691420465656,2019-07-18-23-37-25
1.0,30.950686531454078,121.64265493812427,2019-07-18-23-37-25
1.0,30.950686113481723,121.64290451789705,2019-07-18-23-37-25
1.0,30.95068569431088,121.64315409633451,2019-07-18-23-37-25
1.0,30.94405842855297,121.72377613193898,2019-07-18-23-37-25
1.0,30.94405327156857,121.73127259340738,2019-07-18-23-37-25
1.0,30.94405299953404,121.73177244212275,2019-07-18-23-37-25
1.0,30.944052866941384,121.7320223705165,2019-07-18-23-37-25
1.0,30.94438534998706,121.67234985268571,2019-07-18-23-37-25
1.0,30.944328588429713,121.7055438891088,2019-07-18-23-37-25
1.0,30.944316454885787,121.71528287183018,2019-07-18-23-37-25
1.0,30.944316181012617,121.71553263345128,2019-07-18-23-37-25
1.0,30.944310435838513,121.72127780563665,2019-07-18-23-37-25
1.0,30.944308280272455,121.72377611101125,2019-07-18-23-37-25
1.0,30.944303548412087,121.73052281951995,2019-07-18-23-37-25
1.0,30.94468413423893,121.64614943241972,2019-07-18-23-37-25
1.0,30.944566032730634,121.7155326125425,2019-07-18-23-37-25
1.0,30.94456576081745,121.71578237648167,2019-07-18-23-37-25
1.0,30.94456417086826,121.71728100923639,2019-07-18-23-37-25
1.0,30.944561208891457,121.72027853236698,2019-07-18-23-37-25
1.0,30.944560514752823,121.72102796792227,2019-07-18-23-37-25
1.0,30.944552440068616,121.73227225972585,2019-07-18-23-37-25
1.0,30.94488648354094,121.67160125751374,2019-07-18-23-37-25
1.0,30.944817273277458,121.71428380656684,2019-07-18-23-37-25
1.0,30.944813764573563,121.71753076870436,2019-07-18-23-37-25
1.0,30.9448025546787,121.73177237930392,2019-07-18-23-37-25
1.0,30.945065194297957,121.71603210092643,2019-07-18-23-37-25
1.0,30.89966482453152,121.82190727628107,2019-07-18-23-37-25
1.0,30.899665295484805,121.82215791652385,2019-07-18-23-37-25
1.0,30.89966670881195,121.82290983793555,2019-07-18-23-37-25
1.0,30.8998688667326,121.79609457530225,2019-07-18-23-37-25
1.0,30.899869666043426,121.79659568500341,2019-07-18-23-37-25
1.0,30.899870067582185,121.79684624208184,2019-07-18-23-37-25
1.0,30.89987168605516,121.79784848497083,2019-07-18-23-37-25
1.0,30.899873736090214,121.79910132047783,2019-07-18-23-37-25
1.0,30.899876233931522,121.8006047678652,2019-07-18-23-37-25
1.0,30.899885268792772,121.8058671807787,2019-07-18-23-37-25
1.0,30.89989422539147,121.81087942192228,2019-07-18-23-37-25
1.0,30.899900187287713,121.81413754676954,2019-07-18-23-37-25
1.0,30.89990856864621,121.8186489502281,2019-07-18-23-37-25
1.0,30.89990903736815,121.81889958757277,2019-07-18-23-37-25
1.0,30.89991232459375,121.82065405682157,2019-07-18-23-37-25
1.0,30.899913736040943,121.8214059756315,2019-07-18-23-37-25
1.0,30.899915148593376,121.82215789593727,2019-07-18-23-37-25
2.0,30.900119920685437,121.7968462213415,2019-07-18-23-37-25
1.0,30.90012524996453,121.80010359273325,2019-07-18-23-37-25
1.0,30.900131197628127,121.80361177824528,2019-07-18-23-37-25
1.0,30.900137332505608,121.80712018628762,2019-07-18-23-37-25
1.0,30.900137777070732,121.80737079444074,2019-07-18-23-37-25
1.0,30.93131055661548,121.73177350977862,2019-07-18-23-37-25
1.0,30.932312058910767,121.72827470922181,2019-07-18-23-37-25
1.0,30.932563675533178,121.7257759215202,2019-07-18-23-37-25
1.0,30.932561584565498,121.7287744731026,2019-07-18-23-37-25
1.0,30.93256142479165,121.72902436946794,2019-07-18-23-37-25
1.0,30.932811598498372,121.72852455845332,2019-07-18-23-37-25
1.0,30.93306066278658,121.7297740326075,2019-07-18-23-37-25
1.0,30.93305993157624,121.73102359418762,2019-07-18-23-37-25
1.0,30.933074439659812,121.77805654528396,2019-07-18-23-37-25
1.0,30.93309963771635,121.79634236890918,2019-07-18-23-37-25
1.0,30.93331146656985,121.72827462551606,2019-07-18-23-37-25
1.0,30.93356131847084,121.72827460458915,2019-07-18-23-37-25
1.0,30.933559777090018,121.73077363466683,2019-07-18-23-37-25
1.0,30.933602988201926,121.7985973817671,2019-07-18-23-37-25
1.0,30.93381781718221,121.72002962482337,2019-07-18-23-37-25
1.0,30.933811336853363,121.72802469521315,2019-07-18-23-37-25
1.0,30.933810371515225,121.72952406550249,2019-07-18-23-37-25
1.0,30.933809487277593,121.7310235313965,2019-07-18-23-37-25
1.0,30.933809210688718,121.73152337476124,2019-07-18-23-37-25
1.0,30.933808684907493,121.73252309377544,2019-07-18-23-37-25
1.0,30.93380732847245,121.7355225110846,2019-07-18-23-37-25
1.0,30.93380723049463,121.73577248026483,2019-07-18-23-37-25
1.0,30.934061188743648,121.7280246742862,2019-07-18-23-37-25
1.0,30.934060858003335,121.728524453817,2019-07-18-23-37-25
1.0,30.950685273953027,121.64340367344992,2019-07-18-23-37-25
1.0,30.95068442972227,121.64390282376783,2019-07-18-23-37-25
1.0,30.95068272752368,121.64490110912615,2019-07-18-23-37-25
1.0,30.950948684326626,121.63491721111336,2019-07-18-23-37-25
1.0,30.950947553931307,121.63566608873509,2019-07-18-23-37-25
1.0,30.950942898418592,121.63866144886447,2019-07-18-23-37-25
1.0,30.950940089064417,121.64040863733678,2019-07-18-23-37-25
1.0,30.9509392744166,121.64090782064889,2019-07-18-23-37-25
1.0,30.95123153778135,121.5996971724064,2019-07-18-23-37-25
1.0,30.951193933472258,121.63791261015429,2019-07-18-23-37-25
1.0,30.951189534061793,121.64065820915394,2019-07-18-23-37-25
1.0,30.951184133064668,121.64390278260662,2019-07-18-23-37-25
1.0,30.951446113192926,121.63641490988903,2019-07-18-23-37-25
1.0,30.95144572884188,121.63666452727807,2019-07-18-23-37-25
2.0,30.951443785142125,121.63791258960055,2019-07-18-23-37-25
1.0,30.951720315868187,121.6171884361629,2019-07-18-23-37-25
1.0,30.951696347724393,121.6361652702827,2019-07-18-23-37-25
1.0,30.951695964861578,121.63641488934154,2019-07-18-23-37-25
1.0,30.95169558051049,121.63666450672953,2019-07-18-23-37-25
1.0,30.95169324375794,121.63816217667382,2019-07-18-23-37-25
1.0,30.951692849293384,121.63841178271849,2019-07-18-23-37-25
1.0,30.951691657538152,121.63916059148526,2019-07-18-23-37-25
1.0,30.95194733894286,121.6354163824131,2019-07-18-23-37-25
1.0,30.951945816528813,121.63641486879386,2019-07-18-23-37-25
1.0,30.94506044747024,121.72077811176082,2019-07-18-23-37-25
1.0,30.945060218177954,121.72102792607708,2019-07-18-23-37-25
1.0,30.945056838036233,121.72502529582206,2019-07-18-23-37-25
1.0,30.94542797388767,121.64939359525401,2019-07-18-23-37-25
1.0,30.94531196240394,121.71902945935801,2019-07-18-23-37-25
1.0,30.945302392970888,121.73152241172322,2019-07-18-23-37-25
1.0,30.945682236933358,121.6468980336025,2019-07-18-23-37-25
1.0,30.945565167660224,121.71578229284194,2019-07-18-23-37-25
1.0,30.945552109797156,121.73177231648336,2019-07-18-23-37-25
1.0,30.94589880111866,121.6648642583382,2019-07-18-23-37-25
1.0,30.945818410187556,121.71278525601141,2019-07-18-23-37-25
1.0,30.945815840977538,121.71503298707283,2019-07-18-23-37-25
1.0,30.945812159546453,121.71852983041948,2019-07-18-23-37-25
1.0,30.946182376119346,121.64664843238374,2019-07-18-23-37-25
1.0,30.946180627054574,121.64764666586412,2019-07-18-23-37-25
1.0,30.94615008568843,121.6641156918204,2019-07-18-23-37-25
1.0,30.946065142978377,121.71553248708582,2019-07-18-23-37-25
1.0,30.94606276710664,121.7177804468873,2019-07-18-23-37-25
1.0,30.946059172699456,121.72152747844159,2019-07-18-23-37-25
1.0,30.94605605188606,121.72527506929983,2019-07-18-23-37-25
1.0,30.9001404606057,121.80887446264373,2019-07-18-23-37-25
1.0,30.90014317002807,121.81037816182294,2019-07-18-23-37-25
1.0,30.90014681853934,121.81238313721573,2019-07-18-23-37-25
1.0,30.900148656517544,121.81338564144616,2019-07-18-23-37-25
1.0,30.900149117313912,121.81363626907748,2019-07-18-23-37-25
1.0,30.900157485082165,121.81814765590754,2019-07-18-23-37-25
1.0,30.900157953278104,121.81839829259505,2019-07-18-23-37-25
1.0,30.900158421743072,121.818648929619,2019-07-18-23-37-25
1.0,30.900162648029138,121.8209046756402,2019-07-18-23-37-25
1.0,30.90016311851554,121.82115531524984,2019-07-18-23-37-25
1.0,30.900165001689192,121.82215787535051,2019-07-18-23-37-25
1.0,30.90016547272839,121.82240851571989,2019-07-18-23-37-25
1.0,30.90016594384138,121.82265915619843,2019-07-18-23-37-25
1.0,30.900369372237368,121.79659564351975,2019-07-18-23-37-25
1.0,30.90037058056906,121.79734731915977,2019-07-18-23-37-25
1.0,30.900373442282714,121.79910127902214,2019-07-18-23-37-25
1.0,30.900375103054138,121.80010357201101,2019-07-18-23-37-25
1.0,30.90038018888572,121.80311057373879,2019-07-18-23-37-25
1.0,30.900381050716714,121.8036117575434,2019-07-18-23-37-25
1.0,30.900383221824164,121.80486473670763,2019-07-18-23-37-25
1.0,30.90038674182726,121.80686955840568,2019-07-18-23-37-25
1.0,30.90039667162535,121.81238311656705,2019-07-18-23-37-25
1.0,30.934060378684748,121.7292741429114,2019-07-18-23-37-25
1.0,30.934056986733736,121.73602243125237,2019-07-18-23-37-25
1.0,30.934311728832064,121.72702512581016,2019-07-18-23-37-25
1.0,30.93430933275927,121.73077357187542,2019-07-18-23-37-25
1.0,30.934308914462584,121.73152333289846,2019-07-18-23-37-25
1.0,30.93430864699711,121.73202318701392,2019-07-18-23-37-25
1.0,30.934308388680947,121.73252305191068,2019-07-18-23-37-25
1.0,30.93455904293081,121.73102346860367,2019-07-18-23-37-25
1.0,30.934557299270214,121.73452259892858,2019-07-18-23-37-25
1.0,30.934817462331267,121.71977973666617,2019-07-18-23-37-25
1.0,30.934810251626512,121.72877428475243,2019-07-18-23-37-25
1.0,30.935059178605997,121.73027368179052,2019-07-18-23-37-25
1.0,30.9350572244919,121.73402264876503,2019-07-18-23-37-25
1.0,30.93531554648956,121.72152837802342,2019-07-18-23-37-25
1.0,30.93530664265842,121.73502245533133,2019-07-18-23-37-25
1.0,30.935306341748525,121.73577235465356,2019-07-18-23-37-25
1.0,30.935304775286458,121.75077558167796,2019-07-18-23-37-25
1.0,30.935567988987675,121.71878048024787,2019-07-18-23-37-25
1.0,30.935563062456424,121.72427653477833,2019-07-18-23-37-25
1.0,30.93555739888133,121.73302282294958,2019-07-18-23-37-25
1.0,30.935556928213185,121.73402260689579,2019-07-18-23-37-25
1.0,30.935556097956393,121.73602230563911,2019-07-18-23-37-25
1.0,30.93581961860103,121.71703196305826,2019-07-18-23-37-25
1.0,30.935819358587693,121.71728174109168,2019-07-18-23-37-25
1.0,30.935806243741546,121.735272377163,2019-07-18-23-37-25
1.0,30.951941509204936,121.63916057092568,2019-07-18-23-37-25
1.0,30.9519390890657,121.64065814745564,2019-07-18-23-37-25
1.0,30.95193827182742,121.6411573278644,2019-07-18-23-37-25
1.0,30.951931557523437,121.64515057442708,2019-07-18-23-37-25
1.0,30.951906642270107,121.65887533710236,2019-07-18-23-37-25
1.0,30.952189752766465,121.64015894066796,2019-07-18-23-37-25
1.0,30.952186473768652,121.64215565108266,2019-07-18-23-37-25
1.0,30.95269186008745,121.63866130496278,2019-07-18-23-37-25
1.0,30.952690664195178,121.63941010908388,2019-07-18-23-37-25
1.0,30.9526902628363,121.6396597074035,2019-07-18-23-37-25
1.0,30.95268945609317,121.64015889953893,2019-07-18-23-37-25
1.0,30.952689050731273,121.64040849338065,2019-07-18-23-37-25
1.0,30.952940515856845,121.63941008852244,2019-07-18-23-37-25
1.0,30.95293309471811,121.64390263853643,2019-07-18-23-37-25
1.0,30.953188347379236,121.64065804462139,2019-07-18-23-37-25
1.0,30.95343981781785,121.63965964571527,2019-07-18-23-37-25
1.0,30.95343819903849,121.64065802405398,2019-07-18-23-37-25
1.0,30.953436559448377,121.64165637913395,2019-07-18-23-37-25
1.0,30.9536908694723,121.63891082563833,2019-07-18-23-37-25
1.0,30.95369047083768,121.63916042700333,2019-07-18-23-37-25
1.0,30.953688862732797,121.64015881727866,2019-07-18-23-37-25
2.0,30.95368845737074,121.64040841111587,2019-07-18-23-37-25
1.0,30.95368764272203,121.64090759440316,2019-07-18-23-37-25
1.0,30.953970825223614,121.61518992231923,2019-07-18-23-37-25
1.0,30.953940322495207,121.63916040644224,2019-07-18-23-37-25
1.0,30.946430917525248,121.64739708855276,2019-07-18-23-37-25
1.0,30.9463851169004,121.6718506508006,2019-07-18-23-37-25
1.0,30.94631811358802,121.71278521420712,2019-07-18-23-37-25
1.0,30.946310883671853,121.71952897246581,2019-07-18-23-37-25
1.0,30.946310643990085,121.71977877450593,2019-07-18-23-37-25
1.0,30.94668120700451,121.64714751015102,2019-07-18-23-37-25
1.0,30.946564036538643,121.71628174405362,2019-07-18-23-37-25
1.0,30.94656049568513,121.7197787535849,2019-07-18-23-37-25
1.0,30.946934523875903,121.64515098613508,2019-07-18-23-37-25
1.0,30.946813888231823,121.7162817231411,2019-07-18-23-37-25
1.0,30.946809180078894,121.7210277796129,2019-07-18-23-37-25
1.0,30.94717738120344,121.64914390157976,2019-07-18-23-37-25
1.0,30.947176042477864,121.64989254699013,2019-07-18-23-37-25
1.0,30.947174695922637,121.65064118380579,2019-07-18-23-37-25
1.0,30.947061667948113,121.71827993589574,2019-07-18-23-37-25
1.0,30.947061418023146,121.71852972582917,2019-07-18-23-37-25
1.0,30.94706019906772,121.71977871174226,2019-07-18-23-37-25
1.0,30.947058135601377,121.7220270407422,2019-07-18-23-37-25
1.0,30.947057916837657,121.72227686748856,2019-07-18-23-37-25
1.0,30.947431198881873,121.64689788946092,2019-07-18-23-37-25
1.0,30.947653959004757,121.66162040326957,2019-07-18-23-37-25
1.0,30.94756425313132,121.71553236162224,2019-07-18-23-37-25
1.0,30.947560627662313,121.71902927108458,2019-07-18-23-37-25
1.0,30.94790286004794,121.66211941736019,2019-07-18-23-37-25
1.0,30.947844007945083,121.6940603774618,2019-07-18-23-37-25
1.0,30.90039943169289,121.81388687667139,2019-07-18-23-37-25
1.0,30.900618028253334,121.79584396046494,2019-07-18-23-37-25
1.0,30.900650671509084,121.81463874421416,2019-07-18-23-37-25
1.0,30.900652526736856,121.8156412693768,2019-07-18-23-37-25
1.0,30.9006628246697,121.82115527406297,2019-07-18-23-37-25
1.0,30.900665649994643,121.82265911503073,2019-07-18-23-37-25
1.0,30.900865911999023,121.79459119967778,2019-07-18-23-37-25
1.0,30.90086867809441,121.79634504643269,2019-07-18-23-37-25
1.0,30.900872324891107,121.79860009918323,2019-07-18-23-37-25
1.0,30.900874809195447,121.80010353056596,2019-07-18-23-37-25
1.0,30.900880756855987,121.80361171613906,2019-07-18-23-37-25
1.0,30.900897295683023,121.8128843261072,2019-07-18-23-37-25
1.0,30.900897755449535,121.813134952498,2019-07-18-23-37-25
1.0,30.900900061856134,121.81438809361852,2019-07-18-23-37-25
1.0,30.90091220724168,121.82090461385481,2019-07-18-23-37-25
1.0,30.900913148349076,121.82140589326414,2019-07-18-23-37-25
1.0,30.901123414972112,121.79935178807762,2019-07-18-23-37-25
1.0,30.901131475559733,121.80411288379351,2019-07-18-23-37-25
1.0,30.90114349076075,121.81087931863136,2019-07-18-23-37-25
1.0,30.90114991490376,121.8143880729818,2019-07-18-23-37-25
1.0,30.901150377616723,121.81463870294404,2019-07-18-23-37-25
1.0,30.901157365539312,121.81839821015043,2019-07-18-23-37-25
1.0,30.901157834003982,121.81864884718075,2019-07-18-23-37-25
1.0,30.901192838927642,121.83744653939597,2019-07-18-23-37-25
1.0,30.935806143437347,121.73552234360254,2019-07-18-23-37-25
1.0,30.93585083608349,121.79809606172019,2019-07-18-23-37-25
1.0,30.936063171601788,121.72377680152479,2019-07-18-23-37-25
1.0,30.936056520017537,121.73427251780959,2019-07-18-23-37-25
1.0,30.9360559952853,121.73552232266641,2019-07-18-23-37-25
1.0,30.936817002376312,121.71903017047309,2019-07-18-23-37-25
1.0,30.936813141175396,121.72327705751631,2019-07-18-23-37-25
1.0,30.93732286607169,121.71328544658486,2019-07-18-23-37-25
1.0,30.937315980820134,121.7197795275354,2019-07-18-23-37-25
1.0,30.937315743206426,121.72002933203761,2019-07-18-23-37-25
1.0,30.937347519411254,121.79659257162608,2019-07-18-23-37-25
1.0,30.9375696414449,121.71603272815851,2019-07-18-23-37-25
1.0,30.937820035121096,121.71553317701225,2019-07-18-23-37-25
1.0,30.937819763209152,121.71578294096977,2019-07-18-23-37-25
1.0,30.937817915259306,121.71753135423057,2019-07-18-23-37-25
1.0,30.937817659263068,121.71778113700837,2019-07-18-23-37-25
1.0,30.938071275761338,121.71428437094755,2019-07-18-23-37-25
1.0,30.938069886935722,121.71553315610845,2019-07-18-23-37-25
1.0,30.938064598275556,121.72077869750828,2019-07-18-23-37-25
1.0,30.93806414178847,121.72127832864552,2019-07-18-23-37-25
1.0,30.93806098886447,121.72502588180585,2019-07-18-23-37-25
1.0,30.938320845927116,121.71453410248817,2019-07-18-23-37-25
1.0,30.938319466833896,121.71578289916063,2019-07-18-23-37-25
1.0,30.938569590551797,121.71553311430029,2019-07-18-23-37-25
1.0,30.938568780722218,121.7162824131532,2019-07-18-23-37-25
1.0,30.95393830902806,121.64040839054921,2019-07-18-23-37-25
1.0,30.953936674572752,121.64140675135661,2019-07-18-23-37-25
1.0,30.954441217564174,121.63841155658903,2019-07-18-23-37-25
1.0,30.954440821698213,121.63866116105193,2019-07-18-23-37-25
1.0,30.954726546782297,121.60669506226382,2019-07-18-23-37-25
1.0,30.95516994939319,121.65064052416993,2019-07-18-23-37-25
1.0,30.955436195041184,121.64115703988499,2019-07-18-23-37-25
1.0,30.95571671740495,121.61843698231523,2019-07-18-23-37-25
1.0,30.95593548780205,121.64140658678033,2019-07-18-23-37-25
1.0,30.956403500790657,121.659124486709,2019-07-18-23-37-25
1.0,30.956978255898385,121.59919674306477,2019-07-18-23-37-25
1.0,30.95721097383785,121.62293230289599,2019-07-18-23-37-25
1.0,30.957683210168057,121.64215519842232,2019-07-18-23-37-25
1.0,30.958431932809766,121.64265430022184,2019-07-18-23-37-25
1.0,30.95867968272081,121.64390216509825,2019-07-18-23-37-25
1.0,30.958942045730073,121.63616467435475,2019-07-18-23-37-25
1.0,30.959226722105953,121.59994649269163,2019-07-18-23-37-25
1.0,30.959182734373993,121.64190549113462,2019-07-18-23-37-25
1.0,30.959459926024252,121.62268239153602,2019-07-18-23-37-25
1.0,30.959411509768998,121.65388417557365,2019-07-18-23-37-25
1.0,30.959725741492726,121.58494247426412,2019-07-18-23-37-25
1.0,30.9602270128485,121.59469629774125,2019-07-18-23-37-25
1.0,30.960226936240442,121.59569642376525,2019-07-18-23-37-25
1.0,30.960226388367413,121.59894649313046,2019-07-18-23-37-25
1.0,30.960472840074416,121.57993854963468,2019-07-18-23-37-25
1.0,30.947811728940458,121.71778030047116,2019-07-18-23-37-25
1.0,30.947809516507963,121.72002845345497,2019-07-18-23-37-25
1.0,30.94856561775255,121.71378399496841,2019-07-18-23-37-25
1.0,30.94893546796955,121.64390296782621,2019-07-18-23-37-25
1.0,30.948935044119978,121.64415254106363,2019-07-18-23-37-25
1.0,30.948901791057644,121.66236885164969,2019-07-18-23-37-25
1.0,30.948807766334912,121.72127742899606,2019-07-18-23-37-25
1.0,30.94943432249652,121.6444020718691,2019-07-18-23-37-25
1.0,30.949421100352218,121.65188870819146,2019-07-18-23-37-25
1.0,30.949308157550732,121.72052794421607,2019-07-18-23-37-25
1.0,30.94930248580021,121.72752362841024,2019-07-18-23-37-25
1.0,30.94968374805719,121.64465162199711,2019-07-18-23-37-25
1.0,30.949679427305057,121.64714726302196,2019-07-18-23-37-25
1.0,30.949552166521897,121.72777349064428,2019-07-18-23-37-25
1.0,30.949934874696297,121.64390288550825,2019-07-18-23-37-25
5.0,30.949933599735918,121.64465160141381,2019-07-18-23-37-25
1.0,30.94980184946719,121.7280233555022,2019-07-18-23-37-25
1.0,30.949801039392504,121.72927282401966,2019-07-18-23-37-25
1.0,30.95018430252357,121.64415243815986,2019-07-18-23-37-25
1.0,30.95018387753288,121.64440201012272,2019-07-18-23-37-25
1.0,30.95043457804865,121.64390284434816,2019-07-18-23-37-25
1.0,30.950434154198835,121.64415241757854,2019-07-18-23-37-25
1.0,30.950433729208104,121.64440198954023,2019-07-18-23-37-25
1.0,30.95043287585022,121.6449011297112,2019-07-18-23-37-25
1.0,30.90136561809332,121.79459115817077,2019-07-18-23-37-25
1.0,30.90139198207301,121.81012743995,2019-07-18-23-37-25
1.0,30.90139288924694,121.81062867786105,2019-07-18-23-37-25
1.0,30.901395625710094,121.81213240954753,2019-07-18-23-37-25
1.0,30.901396542532854,121.8126336590641,2019-07-18-23-37-25
1.0,30.901397921820124,121.81338553823211,2019-07-18-23-37-25
1.0,30.901401157414043,121.81513994386202,2019-07-18-23-37-25
2.0,30.901402085878654,121.81564120749023,2019-07-18-23-37-25
1.0,30.901408155759334,121.81889946392494,2019-07-18-23-37-25
1.0,30.901418507953082,121.82441353853842,2019-07-18-23-37-25
1.0,30.90142039272523,121.82541610174184,2019-07-18-23-37-25
1.0,30.901420863764482,121.82566674242175,2019-07-18-23-37-25
1.0,30.901615081215354,121.7943405940826,2019-07-18-23-37-25
1.0,30.901615471121787,121.79459113741699,2019-07-18-23-37-25
1.0,30.901623121038746,121.79935174662288,2019-07-18-23-37-25
1.0,30.901628168754144,121.80235870322528,2019-07-18-23-37-25
1.0,30.901640479325593,121.80937556839838,2019-07-18-23-37-25
1.0,30.901650083674394,121.81463866167316,2019-07-18-23-37-25
1.0,30.901660825823445,121.82040327342757,2019-07-18-23-37-25
1.0,30.901662236827267,121.82115519168697,2019-07-18-23-37-25
1.0,30.90166741839029,121.82391223627054,2019-07-18-23-37-25
1.0,30.90166977463163,121.82516544043052,2019-07-18-23-37-25
1.0,30.901862623322423,121.79283734702213,2019-07-18-23-37-25
1.0,30.901863005028833,121.7930878806698,2019-07-18-23-37-25
1.0,30.90187256055827,121.79910115465054,2019-07-18-23-37-25
1.0,30.93856231414232,121.72302707424247,2019-07-18-23-37-25
1.0,30.938553107792714,121.74002197996666,2019-07-18-23-37-25
1.0,30.93882111475043,121.71403455808516,2019-07-18-23-37-25
1.0,30.938815816907066,121.71903000317182,2019-07-18-23-37-25
1.0,30.939063100913057,121.72177788602673,2019-07-18-23-37-25
1.0,30.93931728408822,121.71728144837772,2019-07-18-23-37-25
1.0,30.939317026079813,121.71753122877331,2019-07-18-23-37-25
1.0,30.939312952705023,121.72177786510684,2019-07-18-23-37-25
2.0,30.93931273182614,121.72202768936998,2019-07-18-23-37-25
1.0,30.93956899773282,121.71553303068166,2019-07-18-23-37-25
1.0,30.93956792191026,121.71653210048095,2019-07-18-23-37-25
1.0,30.939567395890933,121.71703164944438,2019-07-18-23-37-25
1.0,30.93956537228458,121.71902994043069,2019-07-18-23-37-25
1.0,30.93956512848895,121.71927973762425,2019-07-18-23-37-25
1.0,30.939564886747938,121.7195295372455,2019-07-18-23-37-25
1.0,30.939563252579124,121.72127820313432,2019-07-18-23-37-25
1.0,30.939819956700024,121.7145339770769,2019-07-18-23-37-25
1.0,30.939819399215764,121.71503348882054,2019-07-18-23-37-25
1.0,30.93981724767558,121.71703162853525,2019-07-18-23-37-25
1.0,30.939813792231252,121.72052873922537,2019-07-18-23-37-25
1.0,30.940068701298653,121.71553298887119,2019-07-18-23-37-25
1.0,30.94006658143354,121.71753116604211,2019-07-18-23-37-25
1.0,30.94006142488072,121.72302694870729,2019-07-18-23-37-25
1.0,30.940060800584916,121.72377646675642,2019-07-18-23-37-25
1.0,30.96047611552768,121.59944643757837,2019-07-18-23-37-25
1.0,30.950300587433855,121.72952268377884,2019-07-18-23-37-25
1.0,30.95068442972227,121.64390282376783,2019-07-18-23-37-25
1.0,30.95068272752368,121.64490110912615,2019-07-18-23-37-25
1.0,30.95080125610976,121.72802327174418,2019-07-18-23-37-25
1.0,30.951184133064668,121.64390278260662,2019-07-18-23-37-25
1.0,30.951389797881,121.66785798067396,2019-07-18-23-37-25
1.0,30.951298565734803,121.73202176318817,2019-07-18-23-37-25
1.0,30.951931557523437,121.64515057442708,2019-07-18-23-37-25
1.0,30.951906642270107,121.65887533710236,2019-07-18-23-37-25
1.0,30.952051926219536,121.72602415392205,2019-07-18-23-37-25
1.0,30.95293309471811,121.64390263853643,2019-07-18-23-37-25
1.0,30.953800703534217,121.72627387487131,2019-07-18-23-37-25
1.0,30.95430040681806,121.72627383299191,2019-07-18-23-37-25
1.0,30.95458475490115,121.69730470987214,2019-07-18-23-37-25
1.0,30.954560373486505,121.71528201444137,2019-07-18-23-37-25
1.0,30.954835002399776,121.69705507233857,2019-07-18-23-37-25
1.0,30.954800110098724,121.72627379111174,2019-07-18-23-37-25
1.0,30.95516994939319,121.65064052416993,2019-07-18-23-37-25
1.0,30.955551199917917,121.72427486040154,2019-07-18-23-37-25
1.0,30.956403500790657,121.659124486709,2019-07-18-23-37-25
1.0,30.958092528505325,121.69131403742196,2019-07-18-23-37-25
1.0,30.95829697409328,121.72777275767685,2019-07-18-23-37-25
1.0,30.95867968272081,121.64390216509825,2019-07-18-23-37-25
1.0,30.959411509768998,121.65388417557365,2019-07-18-23-37-25
1.0,30.90187297405346,121.79935172589522,2019-07-18-23-37-25
1.0,30.901878877700085,121.80285985933045,2019-07-18-23-37-25
1.0,30.901890332337384,121.80937554773001,2019-07-18-23-37-25
1.0,30.901896707800553,121.81288424352157,2019-07-18-23-37-25
1.0,30.90189716756677,121.81313486991863,2019-07-18-23-37-25
1.0,30.901898088649567,121.81363612458745,2019-07-18-23-37-25
1.0,30.90190692460387,121.81839814831501,2019-07-18-23-37-25
1.0,30.901908330755756,121.81915006037309,2019-07-18-23-37-25
1.0,30.901910678831968,121.82040325282831,2019-07-18-23-37-25
1.0,30.901913031200216,121.8216564508613,2019-07-18-23-37-25
1.0,30.901919156464277,121.82491477906743,2019-07-18-23-37-25
1.0,30.9021278747695,121.80235866180436,2019-07-18-23-37-25
1.0,30.90214244828125,121.81062861587903,2019-07-18-23-37-25
1.0,30.90214335800723,121.81112985686407,2019-07-18-23-37-25
1.0,30.90214381379825,121.81138047847195,2019-07-18-23-37-25
1.0,30.90214610156539,121.81263359711936,2019-07-18-23-37-25
1.0,30.902147020565113,121.81313484927331,2019-07-18-23-37-25
1.0,30.90215818375232,121.81915003976569,2019-07-18-23-37-25
1.0,30.90216147234573,121.82090451087544,2019-07-18-23-37-25
1.0,30.9021642970414,121.82240835103181,2019-07-18-23-37-25
1.0,30.90216571055086,121.82316027277605,2019-07-18-23-37-25
1.0,30.902166653095758,121.823661554294,2019-07-18-23-37-25
1.0,30.90216712439291,121.8239121951166,2019-07-18-23-37-25
1.0,30.90216806697512,121.82441347681737,2019-07-18-23-37-25
1.0,30.902168538235554,121.82466411766691,2019-07-18-23-37-25
1.0,30.94031966025824,121.7145339352716,2019-07-18-23-37-25
1.0,30.940318281163194,121.71578273191639,2019-07-18-23-37-25
1.0,30.940316433210118,121.71753114513132,2019-07-18-23-37-25
1.0,30.940313729251454,121.72027888799178,2019-07-18-23-37-25
1.0,30.940573321624765,121.71128730817664,2019-07-18-23-37-25
1.0,30.940568132936175,121.71578271101,2019-07-18-23-37-25
1.0,30.940563581023596,121.72027886707421,2019-07-18-23-37-25
1.0,30.940597206049706,121.79759453958772,2019-07-18-23-37-25
1.0,30.940822869106615,121.71153701290596,2019-07-18-23-37-25
1.0,30.940822566665457,121.71178674071685,2019-07-18-23-37-25
1.0,30.940819084088616,121.71478364818691,2019-07-18-23-37-25
1.0,30.940818806316187,121.71503340520357,2019-07-18-23-37-25
1.0,30.94081798470531,121.71578269010341,2019-07-18-23-37-25
1.0,30.940817446786987,121.71628222498876,2019-07-18-23-37-25
1.0,30.94081639476027,121.71728132291739,2019-07-18-23-37-25
1.0,30.940813199327582,121.72052865555321,2019-07-18-23-37-25
1.0,30.94131558428097,121.71778084425522,2019-07-18-23-37-25
1.0,30.94131198988721,121.72152787597494,2019-07-18-23-37-25
1.0,30.94157152264035,121.7122861402465,2019-07-18-23-37-25
1.0,30.941570346503003,121.71328509130934,2019-07-18-23-37-25
1.0,30.941568361601423,121.71503334248885,2019-07-18-23-37-25
1.0,30.941561841644038,121.72152785505386,2019-07-18-23-37-25
1.0,30.941561618653445,121.72177767681923,2019-07-18-23-37-25
1.0,30.941592616996136,121.79508890618348,2019-07-18-23-37-25
1.0,30.941815543789385,121.71753101966256,2019-07-18-23-37-25
1.0,30.95960033988056,121.68632252189552,2019-07-18-23-37-25
1.0,30.959546929372408,121.72677313602136,2019-07-18-23-37-25
1.0,30.95981504368901,121.70878856163202,2019-07-18-23-37-25
1.0,30.902355707282798,121.78832799335306,2019-07-18-23-37-25
1.0,30.902373927320014,121.80010340622627,2019-07-18-23-37-25
1.0,30.902390489566898,121.80962612254424,2019-07-18-23-37-25
1.0,30.90239458016434,121.81188170319697,2019-07-18-23-37-25
1.0,30.902407099049462,121.81864874412872,2019-07-18-23-37-25
1.0,30.902415092310875,121.82290961152566,2019-07-18-23-37-25
1.0,30.90245145853612,121.84270929416374,2019-07-18-23-37-25
1.0,30.90262294765732,121.79960223630897,2019-07-18-23-37-25
1.0,30.902623780297684,121.80010338550233,2019-07-18-23-37-25
1.0,30.902627580735754,121.80235862038269,2019-07-18-23-37-25
1.0,30.902629296552952,121.80336097872801,2019-07-18-23-37-25
1.0,30.902629727951087,121.8036115712179,2019-07-18-23-37-25
1.0,30.902642154242656,121.81062857455674,2019-07-18-23-37-25
1.0,30.902657889708674,121.8191499985503,2019-07-18-23-37-25
1.0,30.90266635904943,121.82366151313612,2019-07-18-23-37-25
1.0,30.902666830346433,121.8239121539619,2019-07-18-23-37-25
1.0,30.90266824418863,121.82466407652181,2019-07-18-23-37-25
1.0,30.90287114896232,121.79859993332727,2019-07-18-23-37-25
1.0,30.902872385989557,121.79935164298271,2019-07-18-23-37-25
1.0,30.902873216384357,121.79985278951791,2019-07-18-23-37-25
1.0,30.90287786116666,121.80260918749175,2019-07-18-23-37-25
1.0,30.902878719086033,121.80311036668006,2019-07-18-23-37-25
1.0,30.90288616034607,121.80737056695651,2019-07-18-23-37-25
1.0,30.902892461754607,121.81087917401618,2019-07-18-23-37-25
1.0,30.94181169339723,121.72152783413259,2019-07-18-23-37-25
1.0,30.94181038722928,121.72302680224085,2019-07-18-23-37-25
1.0,30.941809968885277,121.72352647840029,2019-07-18-23-37-25
1.0,30.942062691577476,121.72027874156475,2019-07-18-23-37-25
1.0,30.942316825296174,121.71603233093154,2019-07-18-23-37-25
1.0,30.942314485356007,121.71828033330183,2019-07-18-23-37-25
1.0,30.942314235431926,121.7185301232469,2019-07-18-23-37-25
1.0,30.942313497903505,121.71927950755213,2019-07-18-23-37-25
1.0,30.942312309859215,121.72052853003923,2019-07-18-23-37-25
1.0,30.94230488082511,121.7302730747179,2019-07-18-23-37-25
1.0,30.942563839287605,121.7187798946834,2019-07-18-23-37-25
1.0,30.94256334964656,121.71927948663533,2019-07-18-23-37-25
1.0,30.94256310790498,121.71952928624955,2019-07-18-23-37-25
1.0,30.942561248635563,121.7215277713676,2019-07-18-23-37-25
1.0,30.94256080476527,121.72202741738721,2019-07-18-23-37-25
1.0,30.942559942466747,121.72302673946663,2019-07-18-23-37-25
1.0,30.942559524122455,121.72352641562316,2019-07-18-23-37-25
1.0,30.942818743040554,121.71403422365643,2019-07-18-23-37-25
1.0,30.94281762033823,121.71503323796047,2019-07-18-23-37-25
1.0,30.942809583962106,121.7232765553546,2019-07-18-23-37-25
1.0,30.942809169908276,121.7237762365747,2019-07-18-23-37-25
1.0,30.94280651479158,121.72727429217134,2019-07-18-23-37-25
1.0,30.943060729119757,121.72177755128554,2019-07-18-23-37-25
1.0,30.9430540041004,121.73102275683084,2019-07-18-23-37-25
1.0,30.94331014120962,121.72227718137147,2019-07-18-23-37-25
1.0,30.902912443110047,121.82165636849433,2019-07-18-23-37-25
1.0,30.90291432706691,121.82265892976682,2019-07-18-23-37-25
1.0,30.902915740723422,121.82341085176714,2019-07-18-23-37-25
1.0,30.90291621200798,121.82366149255688,2019-07-18-23-37-25
1.0,30.902918568370225,121.82491469678362,2019-07-18-23-37-25
1.0,30.902919039544383,121.82516533758424,2019-07-18-23-37-25
1.0,30.902955056154205,121.84496462994254,2019-07-18-23-37-25
1.0,30.903110000892426,121.79158459996897,2019-07-18-23-37-25
1.0,30.90312348621657,121.80010334405387,2019-07-18-23-37-25
1.0,30.90312390420216,121.80035392062763,2019-07-18-23-37-25
1.0,30.90312686019759,121.80210799233815,2019-07-18-23-37-25
1.0,30.90312728665333,121.80235857896027,2019-07-18-23-37-25
1.0,30.903130299519717,121.80411271819074,2019-07-18-23-37-25
1.0,30.903135124967992,121.80686933088607,2019-07-18-23-37-25
1.0,30.903138247707258,121.80862360097291,2019-07-18-23-37-25
1.0,30.903139146665907,121.80912482906292,2019-07-18-23-37-25
1.0,30.903167007548202,121.82416275365875,2019-07-18-23-37-25
1.0,30.903167478832888,121.82441339452002,2019-07-18-23-37-25
1.0,30.903168421316295,121.8249146762122,2019-07-18-23-37-25
1.0,30.903169363602945,121.82541595776824,2019-07-18-23-37-25
1.0,30.903371266044186,121.7988504603801,2019-07-18-23-37-25
1.0,30.90337333915789,121.80010332332935,2019-07-18-23-37-25
1.0,30.90337885541032,121.8033609166117,2019-07-18-23-37-25
1.0,30.90337971916176,121.80386210273623,2019-07-18-23-37-25
1.0,30.903380152459874,121.80411269748954,2019-07-18-23-37-25
1.0,30.94332158921892,121.78081041518227,2019-07-18-23-37-25
1.0,30.943571238336983,121.71153678305689,2019-07-18-23-37-25
1.0,30.94356133715851,121.72077823729079,2019-07-18-23-37-25
1.0,30.943553568123296,121.7312726352846,2019-07-18-23-37-25
1.0,30.943553163496414,121.73202241239525,2019-07-18-23-37-25
1.0,30.94381593570806,121.71603220547708,2019-07-18-23-37-25
1.0,30.943803015220464,121.73202239145597,2019-07-18-23-37-25
1.0,30.944068863895914,121.7132848822979,2019-07-18-23-37-25
1.0,30.944060359021638,121.7215276458325,2019-07-18-23-37-25
1.0,30.94405842855297,121.72377613193898,2019-07-18-23-37-25
1.0,30.94405327156857,121.73127259340738,2019-07-18-23-37-25
1.0,30.94405299953404,121.73177244212275,2019-07-18-23-37-25
1.0,30.944052866941384,121.7320223705165,2019-07-18-23-37-25
1.0,30.944316454885787,121.71528287183018,2019-07-18-23-37-25
1.0,30.944316181012617,121.71553263345128,2019-07-18-23-37-25
1.0,30.944310435838513,121.72127780563665,2019-07-18-23-37-25
1.0,30.944308280272455,121.72377611101125,2019-07-18-23-37-25
1.0,30.944303548412087,121.73052281951995,2019-07-18-23-37-25
1.0,30.944566032730634,121.7155326125425,2019-07-18-23-37-25
1.0,30.94456576081745,121.71578237648167,2019-07-18-23-37-25
1.0,30.94456417086826,121.71728100923639,2019-07-18-23-37-25
1.0,30.944561208891457,121.72027853236698,2019-07-18-23-37-25
1.0,30.944560514752823,121.72102796792227,2019-07-18-23-37-25
1.0,30.944552440068616,121.73227225972585,2019-07-18-23-37-25
1.0,30.903387204610166,121.80812235570146,2019-07-18-23-37-25
1.0,30.9034112076283,121.82115504752177,2019-07-18-23-37-25
1.0,30.903414504121862,121.82290952918918,2019-07-18-23-37-25
1.0,30.903414975344646,121.82316016986391,2019-07-18-23-37-25
1.0,30.9034182742503,121.82491465564061,2019-07-18-23-37-25
1.0,30.903621118973867,121.79885043964829,2019-07-18-23-37-25
1.0,30.903623610072657,121.80035387918129,2019-07-18-23-37-25
1.0,30.903630005388028,121.80411267678815,2019-07-18-23-37-25
1.0,30.90363043961963,121.80436327265315,2019-07-18-23-37-25
1.0,30.903630874773725,121.80461386961551,2019-07-18-23-37-25
1.0,30.903633504447882,121.80611747370848,2019-07-18-23-37-25
1.0,30.903635719163738,121.80737050491139,2019-07-18-23-37-25
1.0,30.903661060551418,121.821155026926,2019-07-18-23-37-25
1.0,30.903664828267168,121.82316014928091,2019-07-18-23-37-25
1.0,30.903665299526835,121.82341079002353,2019-07-18-23-37-25
1.0,30.90366577081117,121.82366143081806,2019-07-18-23-37-25
1.0,30.903666713404654,121.82416271250575,2019-07-18-23-37-25
1.0,30.903667655949178,121.82466399422937,2019-07-18-23-37-25
1.0,30.9036681271723,121.82491463506881,2019-07-18-23-37-25
1.0,30.903858075837405,121.79058245376295,2019-07-18-23-37-25
1.0,30.903861066710505,121.79258664890483,2019-07-18-23-37-25
1.0,30.903878130823934,121.80311028385128,2019-07-18-23-37-25
1.0,30.90391326766984,121.82240820691992,2019-07-18-23-37-25
1.0,30.903923627394995,121.82792229782798,2019-07-18-23-37-25
1.0,30.903939858651373,121.83669444714197,2019-07-18-23-37-25
1.0,30.944817273277458,121.71428380656684,2019-07-18-23-37-25
1.0,30.944813764573563,121.71753076870436,2019-07-18-23-37-25
1.0,30.9448025546787,121.73177237930392,2019-07-18-23-37-25
1.0,30.944807744411758,121.76804073754246,2019-07-18-23-37-25
1.0,30.945065194297957,121.71603210092643,2019-07-18-23-37-25
1.0,30.94506044747024,121.72077811176082,2019-07-18-23-37-25
1.0,30.945060218177954,121.72102792607708,2019-07-18-23-37-25
1.0,30.945056838036233,121.72502529582206,2019-07-18-23-37-25
1.0,30.94531196240394,121.71902945935801,2019-07-18-23-37-25
1.0,30.945302392970888,121.73152241172322,2019-07-18-23-37-25
1.0,30.945306465332358,121.76678911732188,2019-07-18-23-37-25
1.0,30.945314180936773,121.77530106817817,2019-07-18-23-37-25
1.0,30.945565167660224,121.71578229284194,2019-07-18-23-37-25
1.0,30.945552109797156,121.73177231648336,2019-07-18-23-37-25
1.0,30.945548290121017,121.74702297573705,2019-07-18-23-37-25
1.0,30.945818410187556,121.71278525601141,2019-07-18-23-37-25
1.0,30.945815840977538,121.71503298707283,2019-07-18-23-37-25
1.0,30.945812159546453,121.71852983041948,2019-07-18-23-37-25
1.0,30.945814146966484,121.77555141995862,2019-07-18-23-37-25
1.0,30.946065142978377,121.71553248708582,2019-07-18-23-37-25
1.0,30.94606276710664,121.7177804468873,2019-07-18-23-37-25
1.0,30.946059172699456,121.72152747844159,2019-07-18-23-37-25
1.0,30.94605605188606,121.72527506929983,2019-07-18-23-37-25
1.0,30.94631811358802,121.71278521420712,2019-07-18-23-37-25
1.0,30.90410941259565,121.79158451688384,2019-07-18-23-37-25
1.0,30.90412798372852,121.80311026314362,2019-07-18-23-37-25
1.0,30.904129711208526,121.80411263538481,2019-07-18-23-37-25
1.0,30.904165005335923,121.82341074886018,2019-07-18-23-37-25
1.0,30.904165476620108,121.82366138965793,2019-07-18-23-37-25
1.0,30.904165947916663,121.82391203049332,2019-07-18-23-37-25
1.0,30.904166890497677,121.82441331221969,2019-07-18-23-37-25
1.0,30.904371918164312,121.79960209121607,2019-07-18-23-37-25
1.0,30.904377836621272,121.80311024243576,2019-07-18-23-37-25
1.0,30.90437869844993,121.8036114262875,2019-07-18-23-37-25
1.0,30.90438394659096,121.80661862120225,2019-07-18-23-37-25
1.0,30.90438483330996,121.80711983468571,2019-07-18-23-37-25
1.0,30.90438572322548,121.80762105198393,2019-07-18-23-37-25
1.0,30.904415329506783,121.82366136907757,2019-07-18-23-37-25
1.0,30.90441674338413,121.82441329164413,2019-07-18-23-37-25
1.0,30.904424741400113,121.82867417388947,2019-07-18-23-37-25
1.0,30.904620119387666,121.79859978819337,2019-07-18-23-37-25
1.0,30.904621356413383,121.79935149787855,2019-07-18-23-37-25
1.0,30.904621771046287,121.79960207048777,2019-07-18-23-37-25
1.0,30.904622186807174,121.79985264443368,2019-07-18-23-37-25
1.0,30.90462260368549,121.80010321970397,2019-07-18-23-37-25
1.0,30.904627689502227,121.80311022172772,2019-07-18-23-37-25
1.0,30.904665653678073,121.82391198933563,2019-07-18-23-37-25
1.0,30.9046675387413,121.82491455277977,2019-07-18-23-37-25
1.0,30.90471752200944,121.8532333165221,2019-07-18-23-37-25
1.0,30.946310883671853,121.71952897246581,2019-07-18-23-37-25
1.0,30.946310643990085,121.71977877450593,2019-07-18-23-37-25
1.0,30.946564036538643,121.71628174405362,2019-07-18-23-37-25
1.0,30.94656049568513,121.7197787535849,2019-07-18-23-37-25
1.0,30.94657608203784,121.78581939040434,2019-07-18-23-37-25
1.0,30.946813888231823,121.7162817231411,2019-07-18-23-37-25
1.0,30.946809180078894,121.7210277796129,2019-07-18-23-37-25
1.0,30.947061667948113,121.71827993589574,2019-07-18-23-37-25
1.0,30.947061418023146,121.71852972582917,2019-07-18-23-37-25
1.0,30.94706019906772,121.71977871174226,2019-07-18-23-37-25
1.0,30.947058135601377,121.7220270407422,2019-07-18-23-37-25
1.0,30.947057916837657,121.72227686748856,2019-07-18-23-37-25
1.0,30.947049887736497,121.73452155196813,2019-07-18-23-37-25
1.0,30.94705345725067,121.76403572376287,2019-07-18-23-37-25
1.0,30.947060625869078,121.77279711565546,2019-07-18-23-37-25
1.0,30.94730999841275,121.7722963620225,2019-07-18-23-37-25
1.0,30.94756425313132,121.71553236162224,2019-07-18-23-37-25
1.0,30.947560627662313,121.71902927108458,2019-07-18-23-37-25
1.0,30.947547161675296,121.74402186220179,2019-07-18-23-37-25
1.0,30.947811728940458,121.71778030047116,2019-07-18-23-37-25
1.0,30.947809516507963,121.72002845345497,2019-07-18-23-37-25
1.0,30.948057719315667,121.77029346534533,2019-07-18-23-37-25
1.0,30.94856561775255,121.71378399496841,2019-07-18-23-37-25
1.0,30.948548997810615,121.73452142630063,2019-07-18-23-37-25
1.0,30.90486009937546,121.79233603549463,2019-07-18-23-37-25
1.0,30.904860478270127,121.79258656583833,2019-07-18-23-37-25
1.0,30.90487120928369,121.79935147714862,2019-07-18-23-37-25
1.0,30.90487371378888,121.80085493261639,2019-07-18-23-37-25
1.0,30.90487625698776,121.80235843397584,2019-07-18-23-37-25
1.0,30.90491644912171,121.82441325049247,2019-07-18-23-37-25
1.0,30.90491786277763,121.82516517302047,2019-07-18-23-37-25
1.0,30.90492115857957,121.82691965655548,2019-07-18-23-37-25
1.0,30.904936068622334,121.8349399850249,2019-07-18-23-37-25
1.0,30.904979010664764,121.86124988998526,2019-07-18-23-37-25
1.0,30.905105159244012,121.78907927682017,2019-07-18-23-37-25
1.0,30.90510807925064,121.79108338837298,2019-07-18-23-37-25
1.0,30.905121476775072,121.79960202903058,2019-07-18-23-37-25
1.0,30.905127825659793,121.803360771667,2019-07-18-23-37-25
1.0,30.905129122707812,121.80411255257587,2019-07-18-23-37-25
1.0,30.905166773232487,121.8246638707851,2019-07-18-23-37-25
1.0,30.905167715628647,121.82516515244916,2019-07-18-23-37-25
1.0,30.905171481766068,121.82717027602116,2019-07-18-23-37-25
1.0,30.905347827864038,121.78381903019624,2019-07-18-23-37-25
1.0,30.905358676958567,121.79158441302317,2019-07-18-23-37-25
1.0,30.90536132908622,121.79333812529123,2019-07-18-23-37-25
1.0,30.90539099072067,121.81087896740705,2019-07-18-23-37-25
1.0,30.948547626816087,121.75377632031929,2019-07-18-23-37-25
1.0,30.948807766334912,121.72127742899606,2019-07-18-23-37-25
1.0,30.949066979010418,121.77980818659266,2019-07-18-23-37-25
1.0,30.949072599951474,121.7843163226074,2019-07-18-23-37-25
1.0,30.949308157550732,121.72052794421607,2019-07-18-23-37-25
1.0,30.94930248580021,121.72752362841024,2019-07-18-23-37-25
1.0,30.949552166521897,121.72777349064428,2019-07-18-23-37-25
1.0,30.94955938514993,121.7730472767511,2019-07-18-23-37-25
1.0,30.949560125178316,121.7737984010018,2019-07-18-23-37-25
1.0,30.94980184946719,121.7280233555022,2019-07-18-23-37-25
1.0,30.949801039392504,121.72927282401966,2019-07-18-23-37-25
1.0,30.949796749446786,121.73877098472221,2019-07-18-23-37-25
1.0,30.950300587433855,121.72952268377884,2019-07-18-23-37-25
1.0,30.95080125610976,121.72802327174418,2019-07-18-23-37-25
1.0,30.95080027041509,121.7625337713339,2019-07-18-23-37-25
1.0,30.950803012069024,121.76653834927657,2019-07-18-23-37-25
1.0,30.951298565734803,121.73202176318817,2019-07-18-23-37-25
1.0,30.95131333506587,121.77780460588639,2019-07-18-23-37-25
1.0,30.952051926219536,121.72602415392205,2019-07-18-23-37-25
1.0,30.952045153249106,121.75227505318081,2019-07-18-23-37-25
1.0,30.952050828800616,121.76453587258206,2019-07-18-23-37-25
1.0,30.952060175848892,121.77530050443288,2019-07-18-23-37-25
1.0,30.952546006394854,121.75602763217528,2019-07-18-23-37-25
1.0,30.90540580264506,121.81889913416438,2019-07-18-23-37-25
1.0,30.905414740936106,121.82366128675429,2019-07-18-23-37-25
1.0,30.905421334604856,121.82717025546245,2019-07-18-23-37-25
1.0,30.905422274783696,121.82767153501295,2019-07-18-23-37-25
1.0,30.905424621778465,121.82892473027628,2019-07-18-23-37-25
1.0,30.905598006207057,121.78406947676194,2019-07-18-23-37-25
1.0,30.905608156638117,121.79133386867609,2019-07-18-23-37-25
1.0,30.905659413025816,121.82090422250823,2019-07-18-23-37-25
1.0,30.90567071709621,121.82691959487455,2019-07-18-23-37-25
1.0,30.905690644568274,121.8376967913388,2019-07-18-23-37-25
1.0,30.905724396189523,121.85824382518223,2019-07-18-23-37-25
1.0,30.905858757228668,121.79183489676315,2019-07-18-23-37-25
1.0,30.905901300077282,121.81664336928394,2019-07-18-23-37-25
1.0,30.905907855321818,121.82015228419512,2019-07-18-23-37-25
1.0,30.90591209053233,121.82240804220937,2019-07-18-23-37-25
1.0,30.905916331716416,121.82466380906044,2019-07-18-23-37-25
2.0,30.905918216261785,121.8256663722142,2019-07-18-23-37-25
1.0,30.905920569911977,121.82691957431388,2019-07-18-23-37-25
1.0,30.905922919865144,121.82817277268997,2019-07-18-23-37-25
1.0,30.90609124846181,121.77881005857019,2019-07-18-23-37-25
1.0,30.90610003789274,121.78582276279002,2019-07-18-23-37-25
1.0,30.906162885621892,121.82290930274839,2019-07-18-23-37-25
1.0,30.906163356843855,121.82315994344071,2019-07-18-23-37-25
1.0,30.906168069066457,121.82566635164534,2019-07-18-23-37-25
1.0,30.952546401622904,121.75702843530595,2019-07-18-23-37-25
1.0,30.95304510757093,121.75427629015591,2019-07-18-23-37-25
1.0,30.953298786841597,121.76253356210853,2019-07-18-23-37-25
1.0,30.953800703534217,121.72627387487131,2019-07-18-23-37-25
1.0,30.953836932058923,121.79609009009215,2019-07-18-23-37-25
1.0,30.954047460659,121.76103195552857,2019-07-18-23-37-25
1.0,30.95430040681806,121.72627383299191,2019-07-18-23-37-25
1.0,30.954560373486505,121.71528201444137,2019-07-18-23-37-25
1.0,30.954800110098724,121.72627379111174,2019-07-18-23-37-25
1.0,30.954796215963825,121.75953044479519,2019-07-18-23-37-25
1.0,30.95479660552694,121.76028115673051,2019-07-18-23-37-25
1.0,30.95504632502567,121.7600308958074,2019-07-18-23-37-25
1.0,30.955551199917917,121.72427486040154,2019-07-18-23-37-25
1.0,30.95579575006233,121.75978059569901,2019-07-18-23-37-25
1.0,30.956044222227412,121.75677793731812,2019-07-18-23-37-25
1.0,30.956044986693797,121.7585294285128,2019-07-18-23-37-25
1.0,30.956291892742296,121.74602171497486,2019-07-18-23-37-25
1.0,30.95679377711648,121.75677787450282,2019-07-18-23-37-25
1.0,30.956793879399104,121.75702807938332,2019-07-18-23-37-25
1.0,30.956794903714908,121.75928004538882,2019-07-18-23-37-25
1.0,30.95704640883455,121.76228298430698,2019-07-18-23-37-25
1.0,30.95754276703355,121.75527663971683,2019-07-18-23-37-25
1.0,30.957792618662676,121.75527661877477,2019-07-18-23-37-25
1.0,30.906212691992934,121.85072765141197,2019-07-18-23-37-25
1.0,30.906218560605385,121.85448590596091,2019-07-18-23-37-25
1.0,30.90634227072231,121.77981175113344,2019-07-18-23-37-25
1.0,30.906359595260135,121.7925864412329,2019-07-18-23-37-25
1.0,30.906360357269758,121.79308750692147,2019-07-18-23-37-25
1.0,30.90640427671173,121.818397777267,2019-07-18-23-37-25
1.0,30.906415566055774,121.82441312703298,2019-07-18-23-37-25
1.0,30.906599406166794,121.78557223987391,2019-07-18-23-37-25
1.0,30.90661021006121,121.79308748615587,2019-07-18-23-37-25
1.0,30.906647604758557,121.81488887946645,2019-07-18-23-37-25
1.0,30.906672947653664,121.82842335010578,2019-07-18-23-37-25
1.0,30.906673885797243,121.8289246275358,2019-07-18-23-37-25
1.0,30.906890562716047,121.81112946433079,2019-07-18-23-37-25
1.0,30.906896531660365,121.8143875982852,2019-07-18-23-37-25
1.0,30.90691055969832,121.82190667914792,2019-07-18-23-37-25
1.0,30.906956510512618,121.84721958496839,2019-07-18-23-37-25
1.0,30.907155241177243,121.81914962757807,2019-07-18-23-37-25
1.0,30.90717171415076,121.82792203062462,2019-07-18-23-37-25
1.0,30.907205103433355,121.8464678149332,2019-07-18-23-37-25
1.0,30.90720885212608,121.84872302848588,2019-07-18-23-37-25
1.0,30.90738395701831,121.80762080379795,2019-07-18-23-37-25
1.0,30.907387546814032,121.8096257091605,2019-07-18-23-37-25
1.0,30.95804403885404,121.75902971145902,2019-07-18-23-37-25
1.0,30.95829697409328,121.72777275767685,2019-07-18-23-37-25
1.0,30.958292689275947,121.75627734727765,2019-07-18-23-37-25
1.0,30.958311489462886,121.77980741458386,2019-07-18-23-37-25
1.0,30.958540987429583,121.74127042637903,2019-07-18-23-37-25
1.0,30.958542840800824,121.75702793281083,2019-07-18-23-37-25
1.0,30.95854316151733,121.75777856377951,2019-07-18-23-37-25
1.0,30.958792903931744,121.75752832980149,2019-07-18-23-37-25
1.0,30.959041254099677,121.75327510504277,2019-07-18-23-37-25
1.0,30.959045529042236,121.76278334738707,2019-07-18-23-37-25
1.0,30.9592905423281,121.74127036351308,2019-07-18-23-37-25
1.0,30.959546929372408,121.72677313602136,2019-07-18-23-37-25
1.0,30.96004019224455,121.74077024342125,2019-07-18-23-37-25
1.0,30.90739026823216,121.81112942300754,2019-07-18-23-37-25
1.0,30.907391637398163,121.81188129009152,2019-07-18-23-37-25
1.0,30.907400416751283,121.81664324552337,2019-07-18-23-37-25
1.0,30.907405093927323,121.81914960696672,2019-07-18-23-37-25
1.0,30.907406971989563,121.82015216056807,2019-07-18-23-37-25
1.0,30.907440968878245,121.83844850570091,2019-07-18-23-37-25
1.0,30.90759273358814,121.78081339519719,2019-07-18-23-37-25
1.0,30.907636497769253,121.80912445695552,2019-07-18-23-37-25
1.0,30.907637399555792,121.80962568848933,2019-07-18-23-37-25
1.0,30.90763785148167,121.8098763054934,2019-07-18-23-37-25
1.0,30.90763830408052,121.81012692330431,2019-07-18-23-37-25
1.0,30.90764286452186,121.81263314280615,2019-07-18-23-37-25
1.0,30.90766153104477,121.82265853860432,2019-07-18-23-37-25
1.0,30.90770855759765,121.8487229876291,2019-07-18-23-37-25
1.0,30.907885451544225,121.80862320813291,2019-07-18-23-37-25
1.0,30.907890885885447,121.81163062569604,2019-07-18-23-37-25
1.0,30.907893176483523,121.81288374794461,2019-07-18-23-37-25
1.0,30.90790152220836,121.81739510878353,2019-07-18-23-37-25
1.0,30.90790526859103,121.8194002037413,2019-07-18-23-37-25
1.0,30.90790573800839,121.81965084201906,2019-07-18-23-37-25
1.0,30.907909970673188,121.82190659677237,2019-07-18-23-37-25
1.0,30.907911854943773,121.8229091586379,2019-07-18-23-37-25
1.0,30.90792221139055,121.82842324734467,2019-07-18-23-37-25
1.0,30.908109709670022,121.79333789688215,2019-07-18-23-37-25
1.0,30.908112429469018,121.79509168920362,2019-07-18-23-37-25
1.0,30.908126490454197,121.80361111569121,2019-07-18-23-37-25
1.0,30.908138009530532,121.81012688196758,2019-07-18-23-37-25
1.0,30.908151374925698,121.8173950881605,2019-07-18-23-37-25
1.0,30.908191426738913,121.83894967877237,2019-07-18-23-37-25
1.0,30.908343210125544,121.78156466638261,2019-07-18-23-37-25
1.0,30.908359179287853,121.79308734079137,2019-07-18-23-37-25
1.0,30.908367501228394,121.79834890999955,2019-07-18-23-37-25
2.0,30.908388769408827,121.8106280992964,2019-07-18-23-37-25
1.0,30.908389223956732,121.81087871945125,2019-07-18-23-37-25
1.0,30.908390591312553,121.8116305843775,2019-07-18-23-37-25
1.0,30.908391505859544,121.81213183124345,2019-07-18-23-37-25
1.0,30.90839196399078,121.81238245570998,2019-07-18-23-37-25
1.0,30.908403098670686,121.81839761233725,2019-07-18-23-37-25
1.0,30.90840920524184,121.82165591542245,2019-07-18-23-37-25
1.0,30.90860564787557,121.7908325773672,2019-07-18-23-37-25
1.0,30.908607137570222,121.79183466826309,2019-07-18-23-37-25
1.0,30.90860941508585,121.79333785535076,2019-07-18-23-37-25
1.0,30.90861292392984,121.79559274535488,2019-07-18-23-37-25
1.0,30.908628366959476,121.80486405368408,2019-07-18-23-37-25
1.0,30.908632775269307,121.80737009123393,2019-07-18-23-37-25
1.0,30.90863953182839,121.81112931969614,2019-07-18-23-37-25
1.0,30.908640444009688,121.81163056371794,2019-07-18-23-37-25
1.0,30.90864273460665,121.81288368598987,2019-07-18-23-37-25
2.0,30.90864642663691,121.81488871435795,2019-07-18-23-37-25
1.0,30.90885965225414,121.79358837154446,2019-07-18-23-37-25
1.0,30.908863173087514,121.79584327573279,2019-07-18-23-37-25
1.0,30.908863969858412,121.79634438253483,2019-07-18-23-37-25
1.0,30.9088643701424,121.79659493818158,2019-07-18-23-37-25
1.0,30.90887778358377,121.80461343490516,2019-07-18-23-37-25
1.0,30.908883966325593,121.80812190075657,2019-07-18-23-37-25
1.0,30.90888802088319,121.81037743857297,2019-07-18-23-37-25
1.0,30.908888474792818,121.81062805796469,2019-07-18-23-37-25
1.0,30.9088893845148,121.8111292990333,2019-07-18-23-37-25
1.0,30.90889627932221,121.81488869371854,2019-07-18-23-37-25
1.0,30.90910535324933,121.79083253580893,2019-07-18-23-37-25
1.0,30.909106842943416,121.79183462671517,2019-07-18-23-37-25
1.0,30.909107218987696,121.79208515371658,2019-07-18-23-37-25
1.0,30.909109890783053,121.79383888936118,2019-07-18-23-37-25
1.0,30.909110277993104,121.7940894295519,2019-07-18-23-37-25
2.0,30.90911066655519,121.79433997134039,2019-07-18-23-37-25
1.0,30.90912894714267,121.80536521164285,2019-07-18-23-37-25
1.0,30.909130707223763,121.8063676228066,2019-07-18-23-37-25
1.0,30.909139692979345,121.81137990002154,2019-07-18-23-37-25
1.0,30.90914985202311,121.81689373555757,2019-07-18-23-37-25
1.0,30.909177552488266,121.83168142612183,2019-07-18-23-37-25
1.0,30.909359743452903,121.79383886859749,2019-07-18-23-37-25
1.0,30.909362481970245,121.79559268309275,2019-07-18-23-37-25
1.0,30.90937190704627,121.80135572180575,2019-07-18-23-37-25
1.0,30.909377488928016,121.80461339349984,2019-07-18-23-37-25
1.0,30.909379238540424,121.80561579220127,2019-07-18-23-37-25
1.0,30.909381444973793,121.80686881371119,2019-07-18-23-37-25
1.0,30.909385016818074,121.80887369771702,2019-07-18-23-37-25
1.0,30.9093950587899,121.81438739186434,2019-07-18-23-37-25
1.0,30.90942787032564,121.83193204007978,2019-07-18-23-37-25
1.0,30.909588899052654,121.77855934402842,2019-07-18-23-37-25
1.0,30.909608442692274,121.79308723695391,2019-07-18-23-37-25
1.0,30.90960882578747,121.79333777228571,2019-07-18-23-37-25
1.0,30.909620916158186,121.80085453887509,2019-07-18-23-37-25
1.0,30.909621759703253,121.80135570108371,2019-07-18-23-37-25
1.0,30.909622183061362,121.80160628406922,2019-07-18-23-37-25
1.0,30.909623032894924,121.80210745373994,2019-07-18-23-37-25
1.0,30.909631741392356,121.80711940027871,2019-07-18-23-37-25
1.0,30.909637578878392,121.81037737656938,2019-07-18-23-37-25
1.0,30.90963939829814,121.811379858698,2019-07-18-23-37-25
1.0,30.90965564624266,121.82015197511485,2019-07-18-23-37-25
1.0,30.909666948960737,121.82616734488131,2019-07-18-23-37-25
1.0,30.909852721167947,121.78932938958549,2019-07-18-23-37-25
1.0,30.909870348639206,121.80060393895039,2019-07-18-23-37-25
1.0,30.90987850511016,121.80536514954743,2019-07-18-23-37-25
1.0,30.909880707321236,121.80661816604061,2019-07-18-23-37-25
1.0,30.89200488696361,121.87802863549632,2019-07-18-23-37-25
1.0,30.89200508620573,121.87827896447256,2019-07-18-23-37-25
1.0,30.89200528311613,121.87852929075551,2019-07-18-23-37-25
1.0,30.892005669912944,121.87902993520801,2019-07-18-23-37-25
1.0,30.89201042842677,121.88678849501713,2019-07-18-23-37-25
1.0,30.892010542090127,121.88703872509123,2019-07-18-23-37-25
1.0,30.89201065319895,121.88728895221158,2019-07-18-23-37-25
1.0,30.89201076174779,121.88753917637177,2019-07-18-23-37-25
1.0,30.892010867731265,121.88778939756553,2019-07-18-23-37-25
1.0,30.892011358983382,121.88904045882109,2019-07-18-23-37-25
1.0,30.89201144946454,121.88929066208715,2019-07-18-23-37-25
1.0,30.89201221038967,121.89179252832236,2019-07-18-23-37-25
1.0,30.89201289394391,121.8960449951874,2019-07-18-23-37-25
1.0,30.892007309488225,121.91354542895192,2019-07-18-23-37-25
1.0,30.89198460228693,121.93327690532409,2019-07-18-23-37-25
1.0,30.892254939720505,121.8782789441899,2019-07-18-23-37-25
1.0,30.909882483949286,121.80762059695553,2019-07-18-23-37-25
1.0,30.909887431522076,121.81037735590114,2019-07-18-23-37-25
1.0,30.909896617576102,121.81538987387081,2019-07-18-23-37-25
1.0,30.90991491764989,121.82516476155864,2019-07-18-23-37-25
1.0,30.909924311761173,121.83017754919587,2019-07-18-23-37-25
1.0,30.909943963717584,121.84095443906197,2019-07-18-23-37-25
1.0,30.91010079079353,121.78807684848579,2019-07-18-23-37-25
1.0,30.910109301398418,121.79383880630527,2019-07-18-23-37-25
1.0,30.910118947335068,121.79985218839435,2019-07-18-23-37-25
1.0,30.910121042680807,121.80110507790064,2019-07-18-23-37-25
1.0,30.91012402055751,121.80285917587915,2019-07-18-23-37-25
1.0,30.91012835774471,121.80536512884858,2019-07-18-23-37-25
1.0,30.910129676526914,121.80611693571676,2019-07-18-23-37-25
1.0,30.910370474065843,121.80085447669917,2019-07-18-23-37-25
1.0,30.91037777251576,121.80511450793242,2019-07-18-23-37-25
1.0,30.910379088697393,121.80586631170749,2019-07-18-23-37-25
2.0,30.910383978255876,121.8086230013477,2019-07-18-23-37-25
1.0,30.910386230920228,121.80987607811507,2019-07-18-23-37-25
1.0,30.910400516207208,121.81764553820332,2019-07-18-23-37-25
1.0,30.910406614650796,121.820903831094,2019-07-18-23-37-25
1.0,30.910448919426656,121.84396163773192,2019-07-18-23-37-25
1.0,30.892255136630837,121.87852927047363,2019-07-18-23-37-25
1.0,30.892255331202232,121.87877959405569,2019-07-18-23-37-25
1.0,30.892255900811392,121.87953054850828,2019-07-18-23-37-25
1.0,30.892260281939418,121.88678847475701,2019-07-18-23-37-25
1.0,30.892260506711473,121.88728893195251,2019-07-18-23-37-25
1.0,30.892260824656393,121.88803959552904,2019-07-18-23-37-25
1.0,30.892261119417824,121.88879023229595,2019-07-18-23-37-25
1.0,30.892261302976586,121.88929064183199,2019-07-18-23-37-25
1.0,30.892262741664947,121.89929624974879,2019-07-18-23-37-25
1.0,30.89226246518764,121.90154681689818,2019-07-18-23-37-25
1.0,30.892503773839504,121.87702725225566,2019-07-18-23-37-25
4.0,30.89250459397886,121.87802859492925,2019-07-18-23-37-25
2.0,30.892504793220855,121.87827892390706,2019-07-18-23-37-25
2.0,30.892504990131126,121.87852925019158,2019-07-18-23-37-25
1.0,30.892505754311426,121.87953052822928,2019-07-18-23-37-25
1.0,30.892509900469577,121.88628798551078,2019-07-18-23-37-25
1.0,30.89251024910088,121.88703868457186,2019-07-18-23-37-25
1.0,30.89251036020958,121.88728891169326,2019-07-18-23-37-25
1.0,30.892510468758303,121.88753913585448,2019-07-18-23-37-25
1.0,30.892511329626615,121.88979101907819,2019-07-18-23-37-25
1.0,30.892511599710886,121.90454714721287,2019-07-18-23-37-25
1.0,30.892483516624115,121.9337761430898,2019-07-18-23-37-25
1.0,30.91062032668067,121.8008544559735,2019-07-18-23-37-25
1.0,30.91062074792081,121.80110503645234,2019-07-18-23-37-25
1.0,30.910698339580442,121.8437110197705,2019-07-18-23-37-25
1.0,30.91086561892184,121.79809813682908,2019-07-18-23-37-25
1.0,30.910872296019974,121.8021073501487,2019-07-18-23-37-25
1.0,30.910876169553475,121.80436267227387,2019-07-18-23-37-25
1.0,30.91088368347055,121.80862295998838,2019-07-18-23-37-25
1.0,30.910896492475718,121.81564042344735,2019-07-18-23-37-25
1.0,30.911089768947168,121.78006178917602,2019-07-18-23-37-25
1.0,30.911120453119054,121.8011049950033,2019-07-18-23-37-25
1.0,30.911121298780927,121.80160615974172,2019-07-18-23-37-25
1.0,30.911122148613615,121.8021073294299,2019-07-18-23-37-25
1.0,30.911128646506228,121.80586624961825,2019-07-18-23-37-25
1.0,30.911129086959317,121.80611685293748,2019-07-18-23-37-25
1.0,30.911129970387233,121.80661806258205,2019-07-18-23-37-25
1.0,30.91113398517967,121.80887355297213,2019-07-18-23-37-25
1.0,30.911134435016212,121.80912416749642,2019-07-18-23-37-25
1.0,30.911142641826018,121.81363536070137,2019-07-18-23-37-25
1.0,30.91114820670679,121.81664293609238,2019-07-18-23-37-25
1.0,30.91115054162387,121.81789611237494,2019-07-18-23-37-25
1.0,30.91135856443071,121.79383870248112,2019-07-18-23-37-25
1.0,30.911370728006784,121.80135555602415,2019-07-18-23-37-25
1.0,30.892729490264013,121.85649125785139,2019-07-18-23-37-25
1.0,30.89275341653509,121.87677688965188,2019-07-18-23-37-25
1.0,30.892754245898512,121.87777824298205,2019-07-18-23-37-25
2.0,30.892754447464913,121.87802857464543,2019-07-18-23-37-25
1.0,30.892754646706845,121.87827890362404,2019-07-18-23-37-25
1.0,30.892754843617052,121.87852922990933,2019-07-18-23-37-25
1.0,30.892755038188316,121.87877955349295,2019-07-18-23-37-25
1.0,30.89275523041348,121.87902987436647,2019-07-18-23-37-25
1.0,30.892755607797096,121.87953050795011,2019-07-18-23-37-25
1.0,30.89275735157827,121.88203351049391,2019-07-18-23-37-25
1.0,30.892757981289492,121.88303463316336,2019-07-18-23-37-25
1.0,30.892760213693325,121.88728889143383,2019-07-18-23-37-25
1.0,30.892761345816368,121.89029138424428,2019-07-18-23-37-25
1.0,30.892761921419943,121.90279697902167,2019-07-18-23-37-25
1.0,30.89300409937032,121.87777822269724,2019-07-18-23-37-25
2.0,30.893004300936656,121.87802855436144,2019-07-18-23-37-25
1.0,30.893004500178524,121.87827888334083,2019-07-18-23-37-25
2.0,30.893004697088664,121.87852920962692,2019-07-18-23-37-25
1.0,30.893004891659867,121.8787795332113,2019-07-18-23-37-25
1.0,30.89300508388497,121.87902985408559,2019-07-18-23-37-25
1.0,30.893005273756856,121.8792801722415,2019-07-18-23-37-25
1.0,30.893005461268455,121.87953048767073,2019-07-18-23-37-25
1.0,30.911371575764694,121.80185672325291,2019-07-18-23-37-25
1.0,30.911382492612475,121.8081216939333,2019-07-18-23-37-25
1.0,30.91138338864369,121.80862291862833,2019-07-18-23-37-25
1.0,30.911389279955273,121.81188095955295,2019-07-18-23-37-25
1.0,30.911594471028668,121.78406897727677,2019-07-18-23-37-25
1.0,30.911620580580028,121.8013555353006,2019-07-18-23-37-25
1.0,30.911621003937558,121.80160611829771,2019-07-18-23-37-25
1.0,30.911621428337796,121.80185670253226,2019-07-18-23-37-25
1.0,30.911644194999067,121.81463783609777,2019-07-18-23-37-25
1.0,30.91164651505148,121.81589099415974,2019-07-18-23-37-25
1.0,30.911657760284733,121.82190628783731,2019-07-18-23-37-25
1.0,30.911730512525644,121.86550734783434,2019-07-18-23-37-25
1.0,30.91187213278595,121.80235785394552,2019-07-18-23-37-25
1.0,30.911875145634447,121.80411199353651,2019-07-18-23-37-25
1.0,30.911883093775714,121.80862287726751,2019-07-18-23-37-25
1.0,30.91188534643785,121.80987595408092,2019-07-18-23-37-25
1.0,30.91198036506999,121.8655073274885,2019-07-18-23-37-25
1.0,30.91215323273511,121.81965049164519,2019-07-18-23-37-25
1.0,30.912368455451332,121.80035315374784,2019-07-18-23-37-25
1.0,30.912387321013252,121.81112900973366,2019-07-18-23-37-25
1.0,30.912393752645997,121.8146377741675,2019-07-18-23-37-25
1.0,30.893005646412753,121.87978080036513,2019-07-18-23-37-25
1.0,30.89300704151817,121.88178320250054,2019-07-18-23-37-25
1.0,30.893008425105883,121.8840356900689,2019-07-18-23-37-25
1.0,30.893011351507326,121.89079173728496,2019-07-18-23-37-25
1.0,30.892984408668127,121.93302718043462,2019-07-18-23-37-25
1.0,30.893217079162273,121.84872417217477,2019-07-18-23-37-25
2.0,30.893254154394135,121.87802853407726,2019-07-18-23-37-25
3.0,30.89325435363594,121.87827886305743,2019-07-18-23-37-25
1.0,30.89325455054602,121.8785291893443,2019-07-18-23-37-25
1.0,30.893254745117158,121.87877951292947,2019-07-18-23-37-25
1.0,30.893254937342196,121.87902983380452,2019-07-18-23-37-25
1.0,30.893255127214015,121.87928015196118,2019-07-18-23-37-25
1.0,30.893255314725554,121.87953046739119,2019-07-18-23-37-25
1.0,30.89325621663504,121.88078200335634,2019-07-18-23-37-25
1.0,30.89326002916647,121.88753907507719,2019-07-18-23-37-25
1.0,30.893261628337424,121.90279693853617,2019-07-18-23-37-25
1.0,30.893260741659365,121.90579709488182,2019-07-18-23-37-25
1.0,30.89325906464737,121.90954663164148,2019-07-18-23-37-25
1.0,30.893256927319914,121.91304553643594,2019-07-18-23-37-25
1.0,30.89350318769909,121.8770271711064,2019-07-18-23-37-25
1.0,30.893503396194667,121.87727751077524,2019-07-18-23-37-25
2.0,30.89350380627121,121.87777818212712,2019-07-18-23-37-25
1.0,30.912402146660867,121.8191491947003,2019-07-18-23-37-25
1.0,30.912402615856443,121.81939983272682,2019-07-18-23-37-25
1.0,30.91244381417259,121.84170605797253,2019-07-18-23-37-25
1.0,30.9125925895984,121.78306703659595,2019-07-18-23-37-25
1.0,30.91259861438787,121.78757564533194,2019-07-18-23-37-25
1.0,30.9126212639604,121.80210720511306,2019-07-18-23-37-25
1.0,30.912624269964923,121.80386133660444,2019-07-18-23-37-25
1.0,30.912626008703626,121.80486372244718,2019-07-18-23-37-25
1.0,30.912636718369956,121.81087836813413,2019-07-18-23-37-25
1.0,30.91265106150728,121.81864789892514,2019-07-18-23-37-25
1.0,30.91268012128813,121.83418746239586,2019-07-18-23-37-25
1.0,30.912870266651197,121.80160601468438,2019-07-18-23-37-25
1.0,30.912871116482865,121.80210718439292,2019-07-18-23-37-25
1.0,30.912883402871085,121.80912402275304,2019-07-18-23-37-25
1.0,30.91288385341475,121.80937463813528,2019-07-18-23-37-25
1.0,30.912885662434835,121.81037710786758,2019-07-18-23-37-25
1.0,30.91288611634328,121.81062772728401,2019-07-18-23-37-25
1.0,30.912887026062897,121.81112896840214,2019-07-18-23-37-25
1.0,30.91289160967157,121.81363521615341,2019-07-18-23-37-25
1.0,30.912897640870003,121.8168934261306,2019-07-18-23-37-25
1.0,30.91311146398963,121.7963440297602,2019-07-18-23-37-25
1.0,30.91311717816176,121.79985193960705,2019-07-18-23-37-25
1.0,30.913121395448197,121.80235775035308,2019-07-18-23-37-25
1.0,30.893504007837414,121.8780285137929,2019-07-18-23-37-25
2.0,30.893504207079157,121.87827884277387,2019-07-18-23-37-25
1.0,30.89350440398917,121.87852916906151,2019-07-18-23-37-25
1.0,30.893504598560245,121.87877949264745,2019-07-18-23-37-25
1.0,30.89350479078522,121.87902981352327,2019-07-18-23-37-25
1.0,30.89350854869035,121.88478642728238,2019-07-18-23-37-25
1.0,30.893510502987816,121.90604706656704,2019-07-18-23-37-25
1.0,30.893753455817098,121.8775278274989,2019-07-18-23-37-25
1.0,30.8937536597004,121.87777816184177,2019-07-18-23-37-25
1.0,30.893754060508222,121.8782788224901,2019-07-18-23-37-25
2.0,30.89375425741817,121.87852914877854,2019-07-18-23-37-25
2.0,30.89375445198918,121.87877947236525,2019-07-18-23-37-25
1.0,30.893755021597194,121.87953042683154,2019-07-18-23-37-25
1.0,30.893756096710078,121.8810322617053,2019-07-18-23-37-25
1.0,30.89375769520437,121.88353509639187,2019-07-18-23-37-25
1.0,30.893759516377326,121.88703858327025,2019-07-18-23-37-25
2.0,30.894003913923182,121.87827880220617,2019-07-18-23-37-25
1.0,30.89400411083307,121.87852912849539,2019-07-18-23-37-25
1.0,30.894004875011838,121.87953040655144,2019-07-18-23-37-25
5.0,30.89400677988565,121.88228369404112,2019-07-18-23-37-25
1.0,30.894007980233436,121.88428587113162,2019-07-18-23-37-25
1.0,30.89401115862695,121.89229270296511,2019-07-18-23-37-25
1.0,30.91313280554559,121.8088733875381,2019-07-18-23-37-25
1.0,30.913133705925134,121.80937461745843,2019-07-18-23-37-25
1.0,30.913135514944923,121.81037708719688,2019-07-18-23-37-25
1.0,30.913147493378162,121.81689340550064,2019-07-18-23-37-25
1.0,30.91320695036998,121.84972482032602,2019-07-18-23-37-25
1.0,30.91336578678445,121.7991002009087,2019-07-18-23-37-25
1.0,30.91336870476671,121.80085422797849,2019-07-18-23-37-25
1.0,30.913373827500983,121.80386127447431,2019-07-18-23-37-25
1.0,30.91337600320174,121.80511425951131,2019-07-18-23-37-25
1.0,30.913380866009085,121.80787091744578,2019-07-18-23-37-25
1.0,30.91338400966525,121.80962521300053,2019-07-18-23-37-25
1.0,30.913395017913935,121.81564021707518,2019-07-18-23-37-25
1.0,30.913395947978,121.8161414828184,2019-07-18-23-37-25
1.0,30.913396413582518,121.81639211639146,2019-07-18-23-37-25
1.0,30.913399682377243,121.81814656318858,2019-07-18-23-37-25
1.0,30.913600509672513,121.78932907775132,2019-07-18-23-37-25
1.0,30.9136156392781,121.79910018017074,2019-07-18-23-37-25
1.0,30.913617718016713,121.80035305009558,2019-07-18-23-37-25
1.0,30.91361813709549,121.80060362802935,2019-07-18-23-37-25
1.0,30.913620673990767,121.80210712223138,2019-07-18-23-37-25
1.0,30.913625418730778,121.8048636396304,2019-07-18-23-37-25
1.0,30.91363027237485,121.80762028665657,2019-07-18-23-37-25
1.0,30.894011130099,121.90304690864868,2019-07-18-23-37-25
1.0,30.89401100470762,121.90354696063469,2019-07-18-23-37-25
1.0,30.894253162633365,121.87752778692605,2019-07-18-23-37-25
1.0,30.894253767324106,121.87827878192205,2019-07-18-23-37-25
1.0,30.89425435102959,121.87902975267843,2019-07-18-23-37-25
2.0,30.89425769224422,121.88403558873101,2019-07-18-23-37-25
1.0,30.894257833632846,121.88428585086429,2019-07-18-23-37-25
1.0,30.89447956356112,121.85724268039593,2019-07-18-23-37-25
1.0,30.89450381762079,121.87852908792851,2019-07-18-23-37-25
1.0,30.89450401219161,121.87877941151756,2019-07-18-23-37-25
1.0,30.894506645325883,121.88253393558618,2019-07-18-23-37-25
1.0,30.894508727943744,121.88628782341304,2019-07-18-23-37-25
1.0,30.894510744861776,121.89179232580457,2019-07-18-23-37-25
1.0,30.894729052082244,121.85699214008966,2019-07-18-23-37-25
1.0,30.894753474084023,121.87827874135324,2019-07-18-23-37-25
1.0,30.894753865564475,121.87877939123462,2019-07-18-23-37-25
1.0,30.894760280518412,121.90454696502331,2019-07-18-23-37-25
1.0,30.894749611783823,121.92054091689647,2019-07-18-23-37-25
1.0,30.894746335250563,121.92353830354976,2019-07-18-23-37-25
1.0,30.894983177561176,121.85999823682684,2019-07-18-23-37-25
1.0,30.89500635205583,121.88253389504168,2019-07-18-23-37-25
1.0,30.89500889440941,121.8872887090907,2019-07-18-23-37-25
1.0,30.895009690669223,121.88929041901328,2019-07-18-23-37-25
1.0,30.913631613034376,121.80837211969379,2019-07-18-23-37-25
1.0,30.913633862155823,121.80962519232484,2019-07-18-23-37-25
1.0,30.913850002457792,121.78907854922303,2019-07-18-23-37-25
1.0,30.913871380389214,121.8026082760799,2019-07-18-23-37-25
1.0,30.91387266873042,121.80336004680476,2019-07-18-23-37-25
1.0,30.91387527121296,121.80486361892572,2019-07-18-23-37-25
1.0,30.913875708175745,121.80511421810515,2019-07-18-23-37-25
1.0,30.91387614602768,121.80536481834321,2019-07-18-23-37-25
1.0,30.913880570981473,121.8078708760728,2019-07-18-23-37-25
1.0,30.91388236301803,121.80887332549723,2019-07-18-23-37-25
1.0,30.913899855535398,121.81839715871851,2019-07-18-23-37-25
1.0,30.91410351977471,121.79158368586567,2019-07-18-23-37-25
1.0,30.914103894378712,121.79183421119414,2019-07-18-23-37-25
1.0,30.914110873947916,121.79634394674646,2019-07-18-23-37-25
1.0,30.914117004991567,121.80010243199652,2019-07-18-23-37-25
1.0,30.914119529116068,121.80160591106632,2019-07-18-23-37-25
1.0,30.91412123286232,121.80260825536173,2019-07-18-23-37-25
1.0,30.914125560648124,121.80511419740179,2019-07-18-23-37-25
1.0,30.91413131798695,121.80837207832653,2019-07-18-23-37-25
1.0,30.9141317663728,121.80862269113453,2019-07-18-23-37-25
1.0,30.914133567107662,121.80962515097289,2019-07-18-23-37-25
1.0,30.914134019031618,121.80987576801698,2019-07-18-23-37-25
1.0,30.895010482296026,121.90329685528347,2019-07-18-23-37-25
1.0,30.89499946513355,121.92054089663237,2019-07-18-23-37-25
1.0,30.89525863664441,121.88703846170226,2019-07-18-23-37-25
1.0,30.8952591665312,121.88828956767289,2019-07-18-23-37-25
1.0,30.89526033563539,121.90329683503919,2019-07-18-23-37-25
1.0,30.895259476651564,121.90604692485748,2019-07-18-23-37-25
1.0,30.895490072741616,121.86550866991904,2019-07-18-23-37-25
1.0,30.89550921378334,121.88878996895023,2019-07-18-23-37-25
1.0,30.89550968156895,121.90504691739251,2019-07-18-23-37-25
1.0,30.895509422085297,121.9057969126846,2019-07-18-23-37-25
1.0,30.89550643451432,121.91179581886588,2019-07-18-23-37-25
1.0,30.895756222005925,121.88303438991649,2019-07-18-23-37-25
1.0,30.895758343289312,121.88703842117815,2019-07-18-23-37-25
1.0,30.89575897143019,121.8885397394183,2019-07-18-23-37-25
1.0,30.895759067098506,121.88878994869158,2019-07-18-23-37-25
1.0,30.895759506467172,121.89004094998262,2019-07-18-23-37-25
1.0,30.896006521778407,121.88378518183997,2019-07-18-23-37-25
1.0,30.896007602844577,121.88578722109328,2019-07-18-23-37-25
1.0,30.896007726669655,121.88603746292657,2019-07-18-23-37-25
1.0,30.89600862564128,121.88803929164398,2019-07-18-23-37-25
1.0,30.896008920400003,121.88878992843276,2019-07-18-23-37-25
1.0,30.896009013476768,121.88904013470935,2019-07-18-23-37-25
1.0,30.896009103956967,121.8892903379828,2019-07-18-23-37-25
1.0,30.91413537879494,121.81062762393641,2019-07-18-23-37-25
1.0,30.91413765767382,121.81188073227973,2019-07-18-23-37-25
1.0,30.91415017646465,121.81864777521034,2019-07-18-23-37-25
1.0,30.914344837428185,121.78557159487855,2019-07-18-23-37-25
1.0,30.91436233501517,121.79734615754258,2019-07-18-23-37-25
1.0,30.914363963161623,121.7983484122253,2019-07-18-23-37-25
1.0,30.914365196700526,121.7991001179557,2019-07-18-23-37-25
1.0,30.914367275438057,121.80035298790195,2019-07-18-23-37-25
1.0,30.914367694516613,121.80060356584004,2019-07-18-23-37-25
1.0,30.914368114680755,121.80085414506554,2019-07-18-23-37-25
1.0,30.914368535919806,121.80110472556605,2019-07-18-23-37-25
1.0,30.914370231410583,121.80210706006814,2019-07-18-23-37-25
1.0,30.91437541311082,121.80511417669824,2019-07-18-23-37-25
1.0,30.91438072280503,121.80812144572047,2019-07-18-23-37-25
1.0,30.914383419569035,121.80962513029664,2019-07-18-23-37-25
1.0,30.914384777348015,121.81037698384063,2019-07-18-23-37-25
1.0,30.91438751013453,121.8118807116174,2019-07-18-23-37-25
1.0,30.914388425825532,121.81238195994072,2019-07-18-23-37-25
1.0,30.9146134067838,121.79809782568347,2019-07-18-23-37-25
1.0,30.91461881067723,121.80135528660325,2019-07-18-23-37-25
1.0,30.914619234033882,121.80160586961777,2019-07-18-23-37-25
1.0,30.914620510316915,121.80235762603593,2019-07-18-23-37-25
1.0,30.914625703415606,121.80536475623704,2019-07-18-23-37-25
1.0,30.8960091918356,121.88954053824729,2019-07-18-23-37-25
1.0,30.896009547145262,121.9045468638005,2019-07-18-23-37-25
1.0,30.89600831310943,121.9077967164373,2019-07-18-23-37-25
1.0,30.896006298018644,121.9115458615011,2019-07-18-23-37-25
1.0,30.896254969402104,121.88153264839993,2019-07-18-23-37-25
1.0,30.896258579765114,121.88828948663408,2019-07-18-23-37-25
1.0,30.89625877368788,121.88878990817375,2019-07-18-23-37-25
1.0,30.896259045123294,121.88954051798966,2019-07-18-23-37-25
1.0,30.896259617875778,121.90379679957557,2019-07-18-23-37-25
1.0,30.896258981978317,121.90579685194889,2019-07-18-23-37-25
1.0,30.89625888986942,121.90604684387657,2019-07-18-23-37-25
1.0,30.896507183056727,121.88553693580704,2019-07-18-23-37-25
1.0,30.896507433233182,121.886037422397,2019-07-18-23-37-25
1.0,30.89650843303955,121.88828946637392,2019-07-18-23-37-25
1.0,30.896508898397432,121.88954049773186,2019-07-18-23-37-25
1.0,30.896509401463078,121.90404679723137,2019-07-18-23-37-25
1.0,30.89675703631832,121.88553691554085,2019-07-18-23-37-25
1.0,30.896758286300475,121.88828944611359,2019-07-18-23-37-25
1.0,30.89675838455493,121.88853965837998,2019-07-18-23-37-25
1.0,30.896758480223003,121.88878986765518,2019-07-18-23-37-25
1.0,30.896758573299586,121.88904007393317,2019-07-18-23-37-25
1.0,30.91463372394459,121.80987572666736,2019-07-18-23-37-25
1.0,30.914634176541377,121.81012634452141,2019-07-18-23-37-25
1.0,30.914649881372426,121.81864773397056,2019-07-18-23-37-25
1.0,30.91486866312183,121.80135526587725,2019-07-18-23-37-25
1.0,30.914869936308914,121.80210701862504,2019-07-18-23-37-25
1.0,30.91487079022379,121.80260819320613,2019-07-18-23-37-25
1.0,30.914958333157784,121.85122805761398,2019-07-18-23-37-25
1.0,30.914969299696082,121.85849358201584,2019-07-18-23-37-25
1.0,30.915345950280358,121.78682393781956,2019-07-18-23-37-25
1.0,30.915360937994837,121.79684495582178,2019-07-18-23-37-25
1.0,30.915363782937504,121.79859889645319,2019-07-18-23-37-25
1.0,30.91536460646261,121.79910003499968,2019-07-18-23-37-25
1.0,30.91536668519869,121.80035290497447,2019-07-18-23-37-25
1.0,30.915368367982534,121.80135522442467,2019-07-18-23-37-25
1.0,30.91538691988166,121.8118806289662,2019-07-18-23-37-25
1.0,30.915410259481646,121.8244123861345,2019-07-18-23-37-25
1.0,30.91559580270071,121.78682391701544,2019-07-18-23-37-25
1.0,30.91560800632227,121.79509106643519,2019-07-18-23-37-25
1.0,30.915611597196648,121.79734605379788,2019-07-18-23-37-25
1.0,30.91561240886718,121.79784717830947,2019-07-18-23-37-25
1.0,30.915614046537268,121.79884944429878,2019-07-18-23-37-25
1.0,30.915614458879478,121.7991000142602,2019-07-18-23-37-25
1.0,30.91561695669339,121.80060346218738,2019-07-18-23-37-25
1.0,30.89675922402198,121.89104161555863,2019-07-18-23-37-25
1.0,30.89675970611472,121.89304296211054,2019-07-18-23-37-25
1.0,30.89676014487835,121.89854563873384,2019-07-18-23-37-25
1.0,30.89675982594013,121.90154645250529,2019-07-18-23-37-25
1.0,30.896759516683957,121.90304668595945,2019-07-18-23-37-25
1.0,30.896759324404073,121.90379675908497,2019-07-18-23-37-25
1.0,30.896759254720415,121.90404677698595,2019-07-18-23-37-25
1.0,30.896759106957532,121.90454680306462,2019-07-18-23-37-25
1.0,30.89675902887517,121.90479681123854,2019-07-18-23-37-25
1.0,30.896758947990204,121.90504681616646,2019-07-18-23-37-25
1.0,30.896758688505756,121.9057968114575,2019-07-18-23-37-25
1.0,30.89675840375027,121.90654677747709,2019-07-18-23-37-25
1.0,30.896758199858624,121.90704673854313,2019-07-18-23-37-25
1.0,30.896757984714004,121.90754668657355,2019-07-18-23-37-25
1.0,30.896756877146018,121.90979629119396,2019-07-18-23-37-25
1.0,30.89675631159927,121.91079603054908,2019-07-18-23-37-25
1.0,30.897008449640204,121.90604678313896,2019-07-18-23-37-25
1.0,30.89700835472203,121.90629677181252,2019-07-18-23-37-25
2.0,30.897008256993615,121.90654675723084,2019-07-18-23-37-25
1.0,30.897008053101864,121.90704671829664,2019-07-18-23-37-25
1.0,30.89700783795714,121.90754666632681,2019-07-18-23-37-25
1.0,30.897007611552578,121.90804660131286,2019-07-18-23-37-25
1.0,30.915857466173794,121.79484049912381,2019-07-18-23-37-25
1.0,30.915859841004387,121.79634380146511,2019-07-18-23-37-25
1.0,30.915861854834215,121.79759659458861,2019-07-18-23-37-25
1.0,30.91586348776218,121.79859885496838,2019-07-18-23-37-25
1.0,30.915865139407778,121.79960113751797,2019-07-18-23-37-25
1.0,30.915891224449744,121.81438685508215,2019-07-18-23-37-25
1.0,30.91590101976396,121.81965018244675,2019-07-18-23-37-25
1.0,30.915911377937192,121.82516426770562,2019-07-18-23-37-25
1.0,30.916100855404554,121.79058143548053,2019-07-18-23-37-25
1.0,30.916107711130305,121.79509102491123,2019-07-18-23-37-25
1.0,30.916108104999886,121.79534157301389,2019-07-18-23-37-25
1.0,30.916108500172005,121.79559212265677,2019-07-18-23-37-25
1.0,30.916109294383812,121.79609322651646,2019-07-18-23-37-25
1.0,30.916111707232865,121.79759657384031,2019-07-18-23-37-25
1.0,30.91611499180585,121.79960111678096,2019-07-18-23-37-25
1.0,30.91635795738994,121.79534155225298,2019-07-18-23-37-25
1.0,30.91635835256199,121.79559210189723,2019-07-18-23-37-25
2.0,30.916360750385042,121.79709543145162,2019-07-18-23-37-25
1.0,30.91636237370467,121.79809768046762,2019-07-18-23-37-25
1.0,30.916363603732194,121.79884938207496,2019-07-18-23-37-25
1.0,30.916608204942786,121.7955920811375,2019-07-18-23-37-25
1.0,30.916608601407297,121.79584263231165,2019-07-18-23-37-25
2.0,30.897259741642372,121.90004606273335,2019-07-18-23-37-25
1.0,30.89725948783212,121.90179645898131,2019-07-18-23-37-25
1.0,30.897259440467707,121.90204650272892,2019-07-18-23-37-25
1.0,30.897259281667697,121.9027966146258,2019-07-18-23-37-25
1.0,30.897258813431673,121.90454676257312,2019-07-18-23-37-25
1.0,30.897258484280542,121.9055467757856,2019-07-18-23-37-25
1.0,30.897258302870256,121.90604676289273,2019-07-18-23-37-25
1.0,30.897258110223564,121.90654673698441,2019-07-18-23-37-25
1.0,30.897257906331706,121.90704669804998,2019-07-18-23-37-25
1.0,30.897506467150528,121.8852866070689,2019-07-18-23-37-25
1.0,30.89750784600272,121.88828938533146,2019-07-18-23-37-25
1.0,30.897509015076064,121.90329665283238,2019-07-18-23-37-25
1.0,30.897508741930086,121.90429673090905,2019-07-18-23-37-25
1.0,30.897508248196118,121.90579675071906,2019-07-18-23-37-25
1.0,30.897508156086957,121.90604674264631,2019-07-18-23-37-25
1.0,30.897507759548198,121.90704667780314,2019-07-18-23-37-25
1.0,30.89750754440326,121.90754662583277,2019-07-18-23-37-25
1.0,30.897500193228165,121.91829235015848,2019-07-18-23-37-25
1.0,30.897759557778482,121.89854555774427,2019-07-18-23-37-25
1.0,30.897758441769838,121.90479673025463,2019-07-18-23-37-25
1.0,30.897758360884655,121.90504673518234,2019-07-18-23-37-25
1.0,30.898009000080545,121.90204644199024,2019-07-18-23-37-25
1.0,30.916611006773167,121.79734597079872,2019-07-18-23-37-25
1.0,30.916711986951114,121.85423451004516,2019-07-18-23-37-25
1.0,30.916912671385578,121.82616674831974,2019-07-18-23-37-25
1.0,30.916962220763363,121.85448502877448,2019-07-18-23-37-25
1.0,30.917125546204286,121.8061163561984,2019-07-18-23-37-25
1.0,30.91745883394202,121.85248062911927,2019-07-18-23-37-25
1.0,30.917866469428148,121.80110443536712,2019-07-18-23-37-25
1.0,30.917866891730384,121.80135501715041,2019-07-18-23-37-25
1.0,30.917868591366286,121.80235735665876,2019-07-18-23-37-25
1.0,30.91811674405553,121.80135499642195,2019-07-18-23-37-25
1.0,30.91859507239024,121.78757514611823,2019-07-18-23-37-25
1.0,30.918900657315163,121.82040185163906,2019-07-18-23-37-25
1.0,30.918971758118033,121.86200020638627,2019-07-18-23-37-25
1.0,30.919133791751864,121.81137907340775,2019-07-18-23-37-25
1.0,30.919221610390554,121.86200018601896,2019-07-18-23-37-25
1.0,30.919222599263954,121.86275162456515,2019-07-18-23-37-25
1.0,30.919588138232307,121.78281599430795,2019-07-18-23-37-25
1.0,30.919837673693472,121.78256551628,2019-07-18-23-37-25
1.0,30.919875691708135,121.80711855191102,2019-07-18-23-37-25
1.0,30.920396485170183,121.81864725965929,2019-07-18-23-37-25
1.0,30.920645868945765,121.81839660188041,2019-07-18-23-37-25
1.0,30.920651504731296,121.82140426589437,2019-07-18-23-37-25
1.0,30.898008448324397,121.90429669041652,2019-07-18-23-37-25
1.0,30.898007250796198,121.907546585338,2019-07-18-23-37-25
1.0,30.89800586609228,121.91029606616104,2019-07-18-23-37-25
1.0,30.89825841283422,121.89129167306825,2019-07-18-23-37-25
1.0,30.898258694457716,121.9027965336409,2019-07-18-23-37-25
1.0,30.898258510555333,121.90354661646937,2019-07-18-23-37-25
1.0,30.898255719268374,121.91029604591131,2019-07-18-23-37-25
1.0,30.898508001301604,121.90479666951478,2019-07-18-23-37-25
1.0,30.898505284016966,121.91079588880012,2019-07-18-23-37-25
1.0,30.898734351569082,121.86250281641857,2019-07-18-23-37-25
1.0,30.89875777356723,121.90504665419529,2019-07-18-23-37-25
1.0,30.89875768987781,121.90529665587503,2019-07-18-23-37-25
1.0,30.898757128784673,121.90679659766298,2019-07-18-23-37-25
1.0,30.898756698492043,121.90779649371747,2019-07-18-23-37-25
1.0,30.8990075430157,121.90529663562775,2019-07-18-23-37-25
1.0,30.899006772404086,121.90729653196227,2019-07-18-23-37-25
1.0,30.89925517404904,121.88478596112368,2019-07-18-23-37-25
1.0,30.899256516548668,121.90754648409786,2019-07-18-23-37-25
1.0,30.899507960150093,121.90279643240565,2019-07-18-23-37-25
1.0,30.899505782521334,121.90879627683286,2019-07-18-23-37-25
1.0,30.899502546923244,121.91404459959115,2019-07-18-23-37-25
1.0,30.8997568113942,121.88903983081204,2019-07-18-23-37-25
1.0,30.92071766280058,121.85974563936422,2019-07-18-23-37-25
1.0,30.920882757525618,121.81137892871936,2019-07-18-23-37-25
1.0,30.920959475779114,121.85423416313664,2019-07-18-23-37-25
1.0,30.921193434508375,121.84446194962725,2019-07-18-23-37-25
1.0,30.92141330455916,121.82792085866774,2019-07-18-23-37-25
1.0,30.921616375339248,121.80235704579924,2019-07-18-23-37-25
1.0,30.921690976738358,121.84320892092661,2019-07-18-23-37-25
1.0,30.921692708425557,121.84421131337487,2019-07-18-23-37-25
1.0,30.921882622745734,121.81162946849206,2019-07-18-23-37-25
1.0,30.92209731037269,121.79058093656366,2019-07-18-23-37-25
1.0,30.92235882841592,121.79809718251423,2019-07-18-23-37-25
1.0,30.922436139820803,121.84070280516377,2019-07-18-23-37-25
1.0,30.92294996590133,121.84897231383152,2019-07-18-23-37-25
1.0,30.92296771011939,121.86074744223276,2019-07-18-23-37-25
1.0,30.9229732507903,121.8650055217778,2019-07-18-23-37-25
1.0,30.923103968626915,121.7953409916369,2019-07-18-23-37-25
1.0,30.923846644262365,121.79083130949823,2019-07-18-23-37-25
1.0,30.923915108667,121.82967512369909,2019-07-18-23-37-25
1.0,30.92437932238839,121.81062677630844,2019-07-18-23-37-25
1.0,30.924467501426022,121.86124830130717,2019-07-18-23-37-25
1.0,30.92490747164739,121.82591544920052,2019-07-18-23-37-25
1.0,30.92534004033901,121.7868231055063,2019-07-18-23-37-25
1.0,30.92546309374661,121.85849272583354,2019-07-18-23-37-25
1.0,30.899754695253648,121.91054585761127,2019-07-18-23-37-25
1.0,30.90000584943886,121.90804635833405,2019-07-18-23-37-25
1.0,30.900004968270643,121.90979602795097,2019-07-18-23-37-25
1.0,30.900254025884816,121.88378483722448,2019-07-18-23-37-25
1.0,30.900256026319223,121.88778872895351,2019-07-18-23-37-25
1.0,30.900256144063828,121.90704645507576,2019-07-18-23-37-25
1.0,30.900505997124302,121.90704643482671,2019-07-18-23-37-25
1.0,30.900504674403162,121.90979598744931,2019-07-18-23-37-25
1.0,30.90050439726853,121.91029586365552,2019-07-18-23-37-25
1.0,30.900756428125376,121.90554649232142,2019-07-18-23-37-25
1.0,30.90075552323064,121.9077963317255,2019-07-18-23-37-25
1.0,30.9010063676562,121.90529647364292,2019-07-18-23-37-25
1.0,30.901005376265704,121.90779631147569,2019-07-18-23-37-25
1.0,30.901004103350232,121.91029582315223,2019-07-18-23-37-25
1.0,30.900995423053438,121.92104000671092,2019-07-18-23-37-25
1.0,30.90125583666828,121.8887895029551,2019-07-18-23-37-25
1.0,30.901256020222725,121.88928991252475,2019-07-18-23-37-25
1.0,30.901256385255124,121.9047964467879,2019-07-18-23-37-25
1.0,30.90125613418391,121.90554645182361,2019-07-18-23-37-25
1.0,30.901255229288225,121.90779629122568,2019-07-18-23-37-25
1.0,30.90125511467719,121.90804625708509,2019-07-18-23-37-25
1.0,30.901244746541085,121.92153957005614,2019-07-18-23-37-25
1.0,30.925463448995185,121.85874323488177,2019-07-18-23-37-25
1.0,30.925588865660504,121.78607162302566,2019-07-18-23-37-25
1.0,30.925604880026132,121.79684410483053,2019-07-18-23-37-25
1.0,30.926104986949973,121.79709462200407,2019-07-18-23-37-25
1.0,30.926117160779125,121.8043614088887,2019-07-18-23-37-25
1.0,30.926354839014603,121.79709460124522,2019-07-18-23-37-25
1.0,30.926469604913315,121.86375292307476,2019-07-18-23-37-25
1.0,30.926707214573884,121.85498530623386,2019-07-18-23-37-25
1.0,30.92721485365522,121.8604966021562,2019-07-18-23-37-25
1.0,30.927222264202072,121.86625743507344,2019-07-18-23-37-25
1.0,30.92772226807426,121.86650783960181,2019-07-18-23-37-25
1.0,30.927972417980822,121.86675826224689,2019-07-18-23-37-25
1.0,30.92812304253556,121.80837091973693,2019-07-18-23-37-25
1.0,30.928364529233082,121.80360943773672,2019-07-18-23-37-25
1.0,30.92838615178409,121.81563897844735,2019-07-18-23-37-25
1.0,30.92838661661683,121.81588961117528,2019-07-18-23-37-25
1.0,30.92871890865727,121.864253671717,2019-07-18-23-37-25
1.0,30.928861234177642,121.80185527235105,2019-07-18-23-37-25
1.0,30.929194617498226,121.84796950372663,2019-07-18-23-37-25
1.0,30.929466207826273,121.86250031198499,2019-07-18-23-37-25
1.0,30.929466535662606,121.86275078949218,2019-07-18-23-37-25
1.0,30.92971439397322,121.86124787339433,2019-07-18-23-37-25
1.0,30.929715065584336,121.86174884677037,2019-07-18-23-37-25
1.0,30.901504965883092,121.88703795509805,2019-07-18-23-37-25
1.0,30.90150518553615,121.88753840641816,2019-07-18-23-37-25
1.0,30.90150620908744,121.890290675248,2019-07-18-23-37-25
1.0,30.901506433471358,121.89104123067082,2019-07-18-23-37-25
1.0,30.901506157379803,121.90504643146582,2019-07-18-23-37-25
1.0,30.901505987194408,121.90554643157444,2019-07-18-23-37-25
1.0,30.901497842884265,121.91829202595709,2019-07-18-23-37-25
1.0,30.90175396992451,121.88528626249638,2019-07-18-23-37-25
1.0,30.901754225145723,121.88578675494598,2019-07-18-23-37-25
1.0,30.90175458901435,121.88653747169413,2019-07-18-23-37-25
2.0,30.901754929991824,121.88728816197231,2019-07-18-23-37-25
1.0,30.90175514451942,121.88778860736628,2019-07-18-23-37-25
1.0,30.901755635759802,121.88903966871662,2019-07-18-23-37-25
1.0,30.90175589938661,121.88979026953562,2019-07-18-23-37-25
1.0,30.901756062088936,121.89029065498767,2019-07-18-23-37-25
2.0,30.901756214307028,121.89079102831164,2019-07-18-23-37-25
1.0,30.90175651777937,121.90329630862358,2019-07-18-23-37-25
1.0,30.90175351958112,121.91054569559616,2019-07-18-23-37-25
2.0,30.90200420195953,121.88603697652331,2019-07-18-23-37-25
2.0,30.902004323250896,121.88628721544211,2019-07-18-23-37-25
1.0,30.92971638762136,121.86275076912068,2019-07-18-23-37-25
1.0,30.929964582606004,121.86149834071178,2019-07-18-23-37-25
1.0,30.929969417412124,121.86525540800903,2019-07-18-23-37-25
1.0,30.930168391155288,121.83343413338356,2019-07-18-23-37-25
1.0,30.93021864864425,121.86475447291427,2019-07-18-23-37-25
1.0,30.930469121297058,121.86525536728803,2019-07-18-23-37-25
1.0,30.930718039341794,121.86450397156973,2019-07-18-23-37-25
1.0,30.930855028352077,121.79884817874618,2019-07-18-23-37-25
1.0,30.930966940583072,121.86375255648298,2019-07-18-23-37-25
1.0,30.9311048802926,121.79884815799355,2019-07-18-23-37-25
1.0,30.931439930173937,121.84596465830673,2019-07-18-23-37-25
1.0,30.93146567719709,121.86300110195955,2019-07-18-23-37-25
1.0,30.931856092280693,121.799850384069,2019-07-18-23-37-25
1.0,30.932216518877507,121.86400292168716,2019-07-18-23-37-25
1.0,30.932424841262158,121.83769459755213,2019-07-18-23-37-25
1.0,30.932464758764986,121.86275054502191,2019-07-18-23-37-25
1.0,30.93246508480204,121.8630010204712,2019-07-18-23-37-25
1.0,30.93309963771635,121.79634236890918,2019-07-18-23-37-25
1.0,30.933204864594327,121.85598690190692,2019-07-18-23-37-25
1.0,30.933460463362945,121.85999509932485,2019-07-18-23-37-25
1.0,30.933602988201926,121.7985973817671,2019-07-18-23-37-25
1.0,30.93370640809143,121.85723947961621,2019-07-18-23-37-25
2.0,30.902004442004362,121.88653745142632,2019-07-18-23-37-25
1.0,30.902004558214333,121.88678768446937,2019-07-18-23-37-25
1.0,30.90200467187526,121.88703791456476,2019-07-18-23-37-25
1.0,30.902004782981653,121.8872881417061,2019-07-18-23-37-25
1.0,30.902004891528073,121.88753836588697,2019-07-18-23-37-25
1.0,30.90200548874921,121.88903964845387,2019-07-18-23-37-25
1.0,30.902005752375842,121.88979024927423,2019-07-18-23-37-25
1.0,30.902005915078046,121.89029063472715,2019-07-18-23-37-25
2.0,30.90200606729602,121.89079100805196,2019-07-18-23-37-25
1.0,30.902006783135253,121.90129597711878,2019-07-18-23-37-25
1.0,30.902006097615686,121.90429636644996,2019-07-18-23-37-25
1.0,30.902006022333328,121.90454637786736,2019-07-18-23-37-25
1.0,30.902254054937334,121.88603695625422,2019-07-18-23-37-25
3.0,30.90225429498204,121.88653743115833,2019-07-18-23-37-25
2.0,30.90225441119195,121.88678766420192,2019-07-18-23-37-25
1.0,30.902254635959153,121.88728812143971,2019-07-18-23-37-25
1.0,30.902255432204992,121.88928983147596,2019-07-18-23-37-25
1.0,30.90225568801192,121.89004042325277,2019-07-18-23-37-25
1.0,30.90225576805482,121.89029061446645,2019-07-18-23-37-25
1.0,30.902256594303754,121.90154600705576,2019-07-18-23-37-25
1.0,30.90225587530689,121.90454635761786,2019-07-18-23-37-25
1.0,30.90225475304943,121.90754624110288,2019-07-18-23-37-25
1.0,30.933963542168467,121.86249994524842,2019-07-18-23-37-25
1.0,30.934136942690778,121.81789421433653,2019-07-18-23-37-25
1.0,30.934206111807956,121.85723943881256,2019-07-18-23-37-25
1.0,30.93435712880475,121.80135364866588,2019-07-18-23-37-25
1.0,30.934459175195837,121.85949401672917,2019-07-18-23-37-25
1.0,30.934636178797923,121.81764353686563,2019-07-18-23-37-25
1.0,30.93564403812614,121.82215495012711,2019-07-18-23-37-25
1.0,30.93585083608349,121.79809606172019,2019-07-18-23-37-25
1.0,30.93621121447432,121.86174831692315,2019-07-18-23-37-25
1.0,30.936216932929803,121.86625670221498,2019-07-18-23-37-25
1.0,30.93646238831256,121.8627502190202,2019-07-18-23-37-25
1.0,30.93667636765619,121.83994980170175,2019-07-18-23-37-25
1.0,30.936712240116172,121.86275019864352,2019-07-18-23-37-25
1.0,30.936961434457928,121.86224922112099,2019-07-18-23-37-25
1.0,30.937347519411254,121.79659257162608,2019-07-18-23-37-25
1.0,30.937445417589235,121.85147677738995,2019-07-18-23-37-25
1.0,30.937612533969055,121.80561345224852,2019-07-18-23-37-25
1.0,30.93769407126448,121.8507250775029,2019-07-18-23-37-25
1.0,30.937855902156127,121.80185452581203,2019-07-18-23-37-25
1.0,30.939215752057258,121.86675734620971,2019-07-18-23-37-25
1.0,30.939380564328484,121.81613933576199,2019-07-18-23-37-25
1.0,30.939440602927768,121.84922153588761,2019-07-18-23-37-25
1.0,30.902253368335884,121.91029572189078,2019-07-18-23-37-25
1.0,30.902503784079375,121.88578669413702,2019-07-18-23-37-25
1.0,30.90250390790286,121.88603693598495,2019-07-18-23-37-25
2.0,30.902504029194105,121.88628717490485,2019-07-18-23-37-25
4.0,30.90250414794745,121.88653741089016,2019-07-18-23-37-25
1.0,30.902504264157297,121.88678764393428,2019-07-18-23-37-25
1.0,30.902504377818104,121.88703787403075,2019-07-18-23-37-25
1.0,30.902504488924375,121.88728810117313,2019-07-18-23-37-25
1.0,30.902504597470674,121.88753832535504,2019-07-18-23-37-25
1.0,30.902505285169735,121.88928981121332,2019-07-18-23-37-25
1.0,30.90250545831736,121.88979020875091,2019-07-18-23-37-25
1.0,30.90250554097648,121.89004040299145,2019-07-18-23-37-25
1.0,30.90250644726569,121.90154598680594,2019-07-18-23-37-25
1.0,30.902506196512107,121.9027961894224,2019-07-18-23-37-25
1.0,30.90250587603352,121.90404631129095,2019-07-18-23-37-25
2.0,30.90275240962916,121.88353436659189,2019-07-18-23-37-25
1.0,30.902752699851558,121.88403489951186,2019-07-18-23-37-25
1.0,30.902753637032742,121.885786673867,2019-07-18-23-37-25
2.0,30.90275388214735,121.88628715463595,2019-07-18-23-37-25
1.0,30.902754000900632,121.88653739062181,2019-07-18-23-37-25
1.0,30.902754117110423,121.88678762366646,2019-07-18-23-37-25
1.0,30.939655311638532,121.82942319029193,2019-07-18-23-37-25
1.0,30.939655779806213,121.82967382825738,2019-07-18-23-37-25
1.0,30.93969045468197,121.84922151543824,2019-07-18-23-37-25
1.0,30.940597206049706,121.79759453958772,2019-07-18-23-37-25
1.0,30.94090269511898,121.82842053276097,2019-07-18-23-37-25
1.0,30.94143526915607,121.84671559742074,2019-07-18-23-37-25
1.0,30.941592616996136,121.79508890618348,2019-07-18-23-37-25
1.0,30.941900693225683,121.82766853190101,2019-07-18-23-37-25
1.0,30.942157565723083,121.8314280790253,2019-07-18-23-37-25
1.0,30.942936882073514,121.84821895564411,2019-07-18-23-37-25
1.0,30.9429468263164,121.85448290579319,2019-07-18-23-37-25
1.0,30.943166196892562,121.83644060275967,2019-07-18-23-37-25
1.0,30.94332158921892,121.78081041518227,2019-07-18-23-37-25
1.0,30.94343699853257,121.84846949026796,2019-07-18-23-37-25
1.0,30.943713378979716,121.86700742050664,2019-07-18-23-37-25
1.0,30.94393251983589,121.84596363497045,2019-07-18-23-37-25
1.0,30.94395661856242,121.8617476850191,2019-07-18-23-37-25
1.0,30.944181521883056,121.84546243649092,2019-07-18-23-37-25
1.0,30.94418194723433,121.84571302610043,2019-07-18-23-37-25
1.0,30.944206135321064,121.86149717888165,2019-07-18-23-37-25
1.0,30.944455987003824,121.86149715849331,2019-07-18-23-37-25
1.0,30.944705838683564,121.8614971381048,2019-07-18-23-37-25
1.0,30.945199224155505,121.85698802075164,2019-07-18-23-37-25
1.0,30.90275423077117,121.88703785376346,2019-07-18-23-37-25
1.0,30.90275434187738,121.88728808090637,2019-07-18-23-37-25
1.0,30.90275522599927,121.88953999122724,2019-07-18-23-37-25
1.0,30.90275531126976,121.88979018848897,2019-07-18-23-37-25
1.0,30.902755393928825,121.89004038272995,2019-07-18-23-37-25
2.0,30.903003735088426,121.88628713436687,2019-07-18-23-37-25
1.0,30.90300408371206,121.887037833496,2019-07-18-23-37-25
1.0,30.903004409345204,121.88778850603853,2019-07-18-23-37-25
2.0,30.9030056208248,121.89129128816715,2019-07-18-23-37-25
1.0,30.903005581919693,121.90404627079117,2019-07-18-23-37-25
1.0,30.903005356070437,121.90479630504109,2019-07-18-23-37-25
1.0,30.90300333865327,121.90954584192801,2019-07-18-23-37-25
1.0,30.90300320431518,121.90979578493003,2019-07-18-23-37-25
1.0,30.90300292717953,121.91029566113171,2019-07-18-23-37-25
1.0,30.903255914127897,121.90204601677333,2019-07-18-23-37-25
1.0,30.903255504529632,121.9037962326405,2019-07-18-23-37-25
1.0,30.90325536236154,121.90429626520081,2019-07-18-23-37-25
1.0,30.903255128108814,121.90504628971736,2019-07-18-23-37-25
1.0,30.903254583860637,121.90654625101517,2019-07-18-23-37-25
1.0,30.903252637305098,121.91054557407715,2019-07-18-23-37-25
2.0,30.90325172129169,121.91204510463696,2019-07-18-23-37-25
1.0,30.90350581440693,121.90179595277407,2019-07-18-23-37-25
1.0,30.903505549726763,121.90304613926483,2019-07-18-23-37-25
1.0,30.903504629422255,121.90604625667744,2019-07-18-23-37-25
1.0,30.94657608203784,121.78581939040434,2019-07-18-23-37-25
1.0,30.946913972116356,121.83644029481218,2019-07-18-23-37-25
1.0,30.946921178957385,121.84045018561534,2019-07-18-23-37-25
1.0,30.947174121331553,121.84220442167278,2019-07-18-23-37-25
1.0,30.947423972987227,121.84220440117659,2019-07-18-23-37-25
1.0,30.947673824640546,121.84220438068022,2019-07-18-23-37-25
1.0,30.947679870601025,121.8457127394599,2019-07-18-23-37-25
1.0,30.94770571556819,121.86274930188702,2019-07-18-23-37-25
1.0,30.947917004980834,121.83844518397684,2019-07-18-23-37-25
1.0,30.947923237346906,121.8419537550411,2019-07-18-23-37-25
1.0,30.949066979010418,121.77980818659266,2019-07-18-23-37-25
1.0,30.949072599951474,121.7843163226074,2019-07-18-23-37-25
1.0,30.949422786152496,121.84220423720038,2019-07-18-23-37-25
1.0,30.949949631543177,121.85924224865886,2019-07-18-23-37-25
1.0,30.950202238311427,121.86124620171668,2019-07-18-23-37-25
1.0,30.95040080510394,121.83042485584177,2019-07-18-23-37-25
1.0,30.951400678581017,121.83067541027846,2019-07-18-23-37-25
1.0,30.951695366868982,121.85698748999175,2019-07-18-23-37-25
1.0,30.952187459297242,121.85197668361869,2019-07-18-23-37-25
1.0,30.952682741583438,121.84922045181546,2019-07-18-23-37-25
1.0,30.952706842699744,121.86600491044557,2019-07-18-23-37-25
1.0,30.952956390615398,121.86575444027768,2019-07-18-23-37-25
1.0,30.953179970136986,121.8477169615113,2019-07-18-23-37-25
1.0,30.90350423287845,121.90704619182395,2019-07-18-23-37-25
1.0,30.90350401773101,121.9075461398472,2019-07-18-23-37-25
1.0,30.903502910150483,121.90979574442397,2019-07-18-23-37-25
1.0,30.90349619815755,121.9187915183977,2019-07-18-23-37-25
1.0,30.90375491480849,121.90479624428971,2019-07-18-23-37-25
1.0,30.903754189132083,121.90679619267175,2019-07-18-23-37-25
1.0,30.90375387063109,121.90754611959551,2019-07-18-23-37-25
1.0,30.903753758835276,121.90779608871561,2019-07-18-23-37-25
1.0,30.903753283487834,121.90879593256527,2019-07-18-23-37-25
1.0,30.90375234311603,121.91054553356935,2019-07-18-23-37-25
1.0,30.904005645618266,121.90104576171387,2019-07-18-23-37-25
1.0,30.904005606588658,121.90129581511611,2019-07-18-23-37-25
1.0,30.904005520197593,121.90179591227255,2019-07-18-23-37-25
1.0,30.904005472831706,121.90204595602147,2019-07-18-23-37-25
1.0,30.904004845781106,121.90454621586625,2019-07-18-23-37-25
1.0,30.9040047676972,121.90479622403888,2019-07-18-23-37-25
1.0,30.904004042020368,121.90679617242026,2019-07-18-23-37-25
1.0,30.90400361172335,121.9077960684636,2019-07-18-23-37-25
1.0,30.904002750276057,121.90954576091602,2019-07-18-23-37-25
1.0,30.90400247877972,121.91004564365099,2019-07-18-23-37-25
1.0,30.904255694161172,121.89929527786028,2019-07-18-23-37-25
1.0,30.904255598948957,121.90029556199245,2019-07-18-23-37-25
1.0,30.904255498495882,121.90104574146264,2019-07-18-23-37-25
1.0,30.953351441113664,121.80460974687166,2019-07-18-23-37-25
1.0,30.953429821749893,121.84771694104313,2019-07-18-23-37-25
1.0,30.953633831671294,121.82240410618202,2019-07-18-23-37-25
1.0,30.953836932058923,121.79609009009215,2019-07-18-23-37-25
1.0,30.954113052344812,121.81137617788525,2019-07-18-23-37-25
1.0,30.954388098785614,121.82491045511759,2019-07-18-23-37-25
1.0,30.955103032051266,121.80611320765819,2019-07-18-23-37-25
1.0,30.955116586528003,121.81363172355331,2019-07-18-23-37-25
1.0,30.956385969237182,121.82440900785757,2019-07-18-23-37-25
1.0,30.95684548168007,121.80235412163915,2019-07-18-23-37-25
1.0,30.956845909130386,121.8026047097756,2019-07-18-23-37-25
1.0,30.956854208009073,121.80736609536773,2019-07-18-23-37-25
1.0,30.956855546335426,121.808117926453,2019-07-18-23-37-25
1.0,30.956862791025475,121.81212782036691,2019-07-18-23-37-25
1.0,30.95712096416297,121.81663913696376,2019-07-18-23-37-25
1.0,30.957353466691448,121.80711544542244,2019-07-18-23-37-25
1.0,30.95744047894406,121.85598492148405,2019-07-18-23-37-25
1.0,30.957598483500966,121.80435879704658,2019-07-18-23-37-25
1.0,30.957848335116886,121.80435877630565,2019-07-18-23-37-25
1.0,30.957863114269916,121.8126289878156,2019-07-18-23-37-25
1.0,30.958105700413785,121.80861904812909,2019-07-18-23-37-25
1.0,30.958124109983373,121.81864414323435,2019-07-18-23-37-25
1.0,30.958311489462886,121.77980741458386,2019-07-18-23-37-25
1.0,30.90425510839406,121.90304607851274,2019-07-18-23-37-25
1.0,30.90425409316793,121.90629618459472,2019-07-18-23-37-25
1.0,30.90425298925167,121.90879589205971,2019-07-18-23-37-25
1.0,30.904504989889112,121.89229185223722,2019-07-18-23-37-25
1.0,30.904505547027334,121.89929525760812,2019-07-18-23-37-25
1.0,30.904503644407686,121.90704611081718,2019-07-18-23-37-25
1.0,30.904503429259826,121.90754605883936,2019-07-18-23-37-25
1.0,30.904502965178732,121.90854591574103,2019-07-18-23-37-25
1.0,30.904502716234635,121.90904582460692,2019-07-18-23-37-25
1.0,30.904502456015837,121.90954572040893,2019-07-18-23-37-25
1.0,30.90450232167744,121.90979566340967,2019-07-18-23-37-25
1.0,30.90471752200944,121.8532333165221,2019-07-18-23-37-25
1.0,30.904755430938437,121.89879507612811,2019-07-18-23-37-25
1.0,30.904755031428422,121.90204589526796,2019-07-18-23-37-25
1.0,30.904752037371374,121.91004558288877,2019-07-18-23-37-25
1.0,30.904740458958557,121.92353749254029,2019-07-18-23-37-25
1.0,30.904979010664764,121.86124988998526,2019-07-18-23-37-25
1.0,30.905005283781176,121.8987950558753,2019-07-18-23-37-25
1.0,30.905005185458734,121.90004543500162,2019-07-18-23-37-25
1.0,30.905004404984105,121.9040461087847,2019-07-18-23-37-25
1.0,30.90498972715391,121.9240369919367,2019-07-18-23-37-25
1.0,30.90525357650908,121.88903938502145,2019-07-18-23-37-25
1.0,30.90525490988844,121.9010456604559,2019-07-18-23-37-25
1.0,30.90525386738574,121.9052961293863,2019-07-18-23-37-25
1.0,30.958356001131932,121.80886964136666,2019-07-18-23-37-25
1.0,30.958851689695678,121.80661410693112,2019-07-18-23-37-25
1.0,30.95959816761787,121.80485982679033,2019-07-18-23-37-25
1.0,30.95969760412849,121.86199688407837,2019-07-18-23-37-25
1.0,30.959699243219085,121.8632492722694,2019-07-18-23-37-25
1.0,30.959858274034726,121.8106238381715,2019-07-18-23-37-25
1.0,30.959902590838787,121.83443421062486,2019-07-18-23-37-25
1.0,30.96009569983276,121.80360680437236,2019-07-18-23-37-25
1.0,30.960098307801992,121.80511038476708,2019-07-18-23-37-25
1.0,30.960113158032392,121.81338068186417,2019-07-18-23-37-25
1.0,30.905504891108666,121.90004539449676,2019-07-18-23-37-25
1.0,30.905504637285716,121.9017957907636,2019-07-18-23-37-25
1.0,30.90550225345491,121.90879579079265,2019-07-18-23-37-25
1.0,30.90550199887349,121.90929569312563,2019-07-18-23-37-25
1.0,30.905501595857388,121.9100455221249,2019-07-18-23-37-25
1.0,30.90550116746186,121.9107953217147,2019-07-18-23-37-25
1.0,30.905491977093256,121.92178901240325,2019-07-18-23-37-25
1.0,30.905724396189523,121.85824382518223,2019-07-18-23-37-25
1.0,30.9057534865139,121.9055460873104,2019-07-18-23-37-25
1.0,30.905751448662834,121.91004550186992,2019-07-18-23-37-25
1.0,30.90575130868446,121.91029543833439,2019-07-18-23-37-25
1.0,30.90575116588594,121.91054537153082,2019-07-18-23-37-25
1.0,30.905740158446243,121.9232876468144,2019-07-18-23-37-25
1.0,30.906003509496063,121.90504606695167,2019-07-18-23-37-25
1.0,30.90600231979208,121.90804587229738,2019-07-18-23-37-25
1.0,30.906001959054798,121.90879575028455,2019-07-18-23-37-25
1.0,30.906001704473173,121.90929565261675,2019-07-18-23-37-25
1.0,30.905987006059863,121.92578512979732,2019-07-18-23-37-25
1.0,30.906212691992934,121.85072765141197,2019-07-18-23-37-25
1.0,30.906218560605385,121.85448590596091,2019-07-18-23-37-25
1.0,30.906254474679997,121.89979526430146,2019-07-18-23-37-25
2.0,30.90625344316656,121.90479604177322,2019-07-18-23-37-25
1.0,30.906253278588554,121.90529604837705,2019-07-18-23-37-25
1.0,30.906252915757943,121.90629602257654,2019-07-18-23-37-25
1.0,30.90625271748592,121.9067959901487,2019-07-18-23-37-25
1.0,30.906502360736336,121.90729592443503,2019-07-18-23-37-25
1.0,30.906752984121262,121.90529600787134,2019-07-18-23-37-25
1.0,30.906751262786823,121.90929559185207,2019-07-18-23-37-25
1.0,30.906750859769954,121.91004542084815,2019-07-18-23-37-25
1.0,30.906956510512618,121.84721958496839,2019-07-18-23-37-25
1.0,30.9070017308553,121.90804579128103,2019-07-18-23-37-25
1.0,30.90699967344294,121.91179488720135,2019-07-18-23-37-25
1.0,30.90698942228899,121.92328754541732,2019-07-18-23-37-25
1.0,30.906989134082153,121.92353731002275,2019-07-18-23-37-25
1.0,30.907205103433355,121.8464678149332,2019-07-18-23-37-25
1.0,30.90720885212608,121.84872302848588,2019-07-18-23-37-25
1.0,30.90725362543898,121.89354241721377,2019-07-18-23-37-25
1.0,30.90725158359284,121.90804577102648,2019-07-18-23-37-25
1.0,30.90770855759765,121.8487229876291,2019-07-18-23-37-25
1.0,30.907735020632533,121.9265341771556,2019-07-18-23-37-25
1.0,30.908485846137893,121.92553519084436,2019-07-18-23-37-25
1.0,30.908735386015103,121.92578490663712,2019-07-18-23-37-25
1.0,30.908735070509714,121.92603463956742,2019-07-18-23-37-25
1.0,30.90873443136881,121.92653409599465,2019-07-18-23-37-25
1.0,30.909002339544774,121.8922914875407,2019-07-18-23-37-25
1.0,30.908983305043755,121.92728323682172,2019-07-18-23-37-25
1.0,30.90923540410873,121.92553512998144,2019-07-18-23-37-25
1.0,30.909747833736354,121.88278297795055,2019-07-18-23-37-25
1.0,30.909735726791936,121.92503560778515,2019-07-18-23-37-25
1.0,30.90999737150609,121.88228239623405,2019-07-18-23-37-25
1.0,30.909997686359482,121.88278295766787,2019-07-18-23-37-25
1.0,30.90998557940601,121.92503558749826,2019-07-18-23-37-25
1.0,30.909985272055213,121.92528532988648,2019-07-18-23-37-25
1.0,30.910495698818266,121.9145434732903,2019-07-18-23-37-25
1.0,30.910747141082332,121.91229440720731,2019-07-18-23-37-25
1.0,30.911239832766206,121.87377107578237,2019-07-18-23-37-25
1.0,30.91124416004383,121.8787780521555,2019-07-18-23-37-25
1.0,30.911494767339207,121.87977929923844,2019-07-18-23-37-25
1.0,30.911496861314973,121.91204443611143,2019-07-18-23-37-25
1.0,30.911496533414486,121.91254425346702,2019-07-18-23-37-25
1.0,30.911496365235532,121.91279415724338,2019-07-18-23-37-25
1.0,30.911730512525644,121.86550734783434,2019-07-18-23-37-25
1.0,30.911746713858424,121.91204441584996,2019-07-18-23-37-25
1.0,30.911746046781236,121.91304403748998,2019-07-18-23-37-25
1.0,30.91198036506999,121.8655073274885,2019-07-18-23-37-25
1.0,30.911996726112623,121.91179448200904,2019-07-18-23-37-25
1.0,30.911995899314267,121.9130440172271,2019-07-18-23-37-25
1.0,30.91224673553682,121.91154454490011,2019-07-18-23-37-25
1.0,30.912245751837133,121.91304399696402,2019-07-18-23-37-25
1.0,30.91224540138794,121.91354378818147,2019-07-18-23-37-25
1.0,30.912494894227073,121.88078044156251,2019-07-18-23-37-25
1.0,30.912736032447206,121.92328707893176,2019-07-18-23-37-25
1.0,30.91299459717847,121.91404350554295,2019-07-18-23-37-25
1.0,30.912983809963382,121.9250353440412,2019-07-18-23-37-25
1.0,30.91320695036998,121.84972482032602,2019-07-18-23-37-25
1.0,30.913246299610048,121.91129454373844,2019-07-18-23-37-25
1.0,30.913245988627597,121.91179438069952,2019-07-18-23-37-25
1.0,30.91349715168552,121.90954499115615,2019-07-18-23-37-25
1.0,30.91349430213365,121.9140434650124,2019-07-18-23-37-25
1.0,30.91349411705117,121.91429334919229,2019-07-18-23-37-25
1.0,30.91349232475626,121.91654216009509,2019-07-18-23-37-25
1.0,30.913482584698443,121.92578452112632,2019-07-18-23-37-25
1.0,30.91374378161659,121.91454320984276,2019-07-18-23-37-25
1.0,30.913987728371964,121.873270097751,2019-07-18-23-37-25
1.0,30.91399724270895,121.9087951020553,2019-07-18-23-37-25
1.0,30.913996856603138,121.90954495063515,2019-07-18-23-37-25
1.0,30.91399400704946,121.91404342448111,2019-07-18-23-37-25
1.0,30.91399382196688,121.91429330866026,2019-07-18-23-37-25
1.0,30.9142450761986,121.91229412353371,2019-07-18-23-37-25
1.0,30.914242706792677,121.91554266036009,2019-07-18-23-37-25
1.0,30.914242300068572,121.91604238633349,2019-07-18-23-37-25
1.0,30.914497422944294,121.9077952177138,2019-07-18-23-37-25
1.0,30.914494763272014,121.91254401031013,2019-07-18-23-37-25
1.0,30.914747275369532,121.90779519745391,2019-07-18-23-37-25
1.0,30.914746545427754,121.90929494359294,2019-07-18-23-37-25
1.0,30.914958333157784,121.85122805761398,2019-07-18-23-37-25
1.0,30.914969299696082,121.85849358201584,2019-07-18-23-37-25
1.0,30.914996131981468,121.90979481258273,2019-07-18-23-37-25
1.0,30.914995112636078,121.91154432201422,2019-07-18-23-37-25
1.0,30.914992463211544,121.91529273168257,2019-07-18-23-37-25
1.0,30.914989181544694,121.91904040834335,2019-07-18-23-37-25
1.0,30.914988200228567,121.92003966562747,2019-07-18-23-37-25
1.0,30.915248933310544,121.90154495382303,2019-07-18-23-37-25
1.0,30.91524843173838,121.90379526041814,2019-07-18-23-37-25
1.0,30.91524821427995,121.90454530439173,2019-07-18-23-37-25
1.0,30.915248136193636,121.90479531256238,2019-07-18-23-37-25
1.0,30.91524805530473,121.90504531748641,2019-07-18-23-37-25
1.0,30.915246980191363,121.9077951569336,2019-07-18-23-37-25
1.0,30.915246748147034,121.90829508537168,2019-07-18-23-37-25
1.0,30.915245707246562,121.91029466850051,2019-07-18-23-37-25
1.0,30.915498214448235,121.90404525805859,2019-07-18-23-37-25
1.0,30.915498066677323,121.90454528413254,2019-07-18-23-37-25
2.0,30.91549798859096,121.90479529230315,2019-07-18-23-37-25
1.0,30.915497907702,121.90504529722712,2019-07-18-23-37-25
1.0,30.91549782400902,121.90529529890277,2019-07-18-23-37-25
1.0,30.915497737510663,121.90554529732843,2019-07-18-23-37-25
1.0,30.915497648205623,121.90579529250253,2019-07-18-23-37-25
1.0,30.91549660054362,121.90829506511092,2019-07-18-23-37-25
1.0,30.91549176690564,121.91579242362904,2019-07-18-23-37-25
1.0,30.915490930997873,121.91679184952764,2019-07-18-23-37-25
1.0,30.915490715008296,121.91704169787117,2019-07-18-23-37-25
1.0,30.915748387329185,121.90279511593126,2019-07-18-23-37-25
1.0,30.91574813652405,121.90379521989972,2019-07-18-23-37-25
2.0,30.915747994350596,121.90429525245771,2019-07-18-23-37-25
1.0,30.915747919065296,121.90454526387316,2019-07-18-23-37-25
1.0,30.915747215825828,121.90654523824081,2019-07-18-23-37-25
1.0,30.915747115282173,121.90679522039422,2019-07-18-23-37-25
1.0,30.915746905757004,121.90729517492466,2019-07-18-23-37-25
1.0,30.915745123608144,121.91079449108078,2019-07-18-23-37-25
1.0,30.915744512922124,121.91179417806676,2019-07-18-23-37-25
1.0,30.915743686120024,121.91304371326179,2019-07-18-23-37-25
1.0,30.915740567393737,121.91704167759919,2019-07-18-23-37-25
1.0,30.91598819628309,121.87502253183952,2019-07-18-23-37-25
1.0,30.915997988902834,121.90379519964023,2019-07-18-23-37-25
1.0,30.91599777144392,121.9045452436136,2019-07-18-23-37-25
1.0,30.91599696766032,121.90679520013394,2019-07-18-23-37-25
1.0,30.91599512160633,121.91054454089954,2019-07-18-23-37-25
1.0,30.91599105932635,121.91629210254479,2019-07-18-23-37-25
1.0,30.9159906357595,121.91679180898443,2019-07-18-23-37-25
1.0,30.915989754993223,121.91779118286544,2019-07-18-23-37-25
1.0,30.916248619371423,121.89929430555023,2019-07-18-23-37-25
1.0,30.916240701312347,121.91654193711943,2019-07-18-23-37-25
1.0,30.9164943810094,121.91129428031948,2019-07-18-23-37-25
1.0,30.91649391030377,121.91204403084741,2019-07-18-23-37-25
1.0,30.916493069406133,121.91329354969986,2019-07-18-23-37-25
1.0,30.916711986951114,121.85423451004516,2019-07-18-23-37-25
1.0,30.916747796789608,121.90279503489218,2019-07-18-23-37-25
1.0,30.916744384620525,121.91104433667542,2019-07-18-23-37-25
1.0,30.916962220763363,121.85448502877448,2019-07-18-23-37-25
1.0,30.916988707229166,121.9182907692339,2019-07-18-23-37-25
1.0,30.91698800051424,121.9190402461335,2019-07-18-23-37-25
1.0,30.917241914658984,121.88052975427368,2019-07-18-23-37-25
1.0,30.917242090258735,121.88078005601753,2019-07-18-23-37-25
1.0,30.91745883394202,121.85248062911927,2019-07-18-23-37-25
1.0,30.917494090056035,121.91079434923448,2019-07-18-23-37-25
1.0,30.917493941614556,121.91104427588228,2019-07-18-23-37-25
1.0,30.917489963009213,121.91654183575955,2019-07-18-23-37-25
1.0,30.91748974982296,121.9167916873504,2019-07-18-23-37-25
1.0,30.917986677966475,121.91978961281079,2019-07-18-23-37-25
1.0,30.918489372204906,121.91654175466833,2019-07-18-23-37-25
1.0,30.918741740223677,121.91329336729297,2019-07-18-23-37-25
1.0,30.918738130526936,121.91779095984388,2019-07-18-23-37-25
1.0,30.918971758118033,121.86200020638627,2019-07-18-23-37-25
1.0,30.91897920131392,121.86801117564141,2019-07-18-23-37-25
1.0,30.918991766309674,121.91304344979186,2019-07-18-23-37-25
1.0,30.919221610390554,121.86200018601896,2019-07-18-23-37-25
1.0,30.919222599263954,121.86275162456515,2019-07-18-23-37-25
1.0,30.919241957749517,121.91254362525781,2019-07-18-23-37-25
1.0,30.91923828104013,121.91729123885949,2019-07-18-23-37-25
1.0,30.919487911697576,121.91754106042316,2019-07-18-23-37-25
1.0,30.91947840743592,121.92628349671978,2019-07-18-23-37-25
1.0,30.919478086509763,121.92653322332914,2019-07-18-23-37-25
1.0,30.919731527373138,121.87051530228088,2019-07-18-23-37-25
1.0,30.91972825967657,121.92628347642197,2019-07-18-23-37-25
1.0,30.91999184238314,121.91204374711904,2019-07-18-23-37-25
1.0,30.92023875591952,121.91604189982044,2019-07-18-23-37-25
1.0,30.920489635879612,121.88002887863016,2019-07-18-23-37-25
1.0,30.92071766280058,121.85974563936422,2019-07-18-23-37-25
1.0,30.920741236494955,121.9122935966161,2019-07-18-23-37-25
1.0,30.920959475779114,121.85423416313664,2019-07-18-23-37-25
1.0,30.92098987198114,121.91404285696619,2019-07-18-23-37-25
1.0,30.920988104970977,121.91629169709024,2019-07-18-23-37-25
1.0,30.920987465411567,121.91704125184542,2019-07-18-23-37-25
1.0,30.921230373028422,121.87026477218241,2019-07-18-23-37-25
1.0,30.92123953909001,121.91429272086367,2019-07-18-23-37-25
1.0,30.92148957867223,121.88077971100006,2019-07-18-23-37-25
1.0,30.921981247084606,121.87151672759278,2019-07-18-23-37-25
1.0,30.921988717007938,121.91479241859388,2019-07-18-23-37-25
1.0,30.92224224267416,121.90904438615947,2019-07-18-23-37-25
1.0,30.922228952100458,121.92453509902121,2019-07-18-23-37-25
1.0,30.922228650201,121.9247848477014,2019-07-18-23-37-25
1.0,30.92294996590133,121.84897231383152,2019-07-18-23-37-25
1.0,30.92296771011939,121.86074744223276,2019-07-18-23-37-25
1.0,30.9229732507903,121.8650055217778,2019-07-18-23-37-25
1.0,30.923992600147084,121.88928806793982,2019-07-18-23-37-25
1.0,30.924467501426022,121.86124830130717,2019-07-18-23-37-25
1.0,30.924482585379668,121.92003889494295,2019-07-18-23-37-25
1.0,30.924736377217368,121.8790272769226,2019-07-18-23-37-25
2.0,30.924990864892905,121.90854425438312,2019-07-18-23-37-25
1.0,30.924990741825734,121.90879421043402,2019-07-18-23-37-25
1.0,30.92546309374661,121.85849272583354,2019-07-18-23-37-25
1.0,30.925463448995185,121.85874323488177,2019-07-18-23-37-25
1.0,30.92574250237849,121.89254029330213,2019-07-18-23-37-25
1.0,30.926469604913315,121.86375292307476,2019-07-18-23-37-25
1.0,30.926707214573884,121.85498530623386,2019-07-18-23-37-25
1.0,30.92721485365522,121.8604966021562,2019-07-18-23-37-25
1.0,30.927222264202072,121.86625743507344,2019-07-18-23-37-25
1.0,30.927485312252045,121.8797780001564,2019-07-18-23-37-25
1.0,30.92749089360618,121.90479431964421,2019-07-18-23-37-25
1.0,30.92772226807426,121.86650783960181,2019-07-18-23-37-25
1.0,30.9277275858035,121.87126586154164,2019-07-18-23-37-25
1.0,30.927972417980822,121.86675826224689,2019-07-18-23-37-25
1.0,30.928473582031433,121.86801040257863,2019-07-18-23-37-25
1.0,30.92848080484809,121.87502151606033,2019-07-18-23-37-25
1.0,30.92871890865727,121.864253671717,2019-07-18-23-37-25
1.0,30.928730656829245,121.87502149574006,2019-07-18-23-37-25
1.0,30.928980508803896,121.8750214754196,2019-07-18-23-37-25
1.0,30.929194617498226,121.84796950372663,2019-07-18-23-37-25
1.0,30.929466207826273,121.86250031198499,2019-07-18-23-37-25
1.0,30.929466535662606,121.86275078949218,2019-07-18-23-37-25
1.0,30.929480663759097,121.87552215368768,2019-07-18-23-37-25
1.0,30.92948110578726,121.87602286220523,2019-07-18-23-37-25
1.0,30.929483755481524,121.87927720937529,2019-07-18-23-37-25
1.0,30.92971439397322,121.86124787339433,2019-07-18-23-37-25
1.0,30.929715065584336,121.86174884677037,2019-07-18-23-37-25
1.0,30.92971638762136,121.86275076912068,2019-07-18-23-37-25
1.0,30.929964582606004,121.86149834071178,2019-07-18-23-37-25
1.0,30.929969417412124,121.86525540800903,2019-07-18-23-37-25
1.0,30.929989566694466,121.90429409737237,2019-07-18-23-37-25
1.0,30.93021864864425,121.86475447291427,2019-07-18-23-37-25
1.0,30.93023087925479,121.87627315159382,2019-07-18-23-37-25
1.0,30.930469121297058,121.86525536728803,2019-07-18-23-37-25
1.0,30.930718039341794,121.86450397156973,2019-07-18-23-37-25
1.0,30.930722249648994,121.86801021944585,2019-07-18-23-37-25
1.0,30.930966940583072,121.86375255648298,2019-07-18-23-37-25
1.0,30.931439930173937,121.84596465830673,2019-07-18-23-37-25
1.0,30.93146567719709,121.86300110195955,2019-07-18-23-37-25
1.0,30.932216518877507,121.86400292168716,2019-07-18-23-37-25
1.0,30.932238476754236,121.89178926556059,2019-07-18-23-37-25
1.0,30.932464758764986,121.86275054502191,2019-07-18-23-37-25
1.0,30.93246508480204,121.8630010204712,2019-07-18-23-37-25
1.0,30.932972326912846,121.86926215984509,2019-07-18-23-37-25
1.0,30.932985113715823,121.88453296656004,2019-07-18-23-37-25
1.0,30.933204864594327,121.85598690190692,2019-07-18-23-37-25
1.0,30.93322931744802,121.87652325550148,2019-07-18-23-37-25
1.0,30.933460463362945,121.85999509932485,2019-07-18-23-37-25
1.0,30.93370640809143,121.85723947961621,2019-07-18-23-37-25
1.0,30.933728146182474,121.87552180823512,2019-07-18-23-37-25
1.0,30.93372880582824,121.87627286713544,2019-07-18-23-37-25
1.0,30.933963542168467,121.86249994524842,2019-07-18-23-37-25
1.0,30.933981462378558,121.87977747218949,2019-07-18-23-37-25
1.0,30.93398517802422,121.88578413867077,2019-07-18-23-37-25
1.0,30.934206111807956,121.85723943881256,2019-07-18-23-37-25
1.0,30.934459175195837,121.85949401672917,2019-07-18-23-37-25
1.0,30.93621121447432,121.86174831692315,2019-07-18-23-37-25
1.0,30.936216932929803,121.86625670221498,2019-07-18-23-37-25
1.0,30.93646238831256,121.8627502190202,2019-07-18-23-37-25
1.0,30.936712240116172,121.86275019864352,2019-07-18-23-37-25
1.0,30.936961434457928,121.86224922112099,2019-07-18-23-37-25
1.0,30.937445417589235,121.85147677738995,2019-07-18-23-37-25
1.0,30.93769407126448,121.8507250775029,2019-07-18-23-37-25
1.0,30.938726689666087,121.87727383584594,2019-07-18-23-37-25
1.0,30.938727301273943,121.8780248393002,2019-07-18-23-37-25
1.0,30.939215752057258,121.86675734620971,2019-07-18-23-37-25
1.0,30.939440602927768,121.84922153588761,2019-07-18-23-37-25
1.0,30.93969045468197,121.84922151543824,2019-07-18-23-37-25
1.0,30.939733758266254,121.89078794673874,2019-07-18-23-37-25
1.0,30.940483081238003,121.89003732114162,2019-07-18-23-37-25
1.0,30.94143526915607,121.84671559742074,2019-07-18-23-37-25
1.0,30.94148214187646,121.88903644463768,2019-07-18-23-37-25
1.0,30.942475667922032,121.87877551382925,2019-07-18-23-37-25
1.0,30.942936882073514,121.84821895564411,2019-07-18-23-37-25
1.0,30.9429468263164,121.85448290579319,2019-07-18-23-37-25
1.0,30.94343699853257,121.84846949026796,2019-07-18-23-37-25
1.0,30.943713378979716,121.86700742050664,2019-07-18-23-37-25
1.0,30.94393251983589,121.84596363497045,2019-07-18-23-37-25
1.0,30.94395661856242,121.8617476850191,2019-07-18-23-37-25
1.0,30.943980470122934,121.88853582597773,2019-07-18-23-37-25
1.0,30.944206135321064,121.86149717888165,2019-07-18-23-37-25
1.0,30.944228973703584,121.88553306163753,2019-07-18-23-37-25
1.0,30.944455987003824,121.86149715849331,2019-07-18-23-37-25
1.0,30.944475051005778,121.87952630620902,2019-07-18-23-37-25
1.0,30.944705838683564,121.8614971381048,2019-07-18-23-37-25
1.0,30.944728548193044,121.88528277325325,2019-07-18-23-37-25
1.0,30.945199224155505,121.85698802075164,2019-07-18-23-37-25
1.0,30.94521642235652,121.87051322760459,2019-07-18-23-37-25
1.0,30.947221692602742,121.91728896689874,2019-07-18-23-37-25
1.0,30.94770571556819,121.86274930188702,2019-07-18-23-37-25
1.0,30.947727387093163,121.88653373933147,2019-07-18-23-37-25
1.0,30.94797799840364,121.88828528887461,2019-07-18-23-37-25
1.0,30.948977420974067,121.90679252417114,2019-07-18-23-37-25
1.0,30.94922826366677,121.89128753698901,2019-07-18-23-37-25
1.0,30.94972707639014,121.9065424811785,2019-07-18-23-37-25
1.0,30.949949631543177,121.85924224865886,2019-07-18-23-37-25
1.0,30.950202238311427,121.86124620171668,2019-07-18-23-37-25
1.0,30.950477652888672,121.89178778460644,2019-07-18-23-37-25
1.0,30.9504783886341,121.89729080661216,2019-07-18-23-37-25
1.0,30.950970232718735,121.87827417267548,2019-07-18-23-37-25
1.0,30.951695366868982,121.85698748999175,2019-07-18-23-37-25
1.0,30.951722653291327,121.88227900622975,2019-07-18-23-37-25
1.0,30.951722530395504,121.91279089264034,2019-07-18-23-37-25
1.0,30.951960499531385,121.86875977048338,2019-07-18-23-37-25
1.0,30.95197281973452,121.88277954757217,2019-07-18-23-37-25
1.0,30.951976992970476,121.89278832419217,2019-07-18-23-37-25
1.0,30.952187459297242,121.85197668361869,2019-07-18-23-37-25
1.0,30.952476696182977,121.89278828360504,2019-07-18-23-37-25
1.0,30.9524771887176,121.89679043221236,2019-07-18-23-37-25
1.0,30.952682741583438,121.84922045181546,2019-07-18-23-37-25
1.0,30.952706842699744,121.86600491044557,2019-07-18-23-37-25
1.0,30.95271428566648,121.87276618165787,2019-07-18-23-37-25
1.0,30.952956390615398,121.86575444027768,2019-07-18-23-37-25
1.0,30.953179970136986,121.8477169615113,2019-07-18-23-37-25
1.0,30.953226583581774,121.89478939698866,2019-07-18-23-37-25
1.0,30.953226613055612,121.89503952976203,2019-07-18-23-37-25
1.0,30.953429821749893,121.84771694104313,2019-07-18-23-37-25
1.0,30.9534593271598,121.8685092235063,2019-07-18-23-37-25
1.0,30.953476435182278,121.89478937669679,2019-07-18-23-37-25
1.0,30.953476602885228,121.89704045868325,2019-07-18-23-37-25
1.0,30.953726254610142,121.89453922050686,2019-07-18-23-37-25
1.0,30.953725982395994,121.90229196300218,2019-07-18-23-37-25
1.0,30.953968452025055,121.87827392875134,2019-07-18-23-37-25
1.0,30.9539757253157,121.9027920140992,2019-07-18-23-37-25
1.0,30.954225869538597,121.90129174095357,2019-07-18-23-37-25
1.0,30.954470018070808,121.88077703023497,2019-07-18-23-37-25
1.0,30.9547191529672,121.87977578592539,2019-07-18-23-37-25
1.0,30.954974663371143,121.90454208087847,2019-07-18-23-37-25
1.0,30.955220575739602,121.88227872180506,2019-07-18-23-37-25
1.0,30.95522535122277,121.90079154975179,2019-07-18-23-37-25
1.0,30.955475420684003,121.89729040082928,2019-07-18-23-37-25
1.0,30.955725267246027,121.89704027606837,2019-07-18-23-37-25
1.0,30.95597471778023,121.89328831166327,2019-07-18-23-37-25
1.0,30.95597488410422,121.8942888988476,2019-07-18-23-37-25
1.0,30.95597497021929,121.9002913659901,2019-07-18-23-37-25
1.0,30.956224923045752,121.89603978603056,2019-07-18-23-37-25
1.0,30.95622496822472,121.89829072614869,2019-07-18-23-37-25
1.0,30.956474828912057,121.89779051910581,2019-07-18-23-37-25
1.0,30.956474785576482,121.89904096212992,2019-07-18-23-37-25
1.0,30.95647476865972,121.8992910411787,2019-07-18-23-37-25
1.0,30.95647457291354,121.9010415049375,2019-07-18-23-37-25
1.0,30.95647418272062,121.90304184206153,2019-07-18-23-37-25
1.0,30.956473990402095,121.90379191518562,2019-07-18-23-37-25
1.0,30.956716418829956,121.87777304408243,2019-07-18-23-37-25
1.0,30.95671850685329,121.88052654548133,2019-07-18-23-37-25
1.0,30.956722998630237,121.8887850001051,2019-07-18-23-37-25
1.0,30.95672465133025,121.89879085960054,2019-07-18-23-37-25
1.0,30.95672429904842,121.90179163524773,2019-07-18-23-37-25
1.0,30.956974502920673,121.89879083930961,2019-07-18-23-37-25
1.0,30.957208217116207,121.86951060325967,2019-07-18-23-37-25
1.0,30.957224369034236,121.89679004668446,2019-07-18-23-37-25
1.0,30.95722437679415,121.89704015431684,2019-07-18-23-37-25
1.0,30.957224384122252,121.8975403600939,2019-07-18-23-37-25
1.0,30.95722438368404,121.89779045823101,2019-07-18-23-37-25
1.0,30.95744047894406,121.85598492148405,2019-07-18-23-37-25
1.0,30.95747421013861,121.89653991560164,2019-07-18-23-37-25
1.0,30.957474220624686,121.89679002639168,2019-07-18-23-37-25
1.0,30.957474228384545,121.89704013402428,2019-07-18-23-37-25
1.0,30.957474233414903,121.89729023849557,2019-07-18-23-37-25
1.0,30.957474232096992,121.89804053290383,2019-07-18-23-37-25
1.0,30.95747389841365,121.90154152739666,2019-07-18-23-37-25
1.0,30.957724083687037,121.89804051261186,2019-07-18-23-37-25
1.0,30.957961415716678,121.87301613808594,2019-07-18-23-37-25
1.0,30.958218794877247,121.8822784779838,2019-07-18-23-37-25
1.0,30.958460872467068,121.87276571364673,2019-07-18-23-37-25
1.0,30.958714613068498,121.87702186976665,2019-07-18-23-37-25
1.0,30.95872349366318,121.89754023833821,2019-07-18-23-37-25
1.0,30.959216664440998,121.8800257302102,2019-07-18-23-37-25
1.0,30.95969760412849,121.86199688407837,2019-07-18-23-37-25
1.0,30.959699243219085,121.8632492722694,2019-07-18-23-37-25
1.0,30.960206981988655,121.87001118737976,2019-07-18-23-37-25
1.0,30.892007309488225,121.91354542895192,2019-07-18-23-37-25
1.0,30.89198460228693,121.93327690532409,2019-07-18-23-37-25
1.0,30.892483516624115,121.9337761430898,2019-07-18-23-37-25
1.0,30.892984408668127,121.93302718043462,2019-07-18-23-37-25
1.0,30.894749611783823,121.92054091689647,2019-07-18-23-37-25
1.0,30.894746335250563,121.92353830354976,2019-07-18-23-37-25
1.0,30.89499946513355,121.92054089663237,2019-07-18-23-37-25
1.0,30.897500193228165,121.91829235015848,2019-07-18-23-37-25
1.0,30.899502546923244,121.91404459959115,2019-07-18-23-37-25
1.0,30.900995423053438,121.92104000671092,2019-07-18-23-37-25
1.0,30.901244746541085,121.92153957005614,2019-07-18-23-37-25
1.0,30.901497842884265,121.91829202595709,2019-07-18-23-37-25
1.0,30.90349619815755,121.9187915183977,2019-07-18-23-37-25
1.0,30.904740458958557,121.92353749254029,2019-07-18-23-37-25
1.0,30.90498972715391,121.9240369919367,2019-07-18-23-37-25
1.0,30.905491977093256,121.92178901240325,2019-07-18-23-37-25
1.0,30.905740158446243,121.9232876468144,2019-07-18-23-37-25
1.0,30.905987006059863,121.92578512979732,2019-07-18-23-37-25
1.0,30.90698942228899,121.92328754541732,2019-07-18-23-37-25
1.0,30.906989134082153,121.92353731002275,2019-07-18-23-37-25
1.0,30.907735020632533,121.9265341771556,2019-07-18-23-37-25
1.0,30.908485846137893,121.92553519084436,2019-07-18-23-37-25
1.0,30.908735386015103,121.92578490663712,2019-07-18-23-37-25
1.0,30.908735070509714,121.92603463956742,2019-07-18-23-37-25
1.0,30.90873443136881,121.92653409599465,2019-07-18-23-37-25
1.0,30.908983305043755,121.92728323682172,2019-07-18-23-37-25
1.0,30.90923540410873,121.92553512998144,2019-07-18-23-37-25
1.0,30.909735726791936,121.92503560778515,2019-07-18-23-37-25
1.0,30.90998557940601,121.92503558749826,2019-07-18-23-37-25
1.0,30.909985272055213,121.92528532988648,2019-07-18-23-37-25
1.0,30.910495698818266,121.9145434732903,2019-07-18-23-37-25
1.0,30.91224540138794,121.91354378818147,2019-07-18-23-37-25
1.0,30.912736032447206,121.92328707893176,2019-07-18-23-37-25
1.0,30.91299459717847,121.91404350554295,2019-07-18-23-37-25
1.0,30.912983809963382,121.9250353440412,2019-07-18-23-37-25
1.0,30.91349430213365,121.9140434650124,2019-07-18-23-37-25
1.0,30.91349411705117,121.91429334919229,2019-07-18-23-37-25
1.0,30.91349232475626,121.91654216009509,2019-07-18-23-37-25
1.0,30.913482584698443,121.92578452112632,2019-07-18-23-37-25
1.0,30.91374378161659,121.91454320984276,2019-07-18-23-37-25
1.0,30.91399400704946,121.91404342448111,2019-07-18-23-37-25
1.0,30.91399382196688,121.91429330866026,2019-07-18-23-37-25
1.0,30.914242706792677,121.91554266036009,2019-07-18-23-37-25
1.0,30.914242300068572,121.91604238633349,2019-07-18-23-37-25
1.0,30.914992463211544,121.91529273168257,2019-07-18-23-37-25
1.0,30.914989181544694,121.91904040834335,2019-07-18-23-37-25
1.0,30.91549176690564,121.91579242362904,2019-07-18-23-37-25
1.0,30.915490930997873,121.91679184952764,2019-07-18-23-37-25
1.0,30.915490715008296,121.91704169787117,2019-07-18-23-37-25
1.0,30.915740567393737,121.91704167759919,2019-07-18-23-37-25
1.0,30.91599105932635,121.91629210254479,2019-07-18-23-37-25
1.0,30.9159906357595,121.91679180898443,2019-07-18-23-37-25
1.0,30.915989754993223,121.91779118286544,2019-07-18-23-37-25
1.0,30.916240701312347,121.91654193711943,2019-07-18-23-37-25
1.0,30.916988707229166,121.9182907692339,2019-07-18-23-37-25
1.0,30.91698800051424,121.9190402461335,2019-07-18-23-37-25
1.0,30.917489963009213,121.91654183575955,2019-07-18-23-37-25
1.0,30.91748974982296,121.9167916873504,2019-07-18-23-37-25
1.0,30.917986677966475,121.91978961281079,2019-07-18-23-37-25
1.0,30.918489372204906,121.91654175466833,2019-07-18-23-37-25
1.0,30.918738130526936,121.91779095984388,2019-07-18-23-37-25
1.0,30.91923828104013,121.91729123885949,2019-07-18-23-37-25
1.0,30.919487911697576,121.91754106042316,2019-07-18-23-37-25
1.0,30.91947840743592,121.92628349671978,2019-07-18-23-37-25
1.0,30.919478086509763,121.92653322332914,2019-07-18-23-37-25
1.0,30.91972825967657,121.92628347642197,2019-07-18-23-37-25
1.0,30.92023875591952,121.91604189982044,2019-07-18-23-37-25
1.0,30.92098987198114,121.91404285696619,2019-07-18-23-37-25
1.0,30.920988104970977,121.91629169709024,2019-07-18-23-37-25
1.0,30.920987465411567,121.91704125184542,2019-07-18-23-37-25
1.0,30.92123953909001,121.91429272086367,2019-07-18-23-37-25
1.0,30.921988717007938,121.91479241859388,2019-07-18-23-37-25
1.0,30.922228952100458,121.92453509902121,2019-07-18-23-37-25
1.0,30.922228650201,121.9247848477014,2019-07-18-23-37-25
1.0,30.924482585379668,121.92003889494295,2019-07-18-23-37-25
1.0,30.947221692602742,121.91728896689874,2019-07-18-23-37-25
1.0,30.94966391116276,121.44455592157068,2019-07-18-23-37-25
1.0,30.949676577678126,121.45057101580107,2019-07-18-23-37-25
1.0,30.949924231879955,121.44956837587343,2019-07-18-23-37-25
1.0,30.9499552272264,121.46260531240779,2019-07-18-23-37-25
1.0,30.950082527104815,121.5067575898501,2019-07-18-23-37-25
1.0,30.950147742430744,121.53033651300444,2019-07-18-23-37-25
1.0,30.950160162624936,121.44280176429088,2019-07-18-23-37-25
1.0,30.950174083609088,121.4495683544732,2019-07-18-23-37-25
1.0,30.95018835115185,121.45583535537722,2019-07-18-23-37-25
1.0,30.950322726601634,121.50349596393774,2019-07-18-23-37-25
1.0,30.950324216772017,121.50399775466636,2019-07-18-23-37-25
1.0,30.95032570520062,121.50449954363029,2019-07-18-23-37-25
1.0,30.950415489238292,121.44555826813904,2019-07-18-23-37-25
1.0,30.950433501881715,121.45382973232981,2019-07-18-23-37-25
1.0,30.950489552764594,121.47539656287901,2019-07-18-23-37-25
1.0,30.950610491617937,121.51654162095976,2019-07-18-23-37-25
1.0,30.95070032444307,121.46084993496042,2019-07-18-23-37-25
1.0,30.950700956319967,121.46110068807384,2019-07-18-23-37-25
1.0,30.950828379836505,121.50550307391774,2019-07-18-23-37-25
1.0,30.950841637016698,121.51001902991428,2019-07-18-23-37-25
1.0,30.950863864961615,121.51779585764041,2019-07-18-23-37-25
1.0,30.950923094674152,121.44931764190329,2019-07-18-23-37-25
1.0,30.950933205329115,121.45382968958552,2019-07-18-23-37-25
1.0,30.950933786179856,121.45408038171921,2019-07-18-23-37-25
1.0,30.950935540419817,121.4548324720615,2019-07-18-23-37-25
1.0,30.950936719558197,121.45533387713091,2019-07-18-23-37-25
1.0,30.950949545972833,121.46059916254339,2019-07-18-23-37-25
1.0,30.950956569057993,121.46335753366101,2019-07-18-23-37-25
1.0,30.950996407168684,121.47790505706806,2019-07-18-23-37-25
1.0,30.95107600385214,121.50475037459029,2019-07-18-23-37-25
1.0,30.951087827117423,121.5087645990102,2019-07-18-23-37-25
1.0,30.951114417670503,121.51804668465876,2019-07-18-23-37-25
1.0,30.95117294639695,121.44931762050066,2019-07-18-23-37-25
1.0,30.951176799324735,121.45107221163228,2019-07-18-23-37-25
1.0,30.95118018243756,121.45257624287721,2019-07-18-23-37-25
1.0,30.951183057050507,121.45382966821307,2019-07-18-23-37-25
1.0,30.951184805455803,121.45458175160094,2019-07-18-23-37-25
1.0,30.951347159775583,121.51202600199065,2019-07-18-23-37-25
1.0,30.951363568363192,121.51779581598787,2019-07-18-23-37-25
1.0,30.95141643693317,121.44631001868399,2019-07-18-23-37-25
1.0,30.951431178037705,121.45307758452245,2019-07-18-23-37-25
1.0,30.951431752969466,121.45332826960208,2019-07-18-23-37-25
1.0,30.951432908770435,121.45382964684043,2019-07-18-23-37-25
1.0,30.95143642299857,121.45533383440686,2019-07-18-23-37-25
1.0,30.951442431539295,121.45784099453327,2019-07-18-23-37-25
1.0,30.951507734927407,121.4819188987093,2019-07-18-23-37-25
1.0,30.951672107851017,121.44906693185068,2019-07-18-23-37-25
1.0,30.951682760488954,121.45382962546759,2019-07-18-23-37-25
1.0,30.951689857582373,121.45683808254388,2019-07-18-23-37-25
1.0,30.95169228325654,121.45784097318892,2019-07-18-23-37-25
1.0,30.951936126433306,121.455333791682,2019-07-18-23-37-25
1.0,30.95215753182057,121.44204987075001,2019-07-18-23-37-25
1.0,30.952180733189966,121.45307752038782,2019-07-18-23-37-25
1.0,30.9521859781487,121.45533377031929,2019-07-18-23-37-25
1.0,30.95219016468404,121.45708875922148,2019-07-18-23-37-25
1.0,30.952311818822558,121.50023412161606,2019-07-18-23-37-25
1.0,30.952423843666676,121.45006946616462,2019-07-18-23-37-25
1.0,30.952428872096256,121.45232545803674,2019-07-18-23-37-25
1.0,30.95243821094122,121.45633658635727,2019-07-18-23-37-25
1.0,30.952440016397635,121.45708873787109,2019-07-18-23-37-25
1.0,30.9524406219066,121.45733945945095,2019-07-18-23-37-25
1.0,30.95267479834216,121.45057075906644,2019-07-18-23-37-25
1.0,30.952689868110046,121.4570887165205,2019-07-18-23-37-25
1.0,30.952757726497378,121.48216966883422,2019-07-18-23-37-25
1.0,30.952908531568994,121.44280152841971,2019-07-18-23-37-25
1.0,30.952928575522957,121.45232541526869,2019-07-18-23-37-25
1.0,30.95293144017588,121.4535788287946,2019-07-18-23-37-25
1.0,30.953161335237294,121.44430502553085,2019-07-18-23-37-25
1.0,30.953172850471216,121.44981874855675,2019-07-18-23-37-25
1.0,30.95326553612042,121.48492931502231,2019-07-18-23-37-25
1.0,30.953333550830063,121.50776086966245,2019-07-18-23-37-25
1.0,30.95333722612429,121.50901529438234,2019-07-18-23-37-25
1.0,30.95335673444886,121.51578882302834,2019-07-18-23-37-25
1.0,30.953407751123397,121.44255090874425,2019-07-18-23-37-25
1.0,30.95340872120293,121.44305206508727,2019-07-18-23-37-25
1.0,30.95341118695045,121.4443050040954,2019-07-18-23-37-25
1.0,30.953431722483828,121.45382947585219,2019-07-18-23-37-25
1.0,30.953659061445645,121.44330262596165,2019-07-18-23-37-25
1.0,30.953665102376775,121.44630982587903,2019-07-18-23-37-25
1.0,30.95367365266394,121.45032001508058,2019-07-18-23-37-25
1.0,30.95377043380779,121.48668548376406,2019-07-18-23-37-25
1.0,30.95391089037393,121.44430496122388,2019-07-18-23-37-25
1.0,30.953919160152694,121.44831481689603,2019-07-18-23-37-25
1.0,30.95393258955526,121.4543308197431,2019-07-18-23-37-25
1.0,30.954069010292894,121.50299385719488,2019-07-18-23-37-25
1.0,30.95407496727435,121.50500101661235,2019-07-18-23-37-25
1.0,30.954119583673464,121.52055484227546,2019-07-18-23-37-25
1.0,30.954122327524,121.52155816712802,2019-07-18-23-37-25
1.0,30.9541602443308,121.44405434651343,2019-07-18-23-37-25
1.0,30.954182441262603,121.45433079837177,2019-07-18-23-37-25
1.0,30.954183026011382,121.45458149517894,2019-07-18-23-37-25
2.0,30.954183612695523,121.45483219429511,2019-07-18-23-37-25
1.0,30.954271625627804,121.4871872217429,2019-07-18-23-37-25
1.0,30.954351862159655,121.51428357211421,2019-07-18-23-37-25
2.0,30.95443287771785,121.45458147380916,2019-07-18-23-37-25
1.0,30.954433464401912,121.45483217292707,2019-07-18-23-37-25
1.0,30.95452073288652,121.4869363102489,2019-07-18-23-37-25
1.0,30.954521477323514,121.48718720063991,2019-07-18-23-37-25
1.0,30.95457541322088,121.50525186756371,2019-07-18-23-37-25
1.0,30.954615133914096,121.51904977193337,2019-07-18-23-37-25
1.0,30.954659947749494,121.44405430363777,2019-07-18-23-37-25
1.0,30.95466554754561,121.44681097762503,2019-07-18-23-37-25
1.0,30.95467250906222,121.45006927356708,2019-07-18-23-37-25
1.0,30.954769840593002,121.48668539933448,2019-07-18-23-37-25
1.0,30.954775057476642,121.48844163974336,2019-07-18-23-37-25
1.0,30.95482823004886,121.50625541266287,2019-07-18-23-37-25
1.0,30.954864985598277,121.519049751115,2019-07-18-23-37-25
1.0,30.954908319995635,121.44330251875103,2019-07-18-23-37-25
1.0,30.95490930399907,121.44380369164631,2019-07-18-23-37-25
1.0,30.954909799457788,121.44405428219964,2019-07-18-23-37-25
1.0,30.95492967692811,121.45332797031597,2019-07-18-23-37-25
1.0,30.954930253841017,121.45357865778303,2019-07-18-23-37-25
1.0,30.954940966442045,121.45809142381364,2019-07-18-23-37-25
1.0,30.955021180712766,121.48718715843336,2019-07-18-23-37-25
1.0,30.955021925585037,121.48743804939818,2019-07-18-23-37-25
1.0,30.955022670879856,121.48768894091738,2019-07-18-23-37-25
1.0,30.95502715079891,121.48919430083464,2019-07-18-23-37-25
1.0,30.95502939541548,121.4899469870619,2019-07-18-23-37-25
1.0,30.955073630978355,121.50475003950592,2019-07-18-23-37-25
1.0,30.95507511659784,121.50525182568451,2019-07-18-23-37-25
1.0,30.95507808173666,121.5062553917322,2019-07-18-23-37-25
1.0,30.955079561050855,121.50675717136325,2019-07-18-23-37-25
1.0,30.95518010554575,121.45357863640568,2019-07-18-23-37-25
1.0,30.95524677251482,121.4789081436773,2019-07-18-23-37-25
1.0,30.955274760863734,121.48844159755897,2019-07-18-23-37-25
1.0,30.95527775038259,121.48944517473122,2019-07-18-23-37-25
1.0,30.95527849859235,121.4896960701476,2019-07-18-23-37-25
1.0,30.955280745006252,121.4904487588519,2019-07-18-23-37-25
1.0,30.95532496828535,121.50525180474463,2019-07-18-23-37-25
1.0,30.9553264519055,121.50575358886427,2019-07-18-23-37-25
1.0,30.9553271929338,121.50600448011306,2019-07-18-23-37-25
1.0,30.95532793342383,121.50625537080133,2019-07-18-23-37-25
1.0,30.955440669848077,121.4580913811229,2019-07-18-23-37-25
1.0,30.95551939567454,121.48668533601025,2019-07-18-23-37-25
1.0,30.955520139662855,121.48693622582599,2019-07-18-23-37-25
2.0,30.95552461255639,121.4884415764665,2019-07-18-23-37-25
1.0,30.95552685418429,121.48919425866346,2019-07-18-23-37-25
1.0,30.955574819972284,121.50525178380455,2019-07-18-23-37-25
1.0,30.955577044620483,121.50600445917976,2019-07-18-23-37-25
1.0,30.95557852504929,121.50650623998543,2019-07-18-23-37-25
1.0,30.955591735194236,121.51102214681636,2019-07-18-23-37-25
1.0,30.955592462247225,121.5112730231961,2019-07-18-23-37-25
1.0,30.95561384425187,121.51879884587015,2019-07-18-23-37-25
1.0,30.955772225958658,121.48768887761962,2019-07-18-23-37-25
1.0,30.955775211104136,121.48869244896736,2019-07-18-23-37-25
1.0,30.95582615527852,121.50575354699295,2019-07-18-23-37-25
1.0,30.955840859034012,121.51077124869093,2019-07-18-23-37-25
1.0,30.955906752089582,121.44280127107825,2019-07-18-23-37-25
1.0,30.955929083744145,121.45332788479853,2019-07-18-23-37-25
1.0,30.955933753761876,121.4553334498547,2019-07-18-23-37-25
1.0,30.956019843047706,121.48693618361337,2019-07-18-23-37-25
1.0,30.956023569455567,121.48819064117956,2019-07-18-23-37-25
1.0,30.95615709000054,121.44305182920354,2019-07-18-23-37-25
1.0,30.95619330654983,121.45934498975078,2019-07-18-23-37-25
1.0,30.956194551495372,121.45984647354193,2019-07-18-23-37-25
1.0,30.95627640925862,121.48919419540522,2019-07-18-23-37-25
1.0,30.956332507449467,121.50801150501574,2019-07-18-23-37-25
1.0,30.95633324317304,121.50826239069505,2019-07-18-23-37-25
1.0,30.956340562401795,121.5107712069084,2019-07-18-23-37-25
1.0,30.95634129024632,121.51102208414953,2019-07-18-23-37-25
1.0,30.956443158250433,121.45934496841376,2019-07-18-23-37-25
1.0,30.956526260949296,121.48919417431875,2019-07-18-23-37-25
1.0,30.956527008839572,121.48944506931215,2019-07-18-23-37-25
1.0,30.95653000346153,121.4904486534782,2019-07-18-23-37-25
1.0,30.95653525383404,121.49220493958872,2019-07-18-23-37-25
1.0,30.956579409963396,121.50700793473105,2019-07-18-23-37-25
1.0,30.95658235913374,121.50801148409965,2019-07-18-23-37-25
1.0,30.956659759194025,121.44455532142229,2019-07-18-23-37-25
1.0,30.956665408354077,121.44731205421702,2019-07-18-23-37-25
1.0,30.956766424989294,121.48593256464007,2019-07-18-23-37-25
1.0,30.95677611263968,121.48919415323209,2019-07-18-23-37-25
1.0,30.956784354837907,121.49195401958525,2019-07-18-23-37-25
1.0,30.95678735858419,121.49295761691138,2019-07-18-23-37-25
1.0,30.956829999856218,121.507258802117,2019-07-18-23-37-25
1.0,30.956833681611474,121.50851323385722,2019-07-18-23-37-25
1.0,30.95683441601607,121.50876411813879,2019-07-18-23-37-25
1.0,30.95685890012463,121.51729365826878,2019-07-18-23-37-25
1.0,30.956908613106222,121.44405411068746,2019-07-18-23-37-25
1.0,30.956909110858952,121.44430470397813,2019-07-18-23-37-25
1.0,30.956935541641556,121.45633620191916,2019-07-18-23-37-25
1.0,30.956937952601198,121.4573390751428,2019-07-18-23-37-25
1.0,30.956984278787296,121.47489431870213,2019-07-18-23-37-25
1.0,30.9569849874002,121.4751451644765,2019-07-18-23-37-25
1.0,30.957023722703457,121.48844144990755,2019-07-18-23-37-25
1.0,30.95702596432982,121.48919413214524,2019-07-18-23-37-25
1.0,30.95703946456639,121.4937102962548,2019-07-18-23-37-25
1.0,30.95704247160002,121.49471389919943,2019-07-18-23-37-25
1.0,30.957046231321872,121.49596840540117,2019-07-18-23-37-25
1.0,30.957069467644672,121.50374629380282,2019-07-18-23-37-25
2.0,30.957078374533964,121.50675700394699,2019-07-18-23-37-25
1.0,30.957079851540215,121.50725878119378,2019-07-18-23-37-25
1.0,30.957080589146457,121.50750966887256,2019-07-18-23-37-25
1.0,30.957159462603208,121.44455527854859,2019-07-18-23-37-25
1.0,30.957160469512996,121.44505647868111,2019-07-18-23-37-25
1.0,30.95723271642044,121.47439260979915,2019-07-18-23-37-25
1.0,30.9572334229199,121.47464345299561,2019-07-18-23-37-25
1.0,30.95723413048209,121.47489429748909,2019-07-18-23-37-25
1.0,30.957272827909453,121.48819053570101,2019-07-18-23-37-25
1.0,30.95729533105219,121.49571748298962,2019-07-18-23-37-25
1.0,30.9573208086373,121.50424806283588,2019-07-18-23-37-25
1.0,30.957329703224033,121.50725876027039,2019-07-18-23-37-25
1.0,30.95743464694883,121.45608544643935,2019-07-18-23-37-25
1.0,30.957437050494764,121.45708831082182,2019-07-18-23-37-25
1.0,30.957437656002135,121.45733903243794,2019-07-18-23-37-25
1.0,30.95748045511413,121.47364006690812,2019-07-18-23-37-25
1.0,30.957481862690695,121.47414174669413,2019-07-18-23-37-25
1.0,30.95751895319433,121.48693605697085,2019-07-18-23-37-25
1.0,30.957521933499297,121.48793962199917,2019-07-18-23-37-25
1.0,30.957533909905035,121.49195395639902,2019-07-18-23-37-25
1.0,30.95753466059027,121.49220485534991,2019-07-18-23-37-25
1.0,30.957535411451573,121.49245575456919,2019-07-18-23-37-25
1.0,30.957536162475925,121.49270665404177,2019-07-18-23-37-25
1.0,30.95754142311669,121.49446295617102,2019-07-18-23-37-25
1.0,30.957542174976062,121.49471385712522,2019-07-18-23-37-25
1.0,30.957551197118946,121.49772467337813,2019-07-18-23-37-25
1.0,30.957570660322013,121.50424804188522,2019-07-18-23-37-25
1.0,30.957571404309675,121.50449893620475,2019-07-18-23-37-25
1.0,30.9575736334539,121.50525161627698,2019-07-18-23-37-25
1.0,30.957574375519528,121.50550250862251,2019-07-18-23-37-25
1.0,30.957575117072523,121.50575340043726,2019-07-18-23-37-25
1.0,30.957575858100057,121.50600429170636,2019-07-18-23-37-25
1.0,30.95766587109953,121.44781322694466,2019-07-18-23-37-25
1.0,30.957682715672085,121.45533330028934,2019-07-18-23-37-25
1.0,30.957683308104027,121.45558400629109,2019-07-18-23-37-25
1.0,30.957686298526397,121.45683757004612,2019-07-18-23-37-25
1.0,30.9577310100479,121.4738908849097,2019-07-18-23-37-25
1.0,30.957732419810032,121.47439256736395,2019-07-18-23-37-25
1.0,30.957733126309325,121.47464341056467,2019-07-18-23-37-25
1.0,30.957769549320748,121.48718692628339,2019-07-18-23-37-25
1.0,30.95777178518949,121.48793960090042,2019-07-18-23-37-25
2.0,30.95777477184156,121.48894317432813,2019-07-18-23-37-25
1.0,30.95777776401314,121.48994675518556,2019-07-18-23-37-25
1.0,30.957783761593863,121.49195393533655,2019-07-18-23-37-25
1.0,30.957786765338774,121.49295753269912,2019-07-18-23-37-25
1.0,30.957787516650036,121.49320843263517,2019-07-18-23-37-25
1.0,30.957789019631345,121.49371023311583,2019-07-18-23-37-25
1.0,30.95779202666395,121.49471383608781,2019-07-18-23-37-25
1.0,30.95779277856891,121.4949647371614,2019-07-18-23-37-25
1.0,30.95782645027328,121.50625516148213,2019-07-18-23-37-25
1.0,30.957851929695327,121.51503586880636,2019-07-18-23-37-25
1.0,30.95792847427233,121.45357840124188,2019-07-18-23-37-25
1.0,30.957932567373042,121.45533327892207,2019-07-18-23-37-25
1.0,30.957989382863385,121.47690103485252,2019-07-18-23-37-25
1.0,30.958019401011185,121.48718690517768,2019-07-18-23-37-25
1.0,30.95802761570264,121.48994673410473,2019-07-18-23-37-25
1.0,30.958028364510664,121.49019763036948,2019-07-18-23-37-25
1.0,30.95803286278671,121.49170301560196,2019-07-18-23-37-25
1.0,30.958035114828878,121.49245571245318,2019-07-18-23-37-25
2.0,30.95804037469215,121.49421201326493,2019-07-18-23-37-25
1.0,30.9580666372867,121.50299352181982,2019-07-18-23-37-25
1.0,30.95806738338689,121.50324441827502,2019-07-18-23-37-25
1.0,30.95807556146814,121.50600424983608,2019-07-18-23-37-25
1.0,30.958077041895244,121.50650603068682,2019-07-18-23-37-25
1.0,30.95810249407007,121.5152867087156,2019-07-18-23-37-25
1.0,30.958103916439313,121.51578842693426,2019-07-18-23-37-25
1.0,30.958180653257383,121.45458115323862,2019-07-18-23-37-25
1.0,30.958277467392183,121.4899467130237,2019-07-18-23-37-25
1.0,30.95827821620012,121.49019760929072,2019-07-18-23-37-25
1.0,30.958287220026858,121.49320839053244,2019-07-18-23-37-25
1.0,30.958320959363366,121.50449887335839,2019-07-18-23-37-25
1.0,30.958321702889556,121.50474976721361,2019-07-18-23-37-25
1.0,30.95834877250693,121.51403237332474,2019-07-18-23-37-25
1.0,30.958350204712808,121.51453410232253,2019-07-18-23-37-25
1.0,30.95852657056708,121.4896957960774,2019-07-18-23-37-25
1.0,30.958528067889674,121.49019758821177,2019-07-18-23-37-25
1.0,30.95852956633278,121.49069938190266,2019-07-18-23-37-25
1.0,30.958530315942046,121.49095027929411,2019-07-18-23-37-25
1.0,30.95855886068422,121.50048449680611,2019-07-18-23-37-25
1.0,30.958564100105868,121.50224078828761,2019-07-18-23-37-25
1.0,30.958573040191254,121.50525153250858,2019-07-18-23-37-25
1.0,30.95858190832489,121.5082622024635,2019-07-18-23-37-25
1.0,30.958588498922992,121.51052014077626,2019-07-18-23-37-25
1.0,30.958598624188394,121.51403235246033,2019-07-18-23-37-25
1.0,30.95868330923675,121.45583462910152,2019-07-18-23-37-25
1.0,30.958731826589506,121.4743924824912,2019-07-18-23-37-25
1.0,30.95877642225696,121.48969577499372,2019-07-18-23-37-25
1.0,30.958779418022317,121.49069936082806,2019-07-18-23-37-25
1.0,30.9587801676315,121.49095025822177,2019-07-18-23-37-25
1.0,30.9587831683496,121.49195385108477,2019-07-18-23-37-25
1.0,30.95878391903441,121.49220475004704,2019-07-18-23-37-25
1.0,30.95879143341593,121.49471375193629,2019-07-18-23-37-25
1.0,30.958793689214616,121.49546645547511,2019-07-18-23-37-25
1.0,30.958794441177965,121.49571735681825,2019-07-18-23-37-25
1.0,30.958819918745654,121.50424793712901,2019-07-18-23-37-25
1.0,30.95882066273289,121.50449883145986,2019-07-18-23-37-25
1.0,30.958822149310848,121.50500061869327,2019-07-18-23-37-25
1.0,30.958850622736456,121.51478492352834,2019-07-18-23-37-25
1.0,30.95895639321874,121.46511229990712,2019-07-18-23-37-25
1.0,30.959024777849145,121.48919396344341,2019-07-18-23-37-25
1.0,30.959025525738568,121.48944485845946,2019-07-18-23-37-25
1.0,30.959028520357112,121.49044844271623,2019-07-18-23-37-25
1.0,30.959033770723643,121.49220472898588,2019-07-18-23-37-25
1.0,30.959042788946004,121.49521553316984,2019-07-18-23-37-25
1.0,30.95909038580707,121.51127273076717,2019-07-18-23-37-25
1.0,30.95918123535485,121.45508246834629,2019-07-18-23-37-25
1.0,30.959182418311052,121.45558387809513,2019-07-18-23-37-25
1.0,30.959269404335945,121.48743769064937,2019-07-18-23-37-25
1.0,30.95927238791561,121.48844126005602,2019-07-18-23-37-25
1.0,30.959276125637402,121.48969573282578,2019-07-18-23-37-25
1.0,30.959276874151886,121.48994662869765,2019-07-18-23-37-25
1.0,30.959277622959483,121.49019752497375,2019-07-18-23-37-25
1.0,30.959279121402076,121.49069931867827,2019-07-18-23-37-25
1.0,30.959285124297605,121.49270650664826,2019-07-18-23-37-25
1.0,30.959286626782117,121.49320830632465,2019-07-18-23-37-25
1.0,30.959288881405858,121.4939610073607,2019-07-18-23-37-25
1.0,30.959289633134134,121.49421190805126,2019-07-18-23-37-25
2.0,30.9592918886974,121.49496461094664,2019-07-18-23-37-25
1.0,30.959340963737503,121.51152358542164,2019-07-18-23-37-25
1.0,30.959343860434355,121.51252707861356,2019-07-18-23-37-25
1.0,30.959348179233942,121.51403228986594,2019-07-18-23-37-25
1.0,30.95934889581308,121.51428315489457,2019-07-18-23-37-25
1.0,30.959350326099877,121.51478488181166,2019-07-18-23-37-25
1.0,30.959410662175763,121.44580810615847,2019-07-18-23-37-25
1.0,30.959524481230517,121.48919392126601,2019-07-18-23-37-25
1.0,30.959594434155946,121.5127779287174,2019-07-18-23-37-25
1.0,30.959597313396532,121.51378140294227,2019-07-18-23-37-25
1.0,30.959600177782043,121.51478486095304,2019-07-18-23-37-25
1.0,30.959600891465104,121.51503572281527,2019-07-18-23-37-25
1.0,30.95966102747992,121.44605869686364,2019-07-18-23-37-25
1.0,30.959700087140988,121.46285524824948,2019-07-18-23-37-25
1.0,30.959775829019136,121.48969569065706,2019-07-18-23-37-25
1.0,30.95977807542843,121.49044837948387,2019-07-18-23-37-25
1.0,30.959778824783125,121.49069927652769,2019-07-18-23-37-25
1.0,30.95978332579317,121.49220466580125,2019-07-18-23-37-25
1.0,30.959784827677286,121.4927064645341,2019-07-18-23-37-25
1.0,30.95979008831267,121.49446276680693,2019-07-18-23-37-25
1.0,30.959838485962273,121.51077091440932,2019-07-18-23-37-25
1.0,30.959840667104405,121.51152354364706,2019-07-18-23-37-25
1.0,30.95984788259916,121.5140322481354,2019-07-18-23-37-25
1.0,30.95984931480403,121.51453397715942,2019-07-18-23-37-25
1.0,30.959850743147566,121.51503570195862,2019-07-18-23-37-25
1.0,30.95991939484019,121.45006882411039,2019-07-18-23-37-25
1.0,30.959934963836947,121.4568373778301,2019-07-18-23-37-25
1.0,30.960013754912676,121.48568140274475,2019-07-18-23-37-25
1.0,30.96001449697742,121.4859322901145,2019-07-18-23-37-25
1.0,30.96002194299011,121.48844119676868,2019-07-18-23-37-25
1.0,30.960077333542657,121.50700764175987,2019-07-18-23-37-25
1.0,30.96008979254132,121.51127264720915,2019-07-18-23-37-25
1.0,30.960090518788476,121.51152352275948,2019-07-18-23-37-25
1.0,30.96009196881989,121.51202527119422,2019-07-18-23-37-25
1.0,30.96009773428239,121.51403222726982,2019-07-18-23-37-25
1.0,30.960098450861274,121.51428309230502,2019-07-18-23-37-25
1.0,30.960099166487087,121.51453395629822,2019-07-18-23-37-25
1.0,30.960104148153885,121.51628997388238,2019-07-18-23-37-25
1.0,30.960168698211394,121.44981814924923,2019-07-18-23-37-25
1.0,30.960185419207807,121.45708807591102,2019-07-18-23-37-25
1.0,30.960230231342486,121.47414151326527,2019-07-18-23-37-25
1.0,30.96026212402743,121.48517960887139,2019-07-18-23-37-25
1.0,30.96028152799543,121.49170282600885,2019-07-18-23-37-25
1.0,30.96028828816525,121.49396092317716,2019-07-18-23-37-25
1.0,30.960316794262944,121.50349512570466,2019-07-18-23-37-25
1.0,30.96033891717459,121.51102174989731,2019-07-18-23-37-25
1.0,30.960341095903306,121.51177437654043,2019-07-18-23-37-25
1.0,30.960341820504283,121.51202525031087,2019-07-18-23-37-25
1.0,30.960343267168547,121.51252699509897,2019-07-18-23-37-25
1.0,30.960351159206837,121.51528652102891,2019-07-18-23-37-25
1.0,30.960409048532178,121.44530680414694,2019-07-18-23-37-25
1.0,30.96043108439418,121.45533306523848,2019-07-18-23-37-25
1.0,30.960435270911148,121.4570880545543,2019-07-18-23-37-25
1.0,30.96043587641756,121.4573387761922,2019-07-18-23-37-25
1.0,30.96051940809045,121.48768847669315,2019-07-18-23-37-25
1.0,30.96053363172688,121.49245550186147,2019-07-18-23-37-25
1.0,30.960538891584168,121.49421180283274,2019-07-18-23-37-25
1.0,30.960592395948368,121.51227610228719,2019-07-18-23-37-25
1.0,30.960596001682923,121.51353045239019,2019-07-18-23-37-25
1.0,30.960598154229093,121.51428305057769,2019-07-18-23-37-25
1.0,30.96065345062814,121.44255028673355,2019-07-18-23-37-25
1.0,30.960657888796504,121.4448055771481,2019-07-18-23-37-25
1.0,30.960658900239782,121.44530678271171,2019-07-18-23-37-25
1.0,30.960710667499157,121.46711848546897,2019-07-18-23-37-25
1.0,30.960767769621086,121.48718667300204,2019-07-18-23-37-25
1.0,30.960772992134736,121.48894292123656,2019-07-18-23-37-25
1.0,30.9607842344423,121.49270638030342,2019-07-18-23-37-25
1.0,30.960786488359965,121.49345908017841,2019-07-18-23-37-25
1.0,30.960838620545744,121.51102170811234,2019-07-18-23-37-25
1.0,30.960844413736147,121.51302869437093,2019-07-18-23-37-25
1.0,30.960848005913874,121.51428302971375,2019-07-18-23-37-25
1.0,30.96085228494253,121.51578819758508,2019-07-18-23-37-25
1.0,30.96092960867179,121.45483161728885,2019-07-18-23-37-25
1.0,30.961013161689543,121.48568131825975,2019-07-18-23-37-25
1.0,30.961013903753944,121.48593220563849,2019-07-18-23-37-25
1.0,30.961016876880944,121.48693576144439,2019-07-18-23-37-25
1.0,30.961018366185947,121.48743754291294,2019-07-18-23-37-25
1.0,30.961023591385494,121.48919379472916,2019-07-18-23-37-25
1.0,30.961031083072815,121.49170276280765,2019-07-18-23-37-25
1.0,30.961032584251793,121.49220456048965,2019-07-18-23-37-25
1.0,30.961037091597465,121.49370995949344,2019-07-18-23-37-25
1.0,30.961038594968,121.49421176074398,2019-07-18-23-37-25
1.0,30.96104009862562,121.49471356258402,2019-07-18-23-37-25
1.0,30.96108262837349,121.50901464624322,2019-07-18-23-37-25
1.0,30.96108774438936,121.51077080993626,2019-07-18-23-37-25
1.0,30.96109642350144,121.51378127773403,2019-07-18-23-37-25
1.0,30.961152193328783,121.44204909850689,2019-07-18-23-37-25
1.0,30.96115315404705,121.4425502438301,2019-07-18-23-37-25
1.0,30.9611560921063,121.44405374618185,2019-07-18-23-37-25
1.0,30.961156589857747,121.44430433949768,2019-07-18-23-37-25
1.0,30.961184826025004,121.45708799048299,2019-07-18-23-37-25
1.0,30.961185431531174,121.45733871212633,2019-07-18-23-37-25
1.0,30.961187258981468,121.45809089012253,2019-07-18-23-37-25
1.0,30.961263013385402,121.48568129713802,2019-07-18-23-37-25
1.0,30.96126449801383,121.48618307254398,2019-07-18-23-37-25
1.0,30.961268217881212,121.48743752180695,2019-07-18-23-37-25
1.0,30.9612689631739,121.48768841338257,2019-07-18-23-37-25
1.0,30.96127793493847,121.49069915007134,2019-07-18-23-37-25
1.0,30.96128919846032,121.4944626405555,2019-07-18-23-37-25
1.0,30.96128995031841,121.49471354154392,2019-07-18-23-37-25
1.0,30.96133248006142,121.50901462533244,2019-07-18-23-37-25
1.0,30.961339050970576,121.51127254275731,2019-07-18-23-37-25
1.0,30.961344117108585,121.51302865262053,2019-07-18-23-37-25
1.0,30.961344837376217,121.51327952169169,2019-07-18-23-37-25
1.0,30.96134913957092,121.5147847149373,2019-07-18-23-37-25
1.0,30.961363902940988,121.52005256790213,2019-07-18-23-37-25
1.0,30.96140446436016,121.44330196117564,2019-07-18-23-37-25
1.0,30.961406941606185,121.44455491409003,2019-07-18-23-37-25
1.0,30.961512865082028,121.48568127601608,2019-07-18-23-37-25
1.0,30.96151360714626,121.48593216339931,2019-07-18-23-37-25
1.0,30.961514349710285,121.48618305142655,2019-07-18-23-37-25
1.0,30.96152928609102,121.49120092417593,2019-07-18-23-37-25
1.0,30.96153003616855,121.4914518222674,2019-07-18-23-37-25
1.0,30.96153153695598,121.49195361937636,2019-07-18-23-37-25
1.0,30.961580128553834,121.5082619514639,2019-07-18-23-37-25
1.0,30.961584528726753,121.50976725073798,2019-07-18-23-37-25
1.0,30.9615982765977,121.51453383112707,2019-07-18-23-37-25
1.0,30.961653341340387,121.44280077776047,2019-07-18-23-37-25
1.0,30.961656293278672,121.44430429661385,2019-07-18-23-37-25
1.0,30.961656793316987,121.4445548926495,2019-07-18-23-37-25
1.0,30.961766431969608,121.48693569811233,2019-07-18-23-37-25
1.0,30.9617679212741,121.4874374795944,2019-07-18-23-37-25
1.0,30.96177464256788,121.4896955219744,2019-07-18-23-37-25
1.0,30.961781388651303,121.49195359831079,2019-07-18-23-37-25
1.0,30.96183071531226,121.50851281558084,2019-07-18-23-37-25
1.0,30.961847412660138,121.51428294625605,2019-07-18-23-37-25
1.0,30.962024494264856,121.48969550088819,2019-07-18-23-37-25
1.0,30.962025991585058,121.49019729308607,2019-07-18-23-37-25
1.0,30.962028989483063,121.49120088203095,2019-07-18-23-37-25
1.0,30.962079096212644,121.50801102389707,2019-07-18-23-37-25
1.0,30.96209726434877,121.51428292539113,2019-07-18-23-37-25
1.0,30.962153044765742,121.4428007348583,2019-07-18-23-37-25
1.0,30.962153530968813,121.44305131446465,2019-07-18-23-37-25
1.0,30.96226539138035,121.48668476601345,2019-07-18-23-37-25
1.0,30.962268369962864,121.48768832896572,2019-07-18-23-37-25
1.0,30.962269115664856,121.48793922108976,2019-07-18-23-37-25
1.0,30.962271355099475,121.4886919005485,2019-07-18-23-37-25
1.0,30.962275843282793,121.49019727200421,2019-07-18-23-37-25
1.0,30.962401451891235,121.44204899123051,2019-07-18-23-37-25
1.0,30.962403871210388,121.44330187538287,2019-07-18-23-37-25
1.0,30.962404362055008,121.4435524605028,2019-07-18-23-37-25
1.0,30.962407355361503,121.44505602852215,2019-07-18-23-37-25
1.0,30.962410950435917,121.44681031346718,2019-07-18-23-37-25
1.0,30.96241147291566,121.44706093617954,2019-07-18-23-37-25
1.0,30.9624670804875,121.46987722348754,2019-07-18-23-37-25
1.0,30.96251673150047,121.48718652524165,2019-07-18-23-37-25
1.0,30.962518967364357,121.48793919998732,2019-07-18-23-37-25
1.0,30.96252120679872,121.48869187945284,2019-07-18-23-37-25
1.0,30.962537705138406,121.49421163447306,2019-07-18-23-37-25
1.0,30.962539208795004,121.49471343634048,2019-07-18-23-37-25
1.0,30.962560231687632,121.50173865656457,2019-07-18-23-37-25
1.0,30.962575850434803,121.50700743247168,2019-07-18-23-37-25
1.0,30.96259911169556,121.515035472523,2019-07-18-23-37-25
1.0,30.962651303606652,121.44204896977463,2019-07-18-23-37-25
1.0,30.962652748195076,121.44280069195533,2019-07-18-23-37-25
1.0,30.962780044947618,121.4917026153314,2019-07-18-23-37-25
1.0,30.962788308635673,121.4944625142971,2019-07-18-23-37-25
1.0,30.962825702128868,121.5070074115418,2019-07-18-23-37-25
1.0,30.962843227246147,121.51302852736474,2019-07-18-23-37-25
1.0,30.96284466687661,121.51353026454862,2019-07-18-23-37-25
1.0,30.962855340522765,121.51729315817477,2019-07-18-23-37-25
1.0,30.962970223184463,121.47113128392928,2019-07-18-23-37-25
1.0,30.9630328997075,121.49270619077306,2019-07-18-23-37-25
1.0,30.963035153622858,121.49345889070959,2019-07-18-23-37-25
1.0,30.963037408536337,121.49421159238119,2019-07-18-23-37-25
1.0,30.9630777666239,121.50776005379501,2019-07-18-23-37-25
1.0,30.963078502985546,121.50801094021388,2019-07-18-23-37-25
1.0,30.963088012805407,121.51127239651669,2019-07-18-23-37-25
1.0,30.96309379920632,121.51327937557464,2019-07-18-23-37-25
1.0,30.963106597577745,121.51779483693322,2019-07-18-23-37-25
1.0,30.963220074892934,121.47113126267989,2019-07-18-23-37-25
1.0,30.963283502581092,121.49295706947628,2019-07-18-23-37-25
1.0,30.963327618319973,121.50776003287149,2019-07-18-23-37-25
1.0,30.963328354681533,121.5080109192926,2019-07-18-23-37-25
1.0,30.963330559873263,121.50876357442272,2019-07-18-23-37-25
1.0,30.963335680986347,121.5105197437291,2019-07-18-23-37-25
1.0,30.96340376892172,121.4435523747127,2019-07-18-23-37-25
1.0,30.96357599542411,121.50725823712294,2019-07-18-23-37-25
1.0,30.963588442442372,121.51152323031326,2019-07-18-23-37-25
1.0,30.96358916787154,121.51177410501074,2019-07-18-23-37-25
1.0,30.963589892471422,121.51202497880992,2019-07-18-23-37-25
1.0,30.963622787954783,121.52381477256407,2019-07-18-23-37-25
1.0,30.963726045488148,121.47338869832403,2019-07-18-23-37-25
1.0,30.96379523450234,121.49697144368558,2019-07-18-23-37-25
1.0,30.963836840843577,121.51102145738635,2019-07-18-23-37-25
2.0,30.963837567893776,121.51127233383926,2019-07-18-23-37-25
1.0,30.963838294139663,121.5115232094228,2019-07-18-23-37-25
1.0,30.963845509620928,121.51403191426344,2019-07-18-23-37-25
1.0,30.963846941823107,121.51453364335742,2019-07-18-23-37-25
1.0,30.963975897199685,121.47338867709294,2019-07-18-23-37-25
1.0,30.964027803093177,121.4912007134433,2019-07-18-23-37-25
1.0,30.9640353119781,121.49370970688989,2019-07-18-23-37-25
1.0,30.96406977738677,121.50525107172736,2019-07-18-23-37-25
1.0,30.964070519450182,121.50550196413161,2019-07-18-23-37-25
1.0,30.96407864549797,121.50826174227643,2019-07-18-23-37-25
1.0,30.96408011496799,121.50876351167788,2019-07-18-23-37-25
1.0,30.964085964700462,121.51077055918134,2019-07-18-23-37-25
1.0,30.96408669254237,121.51102143649128,2019-07-18-23-37-25
1.0,30.964091764565875,121.51277755291383,2019-07-18-23-37-25
1.0,30.964092485723995,121.51302842297964,2019-07-18-23-37-25
1.0,30.964094643800394,121.51378102729689,2019-07-18-23-37-25
1.0,30.96409536131871,121.51403189339482,2019-07-18-23-37-25
1.0,30.964104598993476,121.51729305397467,2019-07-18-23-37-25
1.0,30.96417133542732,121.45207377717233,2019-07-18-23-37-25
1.0,30.96427390809927,121.48994620702084,2019-07-18-23-37-25
1.0,30.964279905662227,121.49195338764447,2019-07-18-23-37-25
1.0,30.96428666705247,121.49421148714816,2019-07-18-23-37-25
1.0,30.964325550524354,121.50725817433717,2019-07-18-23-37-25
1.0,30.96432923226688,121.50851260641386,2019-07-18-23-37-25
1.0,30.96434161626546,121.51277753203405,2019-07-18-23-37-25
1.0,30.964345213017875,121.51403187252599,2019-07-18-23-37-25
1.0,30.964410286660932,121.44706076476544,2019-07-18-23-37-25
1.0,30.964411338211786,121.44756201805474,2019-07-18-23-37-25
1.0,30.96442005942856,121.45157241182268,2019-07-18-23-37-25
1.0,30.964533512414956,121.49320786418284,2019-07-18-23-37-25
1.0,30.96457908396934,121.5085125854961,2019-07-18-23-37-25
1.0,30.96457981837131,121.50876346984705,2019-07-18-23-37-25
1.0,30.964583479951862,121.51001788045967,2019-07-18-23-37-25
1.0,30.96458784923974,121.51152314675029,2019-07-18-23-37-25
1.0,30.96458857466857,121.51177402145663,2019-07-18-23-37-25
1.0,30.964590023025906,121.51227576815984,2019-07-18-23-37-25
1.0,30.96459290939097,121.51327925032399,2019-07-18-23-37-25
1.0,30.96459362875372,121.51353011843891,2019-07-18-23-37-25
1.0,30.964620174785484,121.52306223771066,2019-07-18-23-37-25
1.0,30.964783364124123,121.49320784312633,2019-07-18-23-37-25
1.0,30.96481858993458,121.50500011595938,2019-07-18-23-37-25
1.0,30.96481933249753,121.50525100888633,2019-07-18-23-37-25
1.0,30.964825991535236,121.50750902022745,2019-07-18-23-37-25
1.0,30.964829670075186,121.50876344893133,2019-07-18-23-37-25
1.0,30.964837700942688,121.51152312585907,2019-07-18-23-37-25
1.0,30.9648398747286,121.51227574727525,2019-07-18-23-37-25
1.0,30.964840597632115,121.5125266192454,2019-07-18-23-37-25
1.0,30.964848489653743,121.51528614560904,2019-07-18-23-37-25
1.0,30.96489949227065,121.44179820816687,2019-07-18-23-37-25
1.0,30.96502047106847,121.48894256264226,2019-07-18-23-37-25
1.0,30.96502871029748,121.49170242570514,2019-07-18-23-37-25
1.0,30.96503096233247,121.49245512274756,2019-07-18-23-37-25
1.0,30.96503246452606,121.4929569220675,2019-07-18-23-37-25
1.0,30.96506918420415,121.50525098793895,2019-07-18-23-37-25
1.0,30.965069926267223,121.50550188035224,2019-07-18-23-37-25
1.0,30.96507878737882,121.50851254366002,2019-07-18-23-37-25
1.0,30.96508025550399,121.50901431164763,2019-07-18-23-37-25
1.0,30.965081720864855,121.50951607668352,2019-07-18-23-37-25
1.0,30.965084642889547,121.51051959743113,2019-07-18-23-37-25
1.0,30.965093332159814,121.51353007669155,2019-07-18-23-37-25
1.0,30.965094050606258,121.51378094381171,2019-07-18-23-37-25
1.0,30.965099053046355,121.51553698447721,2019-07-18-23-37-25
1.0,30.965269575571956,121.4886916473878,2019-07-18-23-37-25
1.0,30.96527631179459,121.490949710273,2019-07-18-23-37-25
1.0,30.965289833337714,121.49546590859266,2019-07-18-23-37-25
1.0,30.965326431937076,121.50775986547642,2019-07-18-23-37-25
1.0,30.96532790401848,121.50826163767549,2019-07-18-23-37-25
1.0,30.965329373487652,121.50876340709935,2019-07-18-23-37-25
1.0,30.965340301042044,121.51252657748007,2019-07-18-23-37-25
1.0,30.965346052030664,121.51453351816905,2019-07-18-23-37-25
1.0,30.965459865776534,121.4678704851894,2019-07-18-23-37-25
1.0,30.965464617013687,121.46962615237064,2019-07-18-23-37-25
1.0,30.965570371235444,121.50575273034839,2019-07-18-23-37-25
1.0,30.965582155892136,121.5097669162434,2019-07-18-23-37-25
1.0,30.965582886775216,121.51001779684033,2019-07-18-23-37-25
1.0,30.965587256061067,121.51152306318427,2019-07-18-23-37-25
1.0,30.965587981489556,121.51177393789946,2019-07-18-23-37-25
1.0,30.96558942984622,121.51227568462033,2019-07-18-23-37-25
1.0,30.965656443712657,121.44555696080361,2019-07-18-23-37-25
1.0,30.965656955069182,121.44580757031393,2019-07-18-23-37-25
1.0,30.965657468666123,121.4460581824872,2019-07-18-23-37-25
1.0,30.965685202616452,121.45834123613709,2019-07-18-23-37-25
1.0,30.965788784811448,121.495214965184,2019-07-18-23-37-25
1.0,30.965793296374898,121.49672037396837,2019-07-18-23-37-25
1.0,30.965806807117414,121.50123658637594,2019-07-18-23-37-25
1.0,30.965831275990254,121.5095160139548,2019-07-18-23-37-25
1.0,30.96583565447582,121.51102129022036,2019-07-18-23-37-25
1.0,30.965839281555454,121.51227566373498,2019-07-18-23-37-25
1.0,30.965845039822025,121.5142826123946,2019-07-18-23-37-25
1.0,30.965906806802202,121.44580754887757,2019-07-18-23-37-25
1.0,30.96591044858113,121.44756188950463,2019-07-18-23-37-25
1.0,30.966024367984822,121.49044785247946,2019-07-18-23-37-25
1.0,30.966030369193014,121.49245503849149,2019-07-18-23-37-25
1.0,30.966055160941423,121.50073476681544,2019-07-18-23-37-25
1.0,30.966077459150316,121.50826157491262,2019-07-18-23-37-25
1.0,30.9660862332367,121.51127214579661,2019-07-18-23-37-25
1.0,30.966088409509187,121.512024769941,2019-07-18-23-37-25
1.0,30.966094174955504,121.51403172643893,2019-07-18-23-37-25
1.0,30.96612530667822,121.52531942562032,2019-07-18-23-37-25
1.0,30.966274219705088,121.49044783139676,2019-07-18-23-37-25
2.0,30.96629600651714,121.49772393791262,2019-07-18-23-37-25
1.0,30.966308755153868,121.50198924016964,2019-07-18-23-37-25
1.0,30.966322147821217,121.50650533986503,2019-07-18-23-37-25
1.0,30.966341151076083,121.51302823507439,2019-07-18-23-37-25
1.0,30.966584481774635,121.51077035019782,2019-07-18-23-37-25
1.0,30.966585209615697,121.51102122752994,2019-07-18-23-37-25
1.0,30.966595310582242,121.51453341384014,2019-07-18-23-37-25
1.0,30.966734909152844,121.47715114846831,2019-07-18-23-37-25
1.0,30.966738505900747,121.47840544359047,2019-07-18-23-37-25
1.0,30.966795709958433,121.49772389587886,2019-07-18-23-37-25
1.0,30.966833604871596,121.51051945112374,2019-07-18-23-37-25
1.0,30.966834333491832,121.51077032929841,2019-07-18-23-37-25
1.0,30.966844446674624,121.51428252892157,2019-07-18-23-37-25
1.0,30.96684587695638,121.5147842559697,2019-07-18-23-37-25
1.0,30.967052319013877,121.4999819831594,2019-07-18-23-37-25
1.0,30.96705905786912,121.50224007520704,2019-07-18-23-37-25
1.0,30.967059805078833,121.50249097284285,2019-07-18-23-37-25
1.0,30.967089985068327,121.51277730234365,2019-07-18-23-37-25
1.0,30.967098577408695,121.51578767625092,2019-07-18-23-37-25
1.0,30.967270631998314,121.4894441625078,2019-07-18-23-37-25
1.0,30.967275125564004,121.49094954164698,2019-07-18-23-37-25
1.0,30.967331848784504,121.51001765049911,2019-07-18-23-37-25
1.0,30.96733257892543,121.51026853031507,2019-07-18-23-37-25
1.0,30.967339836788902,121.51277728146155,2019-07-18-23-37-25
1.0,30.967344150112705,121.51428248718392,2019-07-18-23-37-25
1.0,30.967347006765223,121.51528593701565,2019-07-18-23-37-25
1.0,30.967508564627916,121.48542988225314,2019-07-18-23-37-25
1.0,30.967582430648964,121.51026850941065,2019-07-18-23-37-25
1.0,30.96759328525853,121.51403160121397,2019-07-18-23-37-25
1.0,30.967687730261215,121.45984549200622,2019-07-18-23-37-25
1.0,30.967827890658864,121.50876319792785,2019-07-18-23-37-25
1.0,30.96782935741267,121.50926496450347,2019-07-18-23-37-25
1.0,30.967830089740307,121.50951584666969,2019-07-18-23-37-25
1.0,30.967830821351594,121.5097667280686,2019-07-18-23-37-25
1.0,30.967831552233914,121.5100176086856,2019-07-18-23-37-25
1.0,30.9678417010204,121.51352984706739,2019-07-18-23-37-25
1.0,30.96784313698297,121.51403158034248,2019-07-18-23-37-25
1.0,30.96807994146849,121.50951582575819,2019-07-18-23-37-25
1.0,30.96808067307969,121.50976670715933,2019-07-18-23-37-25
1.0,30.968084319949487,121.51102110214394,2019-07-18-23-37-25
1.0,30.968086498670345,121.51177372899309,2019-07-18-23-37-25
1.0,30.968088669927734,121.512526347757,2019-07-18-23-37-25
1.0,30.968089391963534,121.51277721881412,2019-07-18-23-37-25
1.0,30.96809155274723,121.51352982619132,2019-07-18-23-37-25
1.0,30.968092271192663,121.51378069333781,2019-07-18-23-37-25
1.0,30.968093705285824,121.514282424576,2019-07-18-23-37-25
1.0,30.96823689515716,121.47815445518174,2019-07-18-23-37-25
1.0,30.96833635040005,121.5117737081014,2019-07-18-23-37-25
1.0,30.968337074998328,121.51202458194258,2019-07-18-23-37-25
1.0,30.968342122921694,121.51378067246374,2019-07-18-23-37-25
1.0,30.968522136194633,121.49019674489452,2019-07-18-23-37-25
1.0,30.96858475046033,121.51127193684212,2019-07-18-23-37-25
1.0,30.968588373388975,121.51252630598668,2019-07-18-23-37-25
1.0,30.968689647775715,121.46084839931386,2019-07-18-23-37-25
1.0,30.9687772366827,121.49195300839622,2019-07-18-23-37-25
1.0,30.968833875146426,121.51102103944835,2019-07-18-23-37-25
1.0,30.96883532843913,121.51152279157347,2019-07-18-23-37-25
1.0,30.96883677846463,121.51202454016304,2019-07-18-23-37-25
1.0,30.96883750222099,121.51227541309578,2019-07-18-23-37-25
1.0,30.968838225123154,121.51252628510125,2019-07-18-23-37-25
1.0,30.96883966831522,121.5130280262726,2019-07-18-23-37-25
1.0,30.968840388580322,121.5132788954097,2019-07-18-23-37-25
2.0,30.968907617981834,121.44706037903727,2019-07-18-23-37-25
1.0,30.969087353957708,121.51227539220794,2019-07-18-23-37-25
1.0,30.96922418890714,121.47388990848812,2019-07-18-23-37-25
1.0,30.969338650634302,121.5127771143979,2019-07-18-23-37-25
1.0,30.96947545041619,121.47439156991106,2019-07-18-23-37-25
1.0,30.969544079040666,121.4977236646794,2019-07-18-23-37-25
1.0,30.969561307548037,121.50349435006471,2019-07-18-23-37-25
1.0,30.969670353424505,121.45307602340732,2019-07-18-23-37-25
1.0,30.96972530217343,121.47439154868395,2019-07-18-23-37-25
1.0,30.969820072052286,121.50650504672585,2019-07-18-23-37-25
1.0,30.969834009158408,121.51127183235768,2019-07-18-23-37-25
1.0,30.969837632084943,121.51252620155753,2019-07-18-23-37-25
1.0,30.96984623577584,121.5155365881711,2019-07-18-23-37-25
1.0,30.96984977875874,121.51679087003322,2019-07-18-23-37-25
1.0,30.9698560874098,121.51904850166409,2019-07-18-23-37-25
1.0,30.970086760930194,121.51227530865464,2019-07-18-23-37-25
1.0,30.970099630504304,121.51679084918392,2019-07-18-23-37-25
1.0,30.970185624482074,121.45959453553338,2019-07-18-23-37-25
1.0,30.97019906337093,121.46486055753351,2019-07-18-23-37-25
1.0,30.970220090997802,121.47263564057361,2019-07-18-23-37-25
1.0,30.970237152365833,121.4786560092708,2019-07-18-23-37-25
1.0,30.970332257768174,121.51077003668655,2019-07-18-23-37-25
1.0,30.970333712655965,121.51127179056256,2019-07-18-23-37-25
1.0,30.970338057616694,121.51277703086149,2019-07-18-23-37-25
1.0,30.97035579090215,121.5190484600039,2019-07-18-23-37-25
1.0,30.97040060636574,121.44405295264752,2019-07-18-23-37-25
1.0,30.970425746068013,121.45558291639847,2019-07-18-23-37-25
1.0,30.970445651086965,121.46360664426898,2019-07-18-23-37-25
1.0,30.97045622734433,121.46761925650668,2019-07-18-23-37-25
1.0,30.970584290652507,121.51152264530809,2019-07-18-23-37-25
1.0,30.97058501607931,121.51177352006755,2019-07-18-23-37-25
1.0,30.97058935078956,121.51327874925244,2019-07-18-23-37-25
1.0,30.970619975686077,121.52431581727477,2019-07-18-23-37-25
1.0,30.970623299639588,121.52556985615819,2019-07-18-23-37-25
1.0,30.970694208143136,121.46310507926712,2019-07-18-23-37-25
1.0,30.970707427131504,121.46812084305931,2019-07-18-23-37-25
1.0,30.970834142408197,121.51152262441227,2019-07-18-23-37-25
1.0,30.970834867834913,121.51177349917394,2019-07-18-23-37-25
1.0,30.970863074067832,121.52180760109236,2019-07-18-23-37-25
1.0,30.97094470648597,121.4633558288437,2019-07-18-23-37-25
1.0,30.970947962802708,121.464609711527,2019-07-18-23-37-25
1.0,30.97095660420657,121.4678700170262,2019-07-18-23-37-25
1.0,30.970969646304425,121.47263557684546,2019-07-18-23-37-25
1.0,30.97108326792334,121.51127172786845,2019-07-18-23-37-25
1.0,30.971148193736084,121.44305054214153,2019-07-18-23-37-25
1.0,30.97114917310294,121.44355170973151,2019-07-18-23-37-25
1.0,30.971198470462507,121.46486047230894,2019-07-18-23-37-25
1.0,30.971306537505072,121.50223971858318,2019-07-18-23-37-25
1.0,30.971309524138817,121.50324330711315,2019-07-18-23-37-25
1.0,30.971313248408126,121.50449778374617,2019-07-18-23-37-25
1.0,30.97131770217042,121.50600313999354,2019-07-18-23-37-25
1.0,30.97140101127893,121.4445540563139,2019-07-18-23-37-25
1.0,30.97144311849931,121.46285424631559,2019-07-18-23-37-25
1.0,30.971443763476717,121.4631050153067,2019-07-18-23-37-25
1.0,30.97144701200321,121.46435888865135,2019-07-18-23-37-25
1.0,30.9714509608036,121.46586359745295,2019-07-18-23-37-25
1.0,30.971463114947017,121.47037809477118,2019-07-18-23-37-25
1.0,30.971467260699708,121.47188304132551,2019-07-18-23-37-25
1.0,30.9715578833312,121.50274149260572,2019-07-18-23-37-25
1.0,30.971562356192162,121.50424686834066,2019-07-18-23-37-25
1.0,30.971563843696735,121.50474865676217,2019-07-18-23-37-25
1.0,30.971566812914066,121.50575222765247,2019-07-18-23-37-25
1.0,30.971582244402033,121.51102080954973,2019-07-18-23-37-25
1.0,30.971659705985648,121.4488145754023,2019-07-18-23-37-25
1.0,30.97169555969171,121.46385731237119,2019-07-18-23-37-25
1.0,30.9716962109657,121.46410808892635,2019-07-18-23-37-25
1.0,30.971696863786722,121.46435886734058,2019-07-18-23-37-25
1.0,30.971736985894683,121.47890674556912,2019-07-18-23-37-25
1.0,30.97180624104353,121.50223967662377,2019-07-18-23-37-25
1.0,30.97180773510179,121.50274147163047,2019-07-18-23-37-25
1.0,30.971809227676594,121.50324326517192,2019-07-18-23-37-25
2.0,30.97190427849606,121.44630826142222,2019-07-18-23-37-25
1.0,30.971913935814104,121.45081977200755,2019-07-18-23-37-25
1.0,30.97194476176252,121.46360651637089,2019-07-18-23-37-25
2.0,30.971947369930405,121.46460962629219,2019-07-18-23-37-25
1.0,30.97194802581261,121.46486040838846,2019-07-18-23-37-25
1.0,30.97195000250013,121.46561276555177,2019-07-18-23-37-25
1.0,30.97206280371817,121.50449772086805,2019-07-18-23-37-25
1.0,30.972063547239678,121.50474861484776,2019-07-18-23-37-25
1.0,30.972092763537752,121.51478381777784,2019-07-18-23-37-25
1.0,30.972153100869185,121.4458070129039,2019-07-18-23-37-25
1.0,30.972188837995468,121.46134960915812,2019-07-18-23-37-25
1.0,30.972304449156667,121.5017378383027,2019-07-18-23-37-25
1.0,30.972305944594485,121.50223963466358,2019-07-18-23-37-25
1.0,30.972307438652408,121.50274142967938,2019-07-18-23-37-25
1.0,30.972313399015892,121.50474859389026,2019-07-18-23-37-25
1.0,30.972334703028302,121.51202424768482,2019-07-18-23-37-25
1.0,30.972336871718827,121.51277686377942,2019-07-18-23-37-25
1.0,30.97244446534587,121.4636064737366,2019-07-18-23-37-25
1.0,30.972554300937137,121.50173781731777,2019-07-18-23-37-25
1.0,30.97255504882197,121.5019887156611,2019-07-18-23-37-25
1.0,30.972555796374785,121.5022396136832,2019-07-18-23-37-25
1.0,30.972556543582623,121.50249051136902,2019-07-18-23-37-25
1.0,30.972557290432533,121.50274140870354,2019-07-18-23-37-25
1.0,30.972558783006825,121.50324320225862,2019-07-18-23-37-25
1.0,30.972561018860564,121.5039958895813,2019-07-18-23-37-25
1.0,30.97258600146128,121.51252597179652,2019-07-18-23-37-25
1.0,30.972672640594894,121.45483061252641,2019-07-18-23-37-25
1.0,30.97268228277778,121.45884210541442,2019-07-18-23-37-25
1.0,30.972682900870257,121.45909284219702,2019-07-18-23-37-25
1.0,30.97269889748673,121.46536191412065,2019-07-18-23-37-25
1.0,30.972730634794004,121.47689978391607,2019-07-18-23-37-25
1.0,30.97280490060565,121.50198869467825,2019-07-18-23-37-25
1.0,30.972809380488517,121.50349407747996,2019-07-18-23-37-25
1.0,30.97283657527559,121.512776822007,2019-07-18-23-37-25
1.0,30.97290420374945,121.44655879318428,2019-07-18-23-37-25
1.0,30.972905771170907,121.44731066150813,2019-07-18-23-37-25
1.0,30.97293275267165,121.4590928208451,2019-07-18-23-37-25
1.0,30.972933372522217,121.45934355973355,2019-07-18-23-37-25
1.0,30.972950734891903,121.46611426073744,2019-07-18-23-37-25
1.0,30.973054004508015,121.50173777534732,2019-07-18-23-37-25
1.0,30.9731460380545,121.4425492139085,2019-07-18-23-37-25
1.0,30.973147987487817,121.44355153809244,2019-07-18-23-37-25
1.0,30.97315509830269,121.44706001467935,2019-07-18-23-37-25
1.0,30.9731927260317,121.4631048660588,2019-07-18-23-37-25
1.0,30.973306098943244,121.50249044843355,2019-07-18-23-37-25
1.0,30.97332829086365,121.51001714868634,2019-07-18-23-37-25
1.0,30.973394929156974,121.44204804698391,2019-07-18-23-37-25
1.0,30.973395889867895,121.44254919244693,2019-07-18-23-37-25
1.0,30.973401339437146,121.44530568925154,2019-07-18-23-37-25
1.0,30.973401848543016,121.44555629613674,2019-07-18-23-37-25
1.0,30.973402359897182,121.44580690569427,2019-07-18-23-37-25
1.0,30.973412492027737,121.45056898253715,2019-07-18-23-37-25
1.0,30.97344257783866,121.46310484473688,2019-07-18-23-37-25
1.0,30.973443872552526,121.46360638846569,2019-07-18-23-37-25
1.0,30.973553708092503,121.50173773337612,2019-07-18-23-37-25
1.0,30.973556697586535,121.50274132479828,2019-07-18-23-37-25
1.0,30.973558935858325,121.50349401457116,2019-07-18-23-37-25
1.0,30.97356858796875,121.50675562229337,2019-07-18-23-37-25
1.0,30.973581058634934,121.51102064233618,2019-07-18-23-37-25
1.0,30.97358323735022,121.51177326933158,2019-07-18-23-37-25
1.0,30.97358468570148,121.51227501619393,2019-07-18-23-37-25
1.0,30.973585408602037,121.51252588824131,2019-07-18-23-37-25
1.0,30.97365068440357,121.44505506360069,2019-07-18-23-37-25
1.0,30.973651191253225,121.44530566780598,2019-07-18-23-37-25
1.0,30.973653759186043,121.44655872887114,2019-07-18-23-37-25
1.0,30.973654279453964,121.44680934902752,2019-07-18-23-37-25
1.0,30.973711094498015,121.47012708424018,2019-07-18-23-37-25
1.0,30.97380878765522,121.50349399360117,2019-07-18-23-37-25
1.0,30.973833089144314,121.51177324843567,2019-07-18-23-37-25
1.0,30.97390104307287,121.44530564636023,2019-07-18-23-37-25
1.0,30.97390517842584,121.44731057577556,2019-07-18-23-37-25
1.0,30.973908372228937,121.44881438259424,2019-07-18-23-37-25
1.0,30.973908912075686,121.44906502604296,2019-07-18-23-37-25
1.0,30.973909454055992,121.449315672031,2019-07-18-23-37-25
1.0,30.97391054438305,121.44981697158535,2019-07-18-23-37-25
1.0,30.974061618022294,121.50449755318456,2019-07-18-23-37-25
1.0,30.974080034388674,121.51076972313211,2019-07-18-23-37-25
1.0,30.9740807622272,121.51102060053086,2019-07-18-23-37-25
1.0,30.97408148927393,121.51127147707471,2019-07-18-23-37-25
1.0,30.974082940941976,121.51177322753958,2019-07-18-23-37-25
1.0,30.974150388046645,121.44505502070595,2019-07-18-23-37-25
1.0,30.974150894896148,121.44530562491425,2019-07-18-23-37-25
1.0,30.974154505572113,121.44705992893974,2019-07-18-23-37-25
1.0,30.97415555711698,121.44756118235128,2019-07-18-23-37-25
1.0,30.97415930587804,121.44931565061013,2019-07-18-23-37-25
1.0,30.97415984998328,121.44956629912919,2019-07-18-23-37-25
1.0,30.974160944534393,121.4500676037157,2019-07-18-23-37-25
1.0,30.974162047481894,121.45056891829967,2019-07-18-23-37-25
1.0,30.974163158755793,121.45107024279996,2019-07-18-23-37-25
1.0,30.974163717493084,121.45132090874313,2019-07-18-23-37-25
1.0,30.97417531163793,121.45633472764627,2019-07-18-23-37-25
1.0,30.974183876514896,121.45984493704036,2019-07-18-23-37-25
1.0,30.974187652442975,121.46134943847586,2019-07-18-23-37-25
1.0,30.974195381802872,121.46435865422202,2019-07-18-23-37-25
1.0,30.97430849125978,121.50349395166062,2019-07-18-23-37-25
1.0,30.974309981413803,121.50399574282451,2019-07-18-23-37-25
1.0,30.97431072584409,121.504246637752,2019-07-18-23-37-25
1.0,30.97431146982605,121.50449753222327,2019-07-18-23-37-25
1.0,30.97431221334679,121.50474842622334,2019-07-18-23-37-25
1.0,30.974330614028748,121.51102057962791,2019-07-18-23-37-25
1.0,30.97439385961852,121.44179739257446,2019-07-18-23-37-25
1.0,30.974394815628816,121.44229853246839,2019-07-18-23-37-25
1.0,30.97439529715718,121.44254910659865,2019-07-18-23-37-25
1.0,30.974405408943255,121.44756116091901,2019-07-18-23-37-25
1.0,30.97441189930724,121.45056889688678,2019-07-18-23-37-25
1.0,30.974412453907714,121.45081955790413,2019-07-18-23-37-25
1.0,30.974413569318195,121.45132088733523,2019-07-18-23-37-25
1.0,30.974441985102224,121.46310475944723,2019-07-18-23-37-25
1.0,30.974442631669035,121.46335553037098,2019-07-18-23-37-25
1.0,30.97444523362383,121.4643586329091,2019-07-18-23-37-25
1.0,30.97455161859162,121.50123585180476,2019-07-18-23-37-25
1.0,30.974552367100916,121.50148675076363,2019-07-18-23-37-25
1.0,30.974556104796793,121.50274124088992,2019-07-18-23-37-25
1.0,30.97455759736972,121.50324303448134,2019-07-18-23-37-25
1.0,30.97455908835576,121.50374482648742,2019-07-18-23-37-25
1.0,30.974559833221413,121.50399572185849,2019-07-18-23-37-25
1.0,30.974561321633487,121.50449751126177,2019-07-18-23-37-25
1.0,30.974562808200716,121.5049992987803,2019-07-18-23-37-25
1.0,30.974563550760347,121.50525019179547,2019-07-18-23-37-25
1.0,30.97457900937801,121.51051880307803,2019-07-18-23-37-25
1.0,30.974645148988714,121.44254908513608,2019-07-18-23-37-25
1.0,30.97464611905547,121.44305024172404,2019-07-18-23-37-25
2.0,30.974650091704458,121.44505497781041,2019-07-18-23-37-25
1.0,30.974662305736718,121.4508195364927,2019-07-18-23-37-25
1.0,30.974685460493635,121.46059713592905,2019-07-18-23-37-25
1.0,30.974690548575758,121.46260320201363,2019-07-18-23-37-25
1.0,30.974696395685974,121.46486017399815,2019-07-18-23-37-25
1.0,30.974805956608567,121.50274121991235,2019-07-18-23-37-25
1.0,30.974807449181323,121.50324301350832,2019-07-18-23-37-25
1.0,30.974808940167193,121.50374480551893,2019-07-18-23-37-25
1.0,30.97481266001172,121.50499927782315,2019-07-18-23-37-25
1.0,30.97482813180291,121.51026790309868,2019-07-18-23-37-25
1.0,30.974831044689427,121.51127141437196,2019-07-18-23-37-25
1.0,30.974831770931598,121.51152229005302,2019-07-18-23-37-25
1.0,30.974899438953692,121.44480435484,2019-07-18-23-37-25
1.0,30.97491552838857,121.45232353269056,2019-07-18-23-37-25
1.0,30.97493468383652,121.4603463653419,2019-07-18-23-37-25
1.0,30.974935312323346,121.46059711458679,2019-07-18-23-37-25
1.0,30.97493784312944,121.46160013176805,2019-07-18-23-37-25
1.0,30.974938479993213,121.46185089105299,2019-07-18-23-37-25
1.0,30.974939758641536,121.4623524155246,2019-07-18-23-37-25
1.0,30.974940400404822,121.46260318068666,2019-07-18-23-37-25
1.0,30.974942335322872,121.46335548772886,2019-07-18-23-37-25
1.0,30.974942983469113,121.4636062605534,2019-07-18-23-37-25
1.0,30.97494559163308,121.46460937056881,2019-07-18-23-37-25
1.0,30.974972189779564,121.47439110286948,2019-07-18-23-37-25
1.0,30.975053566816136,121.50198850582393,2019-07-18-23-37-25
1.0,30.97505506157508,121.50249030157734,2019-07-18-23-37-25
1.0,30.975056554902334,121.50299209592552,2019-07-18-23-37-25
1.0,30.975058791982423,121.50374478455025,2019-07-18-23-37-25
1.0,30.97507652259777,121.50976612162182,2019-07-18-23-37-25
1.0,30.975080896502114,121.51127139347066,2019-07-18-23-37-25
1.0,30.975148288444377,121.44430313844988,2019-07-18-23-37-25
1.0,30.975165949147,121.45257418937592,2019-07-18-23-37-25
1.0,30.975184535670163,121.46034634399756,2019-07-18-23-37-25
1.0,30.975185164156912,121.46059709324433,2019-07-18-23-37-25
1.0,30.975186426208964,121.46109859782267,2019-07-18-23-37-25
1.0,30.975188331826374,121.46185086972004,2019-07-18-23-37-25
1.0,30.975190252237738,121.46260315935949,2019-07-18-23-37-25
1.0,30.975192187155546,121.4633554664075,2019-07-18-23-37-25
1.0,30.975193485016632,121.4638570139448,2019-07-18-23-37-25
1.0,30.97519413628948,121.46410779052738,2019-07-18-23-37-25
1.0,30.97530192254897,121.50148668779623,2019-07-18-23-37-25
1.0,30.975304166187694,121.50223938288627,2019-07-18-23-37-25
1.0,30.975304913394595,121.50249028059712,2019-07-18-23-37-25
1.0,30.975338690003134,121.51403095410855,2019-07-18-23-37-25
1.0,30.975423972705,121.45608390788878,2019-07-18-23-37-25
1.0,30.975433135664932,121.45984483030084,2019-07-18-23-37-25
1.0,30.97543376072778,121.46009557544875,2019-07-18-23-37-25
1.0,30.975434387507715,121.46034632265302,2019-07-18-23-37-25
1.0,30.97543818366344,121.4618508483869,2019-07-18-23-37-25
1.0,30.975440747449532,121.46285390513233,2019-07-18-23-37-25
1.0,30.975441392425637,121.46310467415445,2019-07-18-23-37-25
4.0,30.97544203899212,121.46335544508597,2019-07-18-23-37-25
1.0,30.975545778821434,121.49947946817683,2019-07-18-23-37-25
1.0,30.975553270459407,121.50198846385418,2019-07-18-23-37-25
1.0,30.97555476521801,121.50249025961669,2019-07-18-23-37-25
1.0,30.9755555120669,121.50274115697849,2019-07-18-23-37-25
1.0,30.9755584956245,121.50374474261231,2019-07-18-23-37-25
1.0,30.975562958027044,121.50525010797472,2019-07-18-23-37-25
1.0,30.97564799213347,121.44430309554379,2019-07-18-23-37-25
1.0,30.975675624407522,121.45683603186956,2019-07-18-23-37-25
1.0,30.975687398640943,121.4616000677629,2019-07-18-23-37-25
1.0,30.97568931415231,121.46235235153671,2019-07-18-23-37-25
1.0,30.975690599290242,121.4628538838067,2019-07-18-23-37-25
1.0,30.975692538978663,121.4636061965946,2019-07-18-23-37-25
1.0,30.975803122286965,121.50198844286902,2019-07-18-23-37-25
1.0,30.97581132424814,121.50474830046507,2019-07-18-23-37-25
1.0,30.975815034481013,121.50600276294296,2019-07-18-23-37-25
1.0,30.97583117820534,121.51152220645554,2019-07-18-23-37-25
1.0,30.975933464415,121.4600955327553,2019-07-18-23-37-25
1.0,30.975934091194773,121.46034627996335,2019-07-18-23-37-25
2.0,30.97593725048608,121.46160004642745,2019-07-18-23-37-25
2.0,30.97594045113497,121.46285386248087,2019-07-18-23-37-25
1.0,30.975941742677236,121.46335540244226,2019-07-18-23-37-25
1.0,30.97605968857728,121.50424649100164,2019-07-18-23-37-25
1.0,30.976061919124845,121.50499917303446,2019-07-18-23-37-25
1.0,30.976147695838648,121.44430305263688,2019-07-18-23-37-25
1.0,30.976151759498027,121.4463078969447,2019-07-18-23-37-25
1.0,30.97616141679247,121.45081940801994,2019-07-18-23-37-25
1.0,30.976175931767802,121.45708670868282,2019-07-18-23-37-25
1.0,30.97618144626943,121.45934328216481,2019-07-18-23-37-25
1.0,30.976182067866908,121.45959402316963,2019-07-18-23-37-25
1.0,30.97619224267171,121.4636061539544,2019-07-18-23-37-25
1.0,30.976194850834048,121.46460926400903,2019-07-18-23-37-25
1.0,30.97631028439344,121.50449736452592,2019-07-18-23-37-25
1.0,30.976315478628404,121.50625361192229,2019-07-18-23-37-25
1.0,30.97642882931542,121.45834031782555,2019-07-18-23-37-25
1.0,30.97642944385986,121.4585910503925,2019-07-18-23-37-25
1.0,30.976552677793986,121.50198837991238,2019-07-18-23-37-25
1.0,30.976560136232376,121.50449734356287,2019-07-18-23-37-25
1.0,30.976560879752352,121.50474823758334,2019-07-18-23-37-25
1.0,30.976561622798243,121.50499913111764,2019-07-18-23-37-25
1.0,30.976567548557526,121.50700626010253,2019-07-18-23-37-25
1.0,30.976802529637965,121.50198835892644,2019-07-18-23-37-25
1.0,30.976807009512644,121.50349374194631,2019-07-18-23-37-25
1.0,30.976808499664962,121.50399553315557,2019-07-18-23-37-25
1.0,30.9768114746412,121.50499911015893,2019-07-18-23-37-25
1.0,30.976812217200063,121.50525000319445,2019-07-18-23-37-25
1.0,30.97683131096812,121.5117729976698,2019-07-18-23-37-25
1.0,30.976947700837954,121.4658631288318,2019-07-18-23-37-25
1.0,30.97701260897165,121.48869065557221,2019-07-18-23-37-25
1.0,30.9770583515125,121.50399551218761,2019-07-18-23-37-25
1.0,30.977059095941854,121.50424640714004,2019-07-18-23-37-25
1.0,30.97706058344268,121.50474819566122,2019-07-18-23-37-25
1.0,30.9770613264884,121.50499908920004,2019-07-18-23-37-25
1.0,30.97706206904718,121.50524998223781,2019-07-18-23-37-25
1.0,30.97714366752214,121.44254887049944,2019-07-18-23-37-25
1.0,30.97714810564567,121.44480416178493,2019-07-18-23-37-25
1.0,30.97714962618365,121.44555597445517,2019-07-18-23-37-25
1.0,30.977150137536675,121.44580658403554,2019-07-18-23-37-25
1.0,30.977150651130106,121.44605719627918,2019-07-18-23-37-25
1.0,30.97720289964607,121.46786948490701,2019-07-18-23-37-25
1.0,30.977264703469263,121.48944331864632,2019-07-18-23-37-25
1.0,30.97730671321237,121.50349370000113,2019-07-18-23-37-25
1.0,30.977311920898597,121.505249961281,2019-07-18-23-37-25
1.0,30.97739303787106,121.44229827488725,2019-07-18-23-37-25
2.0,30.977399478059134,121.44555595300814,2019-07-18-23-37-25
1.0,30.977453426210506,121.46812026842544,2019-07-18-23-37-25
1.0,30.977467893150216,121.47338753032301,2019-07-18-23-37-25
1.0,30.977552085195605,121.50198829596746,2019-07-18-23-37-25
1.0,30.97755656506875,121.50349367902825,2019-07-18-23-37-25
1.0,30.977558055220552,121.50399547025113,2019-07-18-23-37-25
1.0,30.97757723135065,121.5105185521721,2019-07-18-23-37-25
1.0,30.977643371279328,121.44254882756972,2019-07-18-23-37-25
1.0,30.977649329939027,121.44555593156092,2019-07-18-23-37-25
1.0,30.977655612270887,121.44856342028811,2019-07-18-23-37-25
1.0,30.97768431289908,121.46084763110692,2019-07-18-23-37-25
1.0,30.97771216947577,121.47138085512076,2019-07-18-23-37-25
1.0,30.977712862280715,121.47163168183941,2019-07-18-23-37-25
1.0,30.977724814777385,121.4758959487192,2019-07-18-23-37-25
1.0,30.97780118917386,121.50173737658965,2019-07-18-23-37-25
1.0,30.977807162216624,121.50374455388204,2019-07-18-23-37-25
2.0,30.97780790708117,121.5039954492826,2019-07-18-23-37-25
1.0,30.977809395491033,121.5044972387448,2019-07-18-23-37-25
1.0,30.97781013901058,121.50474813277658,2019-07-18-23-37-25
1.0,30.977811624614567,121.50524991936678,2019-07-18-23-37-25
1.0,30.977819020596762,121.5077588189785,2019-07-18-23-37-25
1.0,30.977832889621318,121.51252553309745,2019-07-18-23-37-25
1.0,30.977893707031075,121.44279938303264,2019-07-18-23-37-25
1.0,30.977905464154336,121.44856339885942,2019-07-18-23-37-25
1.0,30.97790762778645,121.44956597781653,2019-07-18-23-37-25
1.0,30.977963408167646,121.47188248876692,2019-07-18-23-37-25
1.0,30.97797466665201,121.47589592749847,2019-07-18-23-37-25
1.0,30.97803152212413,121.49521393403434,2019-07-18-23-37-25
1.0,30.97805104103972,121.50173735560047,2019-07-18-23-37-25
1.0,30.97805552309815,121.50324274084143,2019-07-18-23-37-25
1.0,30.978068872460575,121.50775879804364,2019-07-18-23-37-25
1.0,30.97807401306486,121.5095149891407,2019-07-18-23-37-25
1.0,30.978120172946465,121.52607083696165,2019-07-18-23-37-25
1.0,30.978120830340977,121.52632163653708,2019-07-18-23-37-25
1.0,30.978143558920802,121.44279936156872,2019-07-18-23-37-25
1.0,30.978158025894537,121.44981660745874,2019-07-18-23-37-25
1.0,30.97816474243248,121.4528246130634,2019-07-18-23-37-25
1.0,30.978208427710438,121.47012670141972,2019-07-18-23-37-25
1.0,30.97824775410559,121.48392366695208,2019-07-18-23-37-25
1.0,30.97828137399674,121.49521391298563,2019-07-18-23-37-25
1.0,30.97830238834383,121.5022391310812,2019-07-18-23-37-25
1.0,30.978314293455597,121.50625344433921,2019-07-18-23-37-25
1.0,30.9783333153826,121.51277636245968,2019-07-18-23-37-25
1.0,30.97835657614436,121.52105448894417,2019-07-18-23-37-25
1.0,30.978394876375777,121.44355108747929,2019-07-18-23-37-25
1.0,30.978530473943433,121.49496299057174,2019-07-18-23-37-25
1.0,30.97864423743478,121.44330048080455,2019-07-18-23-37-25
1.0,30.978710195063616,121.47087912107544,2019-07-18-23-37-25
1.0,30.97875858695044,121.48768693563848,2019-07-18-23-37-25
1.0,30.978895073327227,121.44380163251904,2019-07-18-23-37-25
1.0,30.97914542068671,121.44405220175639,2019-07-18-23-37-25
1.0,30.979172948838762,121.4565850152926,2019-07-18-23-37-25
1.0,30.97929955223645,121.5014863519407,2019-07-18-23-37-25
1.0,30.979393793159574,121.4433004164191,2019-07-18-23-37-25
1.0,30.979420412173408,121.4555821467526,2019-07-18-23-37-25
1.0,30.97942100649555,121.45583285517398,2019-07-18-23-37-25
1.0,30.97943709227941,121.46235203157065,2019-07-18-23-37-25
1.0,30.979437734041237,121.46260279676741,2019-07-18-23-37-25
1.0,30.979520114125055,121.4917012032921,2019-07-18-23-37-25
1.0,30.979670264087535,121.4555821253699,2019-07-18-23-37-25
1.0,30.979717965506715,121.47388901661047,2019-07-18-23-37-25
1.0,30.979742449349725,121.48241826085152,2019-07-18-23-37-25
1.0,30.979784245013555,121.49646829457083,2019-07-18-23-37-25
1.0,30.979822243913738,121.50926396042762,2019-07-18-23-37-25
1.0,30.979893008478093,121.44304979102466,2019-07-18-23-37-25
1.0,30.979893987839677,121.44355095871656,2019-07-18-23-37-25
1.0,30.979897997066026,121.44555573852692,2019-07-18-23-37-25
1.0,30.979898508418213,121.44580634812404,2019-07-18-23-37-25
1.0,30.97990535693734,121.44906451184819,2019-07-18-23-37-25
1.0,30.979909195109478,121.4508190868068,2019-07-18-23-37-25
1.0,30.980051351566807,121.50223898418207,2019-07-18-23-37-25
1.0,30.98014532611313,121.44430270935311,2019-07-18-23-37-25
1.0,30.980211381251614,121.47163146926256,2019-07-18-23-37-25
1.0,30.98026068346942,121.4886903811644,2019-07-18-23-37-25
1.0,30.980354704627285,121.52080349023309,2019-07-18-23-37-25
1.0,30.980398725869804,121.446056917492,2019-07-18-23-37-25
1.0,30.980399241694716,121.44630753240973,2019-07-18-23-37-25
1.0,30.980407241423332,121.45006706825151,2019-07-18-23-37-25
1.0,30.980473898342623,121.47614656624818,2019-07-18-23-37-25
1.0,30.980507550275814,121.48768678781164,2019-07-18-23-37-25
1.0,30.980548811755405,121.50148624697572,2019-07-18-23-37-25
1.0,30.98064207807942,121.44279914691859,2019-07-18-23-37-25
1.0,30.980644036786835,121.44380148230263,2019-07-18-23-37-25
1.0,30.9806460323278,121.44480386144504,2019-07-18-23-37-25
1.0,30.980667900249628,121.4548299281826,2019-07-18-23-37-25
1.0,30.980851649526215,121.51980010606913,2019-07-18-23-37-25
1.0,30.980891446157084,121.44254854850716,2019-07-18-23-37-25
1.0,30.98089438418063,121.44405205154892,2019-07-18-23-37-25
1.0,30.98089740480499,121.44555565272887,2019-07-18-23-37-25
1.0,30.981096626903962,121.51804418438822,2019-07-18-23-37-25
1.0,30.98110836057367,121.52230839916419,2019-07-18-23-37-25
1.0,30.98114275669031,121.44330026617943,2019-07-18-23-37-25
1.0,30.981143740677904,121.44380143938187,2019-07-18-23-37-25
1.0,30.981147256752596,121.44555563127885,2019-07-18-23-37-25
1.0,30.981148281696612,121.44605685315173,2019-07-18-23-37-25
1.0,30.981169969999176,121.4558327055033,2019-07-18-23-37-25
1.0,30.981277341163867,121.49446095653668,2019-07-18-23-37-25
1.0,30.981343668149403,121.51704076374514,2019-07-18-23-37-25
1.0,30.981392120122067,121.4430496622373,2019-07-18-23-37-25
1.0,30.981393592631296,121.4438014179212,2019-07-18-23-37-25
1.0,30.981394088082006,121.4440520086307,2019-07-18-23-37-25
1.0,30.981401261802905,121.44756056073493,2019-07-18-23-37-25
1.0,30.981450382047505,121.46786912299571,2019-07-18-23-37-25
1.0,30.981457877061334,121.47062806488516,2019-07-18-23-37-25
1.0,30.98153245656129,121.49621724562117,2019-07-18-23-37-25
1.0,30.98158998236841,121.51578646629518,2019-07-18-23-37-25
1.0,30.981645944713055,121.44505437718941,2019-07-18-23-37-25
1.0,30.981666136623648,121.45432844631632,2019-07-18-23-37-25
1.0,30.98167327912735,121.45733696030322,2019-07-18-23-37-25
1.0,30.98168320895616,121.4613487983049,2019-07-18-23-37-25
1.0,30.98168384416337,121.46159955565771,2019-07-18-23-37-25
1.0,30.981733960210075,121.47990936236502,2019-07-18-23-37-25
1.0,30.98178606739939,121.4974717329252,2019-07-18-23-37-25
1.0,30.981787570364304,121.49797353602342,2019-07-18-23-37-25
1.0,30.98178907283345,121.49847533880262,2019-07-18-23-37-25
1.0,30.981898353395195,121.44630740373663,2019-07-18-23-37-25
1.0,30.981908567328627,121.45106957901103,2019-07-18-23-37-25
1.0,30.981917159999853,121.45482982123556,2019-07-18-23-37-25
1.0,30.981922525587684,121.45708621713732,2019-07-18-23-37-25
1.0,30.981956206507956,121.47012638235401,2019-07-18-23-37-25
1.0,30.98200442731901,121.48693398748479,2019-07-18-23-37-25
1.0,30.982039675795587,121.49872621901517,2019-07-18-23-37-25
1.0,30.98208612287622,121.51453211976398,2019-07-18-23-37-25
1.0,30.9821098005432,121.5230607817826,2019-07-18-23-37-25
1.0,30.982140224426747,121.44229786699182,2019-07-18-23-37-25
1.0,30.982147175947652,121.44580615508765,2019-07-18-23-37-25
1.0,30.982158419295903,121.45106955759532,2019-07-18-23-37-25
1.0,30.982183548085818,121.46159951297714,2019-07-18-23-37-25
1.0,30.98220674506625,121.47037718031503,2019-07-18-23-37-25
1.0,30.982236576996577,121.48091280051291,2019-07-18-23-37-25
1.0,30.982335974822355,121.51453209888577,2019-07-18-23-37-25
1.0,30.98248935390142,121.48191627489608,2019-07-18-23-37-25
1.0,30.982667304515637,121.45508045868003,2019-07-18-23-37-25
1.0,30.982685809295518,121.46260251945264,2019-07-18-23-37-25
1.0,30.98268839234972,121.46360559956014,2019-07-18-23-37-25
1.0,30.9826890420622,121.46385637432957,2019-07-18-23-37-25
1.0,30.98270644900489,121.47037713777334,2019-07-18-23-37-25
1.0,30.982711986324578,121.47238374567452,2019-07-18-23-37-25
1.0,30.982742142070403,121.48291976338943,2019-07-18-23-37-25
1.0,30.98278772948509,121.49822435336249,2019-07-18-23-37-25
1.0,30.982935661275746,121.46260249811935,2019-07-18-23-37-25
1.0,30.98294216575452,121.46511025468838,2019-07-18-23-37-25
1.0,30.982945475044087,121.46636420157816,2019-07-18-23-37-25
1.0,30.982953562299265,121.46937384886796,2019-07-18-23-37-25
1.0,30.982994940692972,121.48392326505241,2019-07-18-23-37-25
1.0,30.983031568292255,121.49621711936454,2019-07-18-23-37-25
1.0,30.983035327186666,121.497471627768,2019-07-18-23-37-25
1.0,30.983084815075813,121.51428117205559,2019-07-18-23-37-25
1.0,30.983190704468374,121.46460866718319,2019-07-18-23-37-25
1.0,30.98320478104858,121.46987545829226,2019-07-18-23-37-25
1.0,30.983244792671766,121.48392324389783,2019-07-18-23-37-25
1.0,30.98338852835499,121.44179661964279,2019-07-18-23-37-25
1.0,30.983400077616945,121.44756038922515,2019-07-18-23-37-25
1.0,30.983404916679202,121.44981615757608,2019-07-18-23-37-25
1.0,30.98341804342138,121.45558180460543,2019-07-18-23-37-25
1.0,30.983441869730363,121.46511021206035,2019-07-18-23-37-25
1.0,30.983462938543695,121.47288534839748,2019-07-18-23-37-25
1.0,30.98346856854008,121.47489206902924,2019-07-18-23-37-25
1.0,30.983492433722144,121.48317057941382,2019-07-18-23-37-25
1.0,30.983493170076784,121.48342145973596,2019-07-18-23-37-25
1.0,30.983513246957582,121.49019547933594,2019-07-18-23-37-25
1.0,30.98353277599383,121.49671888067525,2019-07-18-23-37-25
1.0,30.98353878758789,121.4987260928933,2019-07-18-23-37-25
1.0,30.983539538440322,121.49897699401632,2019-07-18-23-37-25
1.0,30.983540289116682,121.4992278949991,2019-07-18-23-37-25
1.0,30.983670885801995,121.45683534790639,2019-07-18-23-37-25
1.0,30.983717712980074,121.4746412030756,2019-07-18-23-37-25
1.0,30.983729153082187,121.47865486467602,2019-07-18-23-37-25
1.0,30.98376459737157,121.49069725238714,2019-07-18-23-37-25
1.0,30.983784883126404,121.49747156467134,2019-07-18-23-37-25
1.0,30.983791641873985,121.49972967547154,2019-07-18-23-37-25
1.0,30.983792391943926,121.49998057594516,2019-07-18-23-37-25
1.0,30.983871983168566,121.52807670785515,2019-07-18-23-37-25
1.0,30.983875191917917,121.52933061836862,2019-07-18-23-37-25
1.0,30.983918937955263,121.45608318099447,2019-07-18-23-37-25
1.0,30.98395777628132,121.47112949829604,2019-07-18-23-37-25
1.0,30.984037740548867,121.4984751495984,2019-07-18-23-37-25
1.0,30.984040743579712,121.49947875379802,2019-07-18-23-37-25
1.0,30.984138561209473,121.44204712382518,2019-07-18-23-37-25
1.0,30.984150162690028,121.44781095557582,2019-07-18-23-37-25
1.0,30.984207628287574,121.47112947703016,2019-07-18-23-37-25
1.0,30.98428684138065,121.49822422720975,2019-07-18-23-37-25
1.0,30.98428909441327,121.49897693095963,2019-07-18-23-37-25
1.0,30.984289845089375,121.49922783194926,2019-07-18-23-37-25
1.0,30.984373617242895,121.52882901808819,2019-07-18-23-37-25
1.0,30.984387936405522,121.44179653374556,2019-07-18-23-37-25
1.0,30.98440001470968,121.4478109341372,2019-07-18-23-37-25
1.0,30.98440054593444,121.44806156739723,2019-07-18-23-37-25
1.0,30.98440432471998,121.44981607187421,2019-07-18-23-37-25
1.0,30.98453519065549,121.4977224031795,2019-07-18-23-37-25
1.0,30.984535942081557,121.49797330472143,2019-07-18-23-37-25
1.0,30.98465093135197,121.4483121818003,2019-07-18-23-37-25
1.0,30.984653086424615,121.44931475075387,2019-07-18-23-37-25
1.0,30.984670897517752,121.45708598201333,2019-07-18-23-37-25
1.0,30.98467211034368,121.45758742782722,2019-07-18-23-37-25
1.0,30.98467271948959,121.45783815400152,2019-07-18-23-37-25
1.0,30.984673330444163,121.45808888233863,2019-07-18-23-37-25
1.0,30.984785042664683,121.4977223821486,2019-07-18-23-37-25
1.0,30.984785794090662,121.49797328369282,2019-07-18-23-37-25
1.0,30.9847865453927,121.49822418515728,2019-07-18-23-37-25
1.0,30.984788047572806,121.49872598778644,2019-07-18-23-37-25
1.0,30.98478954910074,121.49922778991507,2019-07-18-23-37-25
1.0,30.984832344895207,121.51377929435156,2019-07-18-23-37-25
1.0,30.98488907799572,121.44254820499935,2019-07-18-23-37-25
1.0,30.984893013787563,121.44455289781149,2019-07-18-23-37-25
1.0,30.98489657739438,121.44630714636892,2019-07-18-23-37-25
1.0,30.98492257151814,121.45783813263088,2019-07-18-23-37-25
1.0,30.984969098833883,121.47539363492051,2019-07-18-23-37-25
1.0,30.984991545753697,121.483170452441,2019-07-18-23-37-25
1.0,30.985038650439616,121.4989768679012,2019-07-18-23-37-25
1.0,30.985042401797745,121.50023137117871,2019-07-18-23-37-25
1.0,30.98508577493069,121.5150335944526,2019-07-18-23-37-25
1.0,30.985141868050967,121.44405168671877,2019-07-18-23-37-25
1.0,30.985142365795152,121.44430228017676,2019-07-18-23-37-25
2.0,30.985155532079947,121.45056797594476,2019-07-18-23-37-25
1.0,30.985160597324967,121.45282401376275,2019-07-18-23-37-25
1.0,30.98520291309487,121.4696244719269,2019-07-18-23-37-25
1.0,30.98522322984166,121.476898723267,2019-07-18-23-37-25
1.0,30.985228265158646,121.4786547374636,2019-07-18-23-37-25
1.0,30.98526370942356,121.49069712581891,2019-07-18-23-37-25
1.0,30.98527948434579,121.4959660282834,2019-07-18-23-37-25
1.0,30.985288502460524,121.49897684688133,2019-07-18-23-37-25
1.0,30.985393220181773,121.44480345377853,2019-07-18-23-37-25
1.0,30.985394740712227,121.44555526659823,2019-07-18-23-37-25
1.0,30.985395252062737,121.44580587622887,2019-07-18-23-37-25
1.0,30.985404831607607,121.45031729591223,2019-07-18-23-37-25
1.0,30.985408742619406,121.45207195789614,2019-07-18-23-37-25
1.0,30.98540930951945,121.45232263364629,2019-07-18-23-37-25
1.0,30.985494198943204,121.48417393617129,2019-07-18-23-37-25
1.0,30.985539855649854,121.49947862770799,2019-07-18-23-37-25
1.0,30.98558619165231,121.51528441370418,2019-07-18-23-37-25
1.0,30.985587614003098,121.51578613240099,2019-07-18-23-37-25
1.0,30.985588323645022,121.51603699006544,2019-07-18-23-37-25
1.0,30.985645104113516,121.44580585477681,2019-07-18-23-37-25
1.0,30.985647694312323,121.44705894270562,2019-07-18-23-37-25
1.0,30.98564874585013,121.44756019626145,2019-07-18-23-37-25
1.0,30.985654683656996,121.45031727448875,2019-07-18-23-37-25
1.0,30.985747009542376,121.48517745305278,2019-07-18-23-37-25
4.0,30.985764163089513,121.4909479812672,2019-07-18-23-37-25
1.0,30.98583888427587,121.51628782572276,2019-07-18-23-37-25
1.0,30.985896503632272,121.44655767816994,2019-07-18-23-37-25
1.0,30.985905642824832,121.4508185727729,2019-07-18-23-37-25
1.0,30.9859614587521,121.47288513588053,2019-07-18-23-37-25
1.0,30.98596638118924,121.47464101194322,2019-07-18-23-37-25
1.0,30.986014015131797,121.4909479601737,2019-07-18-23-37-25
1.0,30.986028288501267,121.49571506349183,2019-07-18-23-37-25
1.0,30.986030544272,121.49646776854658,2019-07-18-23-37-25
1.0,30.98603129612163,121.49671867027389,2019-07-18-23-37-25
1.0,30.986032047912534,121.49696957199716,2019-07-18-23-37-25
1.0,30.986046303444226,121.50173668384492,2019-07-18-23-37-25
1.0,30.98618958462997,121.46485919356212,2019-07-18-23-37-25
1.0,30.986336459436714,121.51553521099207,2019-07-18-23-37-25
1.0,30.986337170104754,121.51578606979038,2019-07-18-23-37-25
1.0,30.986359304292073,121.52381288030847,2019-07-18-23-37-25
1.0,30.986399895702824,121.44831203174515,2019-07-18-23-37-25
1.0,30.986442738572634,121.46611311035932,2019-07-18-23-37-25
1.0,30.98644340336916,121.46636390330485,2019-07-18-23-37-25
1.0,30.986530248371857,121.49646772645941,2019-07-18-23-37-25
1.0,30.986607136407457,121.52306040725016,2019-07-18-23-37-25
1.0,30.986609826855517,121.52406367381343,2019-07-18-23-37-25
1.0,30.986610495961198,121.5243144865439,2019-07-18-23-37-25
1.0,30.98661182988595,121.52481610722066,2019-07-18-23-37-25
1.0,30.98668928876388,121.46485915092501,2019-07-18-23-37-25
1.0,30.986774836937705,121.49471139443533,2019-07-18-23-37-25
1.0,30.986779348536363,121.49621680369248,2019-07-18-23-37-25
1.0,30.98678085228078,121.4967186071497,2019-07-18-23-37-25
1.0,30.986836163536474,121.51553516924635,2019-07-18-23-37-25
1.0,30.986901212953757,121.44906391180974,2019-07-18-23-37-25
1.0,30.987032959490072,121.49747129123242,2019-07-18-23-37-25
1.0,30.987138230440316,121.44279858873512,2019-07-18-23-37-25
1.0,30.98720309891829,121.47012593558773,2019-07-18-23-37-25
1.0,30.98725953011339,121.48969337018053,2019-07-18-23-37-25
1.0,30.987261776494513,121.4904460597566,2019-07-18-23-37-25
1.0,30.98728130820974,121.49696946680064,2019-07-18-23-37-25
1.0,30.98728431452349,121.49797307339604,2019-07-18-23-37-25
2.0,30.98733728797126,121.51603684398653,2019-07-18-23-37-25
1.0,30.98742048300348,121.45758719271932,2019-07-18-23-37-25
1.0,30.987423546714847,121.45884084520358,2019-07-18-23-37-25
1.0,30.98751162857577,121.49044603865738,2019-07-18-23-37-25
1.0,30.987522889517866,121.4942095289306,2019-07-18-23-37-25
1.0,30.987530408498387,121.49671854402378,2019-07-18-23-37-25
1.0,30.987539422377246,121.49972936027054,2019-07-18-23-37-25
1.0,30.987786272166613,121.49872573551022,2019-07-18-23-37-25
1.0,30.98783557181439,121.51553508575263,2019-07-18-23-37-25
1.0,30.987886821362856,121.4422973731275,2019-07-18-23-37-25
1.0,30.987963785900572,121.47413915642849,2019-07-18-23-37-25
1.0,30.987966613958495,121.47514253283015,2019-07-18-23-37-25
1.0,30.988009086377993,121.48969330686187,2019-07-18-23-37-25
1.0,30.988020338810042,121.49345678444382,2019-07-18-23-37-25
1.0,30.988030864466907,121.49696940368041,2019-07-18-23-37-25
2.0,30.9881239484943,121.52983181692896,2019-07-18-23-37-25
1.0,30.988198414948062,121.46862096770138,2019-07-18-23-37-25
1.0,30.98825968698425,121.4899441818904,2019-07-18-23-37-25
1.0,30.988260435781946,121.49019507842986,2019-07-18-23-37-25
1.0,30.988264933995985,121.4917004653131,2019-07-18-23-37-25
1.0,30.988284474179327,121.49822389076836,2019-07-18-23-37-25
1.0,30.98837316537729,121.52958102137507,2019-07-18-23-37-25
1.0,30.988373800582508,121.52983179617304,2019-07-18-23-37-25
1.0,30.98839245664737,121.44530440216582,2019-07-18-23-37-25
1.0,30.988462785793914,121.47388827311478,2019-07-18-23-37-25
1.0,30.988523801543806,121.49471124701081,2019-07-18-23-37-25
1.0,30.988577246506907,121.51277550578295,2019-07-18-23-37-25
1.0,30.988583703728203,121.51503330216892,2019-07-18-23-37-25
1.0,30.988635898556936,121.44204673727731,2019-07-18-23-37-25
1.0,30.98863782931705,121.44304903966398,2019-07-18-23-37-25
1.0,30.988638317836653,121.44329962218465,2019-07-18-23-37-25
1.0,30.988643842817932,121.44605620965055,2019-07-18-23-37-25
1.0,30.98869273847824,121.4666145062449,2019-07-18-23-37-25
1.0,30.988700842198536,121.46962417399875,2019-07-18-23-37-25
1.0,30.988752666776023,121.48768609078522,2019-07-18-23-37-25
1.0,30.98875789450526,121.48944234782113,2019-07-18-23-37-25
1.0,30.988768392406524,121.49295492058039,2019-07-18-23-37-25
1.0,30.98877816525205,121.49621663531623,2019-07-18-23-37-25
1.0,30.9887796689951,121.49671843881002,2019-07-18-23-37-25
1.0,30.98878342709676,121.49797294720868,2019-07-18-23-37-25
1.0,30.9887856805748,121.49872565141196,2019-07-18-23-37-25
1.0,30.988791681720915,121.50073285600631,2019-07-18-23-37-25
1.0,30.988829259377184,121.51352809280938,2019-07-18-23-37-25
1.0,30.98889216091409,121.44530435925063,2019-07-18-23-37-25
1.0,30.98889267001524,121.44555496622986,2019-07-18-23-37-25
1.0,30.988893181364684,121.44580557588183,2019-07-18-23-37-25
1.0,30.988983312240528,121.48116310114301,2019-07-18-23-37-25
1.0,30.9889840431156,121.48141397464371,2019-07-18-23-37-25
1.0,30.988985507040027,121.48191572436103,2019-07-18-23-37-25
1.0,30.98900326459192,121.48793696202573,2019-07-18-23-37-25
1.0,30.989029521115054,121.49671841776669,2019-07-18-23-37-25
1.0,30.98903027290493,121.49696931951738,2019-07-18-23-37-25
1.0,30.989032527791757,121.49772202459371,2019-07-18-23-37-25
1.0,30.98903403051687,121.49822382768008,2019-07-18-23-37-25
1.0,30.989084832313413,121.51553498138115,2019-07-18-23-37-25
2.0,30.989139006101293,121.44380075254143,2019-07-18-23-37-25
1.0,30.98913950154966,121.44405134329666,2019-07-18-23-37-25
1.0,30.989142013057922,121.44530433779273,2019-07-18-23-37-25
1.0,30.989143547098138,121.44605616674411,2019-07-18-23-37-25
1.0,30.989268096655994,121.492954878425,2019-07-18-23-37-25
1.0,30.989273357905773,121.49471118382596,2019-07-18-23-37-25
1.0,30.98928162838303,121.49747110190937,2019-07-18-23-37-25
1.0,30.989283882643313,121.49822380665027,2019-07-18-23-37-25
1.0,30.989290636620453,121.50048191411611,2019-07-18-23-37-25
1.0,30.989388858252642,121.44380073107439,2019-07-18-23-37-25
1.0,30.989390351473737,121.4445525115151,2019-07-18-23-37-25
1.0,30.989396527387683,121.4475598746195,2019-07-18-23-37-25
1.0,30.98946149109061,121.47363734863343,2019-07-18-23-37-25
1.0,30.989517948791292,121.492954857347,2019-07-18-23-37-25
1.0,30.989518700091697,121.49320575757262,2019-07-18-23-37-25
1.0,30.989519451516045,121.4934566580062,2019-07-18-23-37-25
1.0,30.989523210040474,121.49471116276396,2019-07-18-23-37-25
1.0,30.989524713861307,121.495212965593,2019-07-18-23-37-25
1.0,30.989532232052046,121.49772198252475,2019-07-18-23-37-25
1.0,30.9895329834764,121.49797288411239,2019-07-18-23-37-25
1.0,30.989538239246677,121.49972919214554,2019-07-18-23-37-25
1.0,30.98954572810074,121.5022381865647,2019-07-18-23-37-25
1.0,30.989582398524345,121.51478235652847,2019-07-18-23-37-25
1.0,30.989642737816958,121.44580551151668,2019-07-18-23-37-25
1.0,30.98965067237303,121.4495649707476,2019-07-18-23-37-25
1.0,30.989660819548103,121.45407706689714,2019-07-18-23-37-25
1.0,30.989692147040817,121.4666144210178,2019-07-18-23-37-25
1.0,30.989735063457218,121.48191566082924,2019-07-18-23-37-25
1.0,30.989745384057574,121.48542800100529,2019-07-18-23-37-25
1.0,30.989770806826478,121.4939584383677,2019-07-18-23-37-25
1.0,30.989773062182284,121.49471114170176,2019-07-18-23-37-25
1.0,30.989775317949167,121.49546384608999,2019-07-18-23-37-25
1.0,30.989780581024622,121.49722015813143,2019-07-18-23-37-25
1.0,30.989781332657657,121.49747105983545,2019-07-18-23-37-25
1.0,30.9897828356171,121.49797286307991,2019-07-18-23-37-25
1.0,30.989788091386778,121.49972917112905,2019-07-18-23-37-25
1.0,30.989907216320127,121.45257292642206,2019-07-18-23-37-25
1.0,30.9899095119973,121.45357566302864,2019-07-18-23-37-25
1.0,30.98995284671702,121.4706273416601,2019-07-18-23-37-25
1.0,30.989998205401722,121.48643153167527,2019-07-18-23-37-25
1.0,30.99000416571658,121.48843866384009,2019-07-18-23-37-25
1.0,30.990016150906786,121.49245301541457,2019-07-18-23-37-25
1.0,30.990019907342777,121.49370751648975,2019-07-18-23-37-25
1.0,30.990022914331266,121.49471112063937,2019-07-18-23-37-25
1.0,30.990027425923255,121.49621653007476,2019-07-18-23-37-25
1.0,30.990031936340788,121.49772194045501,2019-07-18-23-37-25
1.0,30.990034190228478,121.49847464497724,2019-07-18-23-37-25
1.0,30.990037943534052,121.49972915011236,2019-07-18-23-37-25
1.0,30.990041691461666,121.50098365060775,2019-07-18-23-37-25
1.0,30.990043936960703,121.50173634789303,2019-07-18-23-37-25
1.0,30.990143471565634,121.44630669590654,2019-07-18-23-37-25
1.0,30.99025476471876,121.48868953662648,2019-07-18-23-37-25
1.0,30.99026750524009,121.49295479411188,2019-07-18-23-37-25
1.0,30.990269759499327,121.49370749541804,2019-07-18-23-37-25
1.0,30.990272014639306,121.49446019832354,2019-07-18-23-37-25
2.0,30.990273518381326,121.49496200094717,2019-07-18-23-37-25
1.0,30.990274270307797,121.49521290241954,2019-07-18-23-37-25
1.0,30.99027502225385,121.49546380397874,2019-07-18-23-37-25
1.0,30.990275774206424,121.49571470560963,2019-07-18-23-37-25
1.0,30.990278781820976,121.49671831254712,2019-07-18-23-37-25
1.0,30.990284042383408,121.49847462394892,2019-07-18-23-37-25
1.0,30.990288545756272,121.49998002962845,2019-07-18-23-37-25
1.0,30.990289295595854,121.50023092996068,2019-07-18-23-37-25
1.0,30.99029004519429,121.50048183007713,2019-07-18-23-37-25
1.0,30.99029229241277,121.50123452898079,2019-07-18-23-37-25
1.0,30.99041271885826,121.45507979553409,2019-07-18-23-37-25
1.0,30.990513603219185,121.49170027550862,2019-07-18-23-37-25
1.0,30.990515855228026,121.4924529732481,2019-07-18-23-37-25
1.0,30.990516606241098,121.4927038730215,2019-07-18-23-37-25
1.0,30.99052637831554,121.4959655862457,2019-07-18-23-37-25
1.0,30.990537647850335,121.49972910807841,2019-07-18-23-37-25
1.0,30.99054214457404,121.5012345079774,2019-07-18-23-37-25
1.0,30.990604093967733,121.52280925376208,2019-07-18-23-37-25
1.0,30.990775478540066,121.49571466350217,2019-07-18-23-37-25
1.0,30.99078674973678,121.49947818633802,2019-07-18-23-37-25
1.0,30.990788250087004,121.49997998759866,2019-07-18-23-37-25
1.0,30.99079124794579,121.50098358759075,2019-07-18-23-37-25
1.0,30.99085326871183,121.52255841091583,2019-07-18-23-37-25
1.0,30.99093546476976,121.46435722581923,2019-07-18-23-37-25
1.0,30.991037352195978,121.49972906604368,2019-07-18-23-37-25
1.0,30.99103810226344,121.4999799665835,2019-07-18-23-37-25
1.0,30.99115935179437,121.45382624607218,2019-07-18-23-37-25
1.0,30.991268416664273,121.49345651048681,2019-07-18-23-37-25
1.0,30.991283451076505,121.4984745398338,2019-07-18-23-37-25
2.0,30.991287204379944,121.49972904502603,2019-07-18-23-37-25
1.0,30.99128795444732,121.49997994556811,2019-07-18-23-37-25
1.0,30.991290952305423,121.50098354557845,2019-07-18-23-37-25
1.0,30.991513011951216,121.49170019114602,2019-07-18-23-37-25
1.0,30.991513762435734,121.49195109012308,2019-07-18-23-37-25
1.0,30.99153180080593,121.4979727158471,2019-07-18-23-37-25
1.0,30.99153330326841,121.49847451880453,2019-07-18-23-37-25
1.0,30.99153405428115,121.4987254201258,2019-07-18-23-37-25
1.0,30.991537056571424,121.49972902400818,2019-07-18-23-37-25
1.0,30.99153930607588,121.50048172502407,2019-07-18-23-37-25
1.0,30.99154155329308,121.50123442396193,2019-07-18-23-37-25
1.0,30.991543049993975,121.50173622189833,2019-07-18-23-37-25
1.0,30.991546039463437,121.50273981397578,2019-07-18-23-37-25
1.0,30.991547532024764,121.50324160787628,2019-07-18-23-37-25
1.0,30.991549022999212,121.50374340019114,2019-07-18-23-37-25
1.0,30.991581215808345,121.51478218946878,2019-07-18-23-37-25
2.0,30.99164258475314,121.44630656718691,2019-07-18-23-37-25
1.0,30.99177037594306,121.49420917079557,2019-07-18-23-37-25
1.0,30.99178240430522,121.4982235963415,2019-07-18-23-37-25
1.0,30.991783155467886,121.49847449777506,2019-07-18-23-37-25
1.0,30.99178390648054,121.49872539909862,2019-07-18-23-37-25
1.0,30.991784657330147,121.498976300297,2019-07-18-23-37-25
1.0,30.991789907618447,121.50073260391211,2019-07-18-23-37-25
1.0,30.99179065669509,121.50098350356538,2019-07-18-23-37-25
1.0,30.991791405491607,121.50123440295758,2019-07-18-23-37-25
1.0,30.991792153995014,121.50148530207365,2019-07-18-23-37-25
1.0,30.991794397616843,121.5022379976145,2019-07-18-23-37-25
1.0,30.991795891661457,121.5027397929851,2019-07-18-23-37-25
1.0,30.99179812991457,121.50349248325556,2019-07-18-23-37-25
1.0,30.99182604561183,121.5130261043967,2019-07-18-23-37-25
1.0,30.992011966080156,121.49144925028067,2019-07-18-23-37-25
1.0,30.992024739504572,121.4957145582301,2019-07-18-23-37-25
1.0,30.992033007674973,121.4984744767454,2019-07-18-23-37-25
1.0,30.99203375868754,121.49872537807124,2019-07-18-23-37-25
1.0,30.992062057767964,121.5082593980639,2019-07-18-23-37-25
1.0,30.99206352721898,121.50876116796728,2019-07-18-23-37-25
1.0,30.992066457878828,121.50976469897529,2019-07-18-23-37-25
1.0,30.992078055862088,121.51377868855343,2019-07-18-23-37-25
1.0,30.992117746929637,121.52832680824324,2019-07-18-23-37-25
1.0,30.99221980591047,121.477148984925,2019-07-18-23-37-25
1.0,30.992264820586517,121.49245282565938,2019-07-18-23-37-25
1.0,30.99226932865083,121.49395822766654,2019-07-18-23-37-25
1.0,30.99228436175166,121.49897625824664,2019-07-18-23-37-25
1.0,30.99231850047456,121.51051731814916,2019-07-18-23-37-25
1.0,30.992333621113666,121.5157855688434,2019-07-18-23-37-25
1.0,30.992335039354483,121.51628728314799,2019-07-18-23-37-25
1.0,30.99233645339282,121.51678899283021,2019-07-18-23-37-25
1.0,30.992338566359297,121.51754154844116,2019-07-18-23-37-25
1.0,30.992367599134415,121.52832678747247,2019-07-18-23-37-25
1.0,30.99238320456196,121.44179584645302,2019-07-18-23-37-25
1.0,30.992383681384915,121.44204641510478,2019-07-18-23-37-25
1.0,30.99246894157232,121.47689810786616,2019-07-18-23-37-25
1.0,30.99255437779845,121.50575046734353,2019-07-18-23-37-25
1.0,30.992569809136764,121.51101905319464,2019-07-18-23-37-25
1.0,30.992596767244937,121.52055163601538,2019-07-18-23-37-25
1.0,30.99276452504341,121.49245278348944,2019-07-18-23-37-25
1.0,30.992766027218025,121.49295458331551,2019-07-18-23-37-25
1.0,30.992768281474696,121.49370728469015,2019-07-18-23-37-25
1.0,30.992785567361413,121.49947801817467,2019-07-18-23-37-25
1.0,30.992835451345588,121.51653809683637,2019-07-18-23-37-25
1.0,30.992846619467784,121.52055161518072,2019-07-18-23-37-25
1.0,30.992873034973073,121.53058373577073,2019-07-18-23-37-25
1.0,30.99288338589026,121.44204637214507,2019-07-18-23-37-25
1.0,30.992883865066666,121.44229694359463,2019-07-18-23-37-25
1.0,30.99288434658948,121.44254751783082,2019-07-18-23-37-25
1.0,30.99289184595178,121.44630645991506,2019-07-18-23-37-25
1.0,30.99289929729899,121.44981534328011,2019-07-18-23-37-25
1.0,30.992900396045354,121.4503166531217,2019-07-18-23-37-25
1.0,30.992936250165084,121.46510940197788,2019-07-18-23-37-25
1.0,30.99303541959921,121.49947799715338,2019-07-18-23-37-25
1.0,30.993048881160057,121.50399416983763,2019-07-18-23-37-25
1.0,30.993055563754567,121.50625220803347,2019-07-18-23-37-25
1.0,30.993073140630276,121.51227338608184,2019-07-18-23-37-25
1.0,30.993097846150462,121.52105326026297,2019-07-18-23-37-25
1.0,30.993134198853827,121.44254749635351,2019-07-18-23-37-25
1.0,30.993136148263062,121.44354982100126,2019-07-18-23-37-25
1.0,30.993137634596984,121.44430159332902,2019-07-18-23-37-25
1.0,30.99313863693389,121.44480278848427,2019-07-18-23-37-25
1.0,30.993152470813783,121.45131928117733,2019-07-18-23-37-25
1.0,30.99315701388864,121.45332469701603,2019-07-18-23-37-25
1.0,30.993207171135694,121.47288451947033,2019-07-18-23-37-25
1.0,30.99320997733009,121.47388786940218,2019-07-18-23-37-25
1.0,30.993213509706734,121.47514208684966,2019-07-18-23-37-25
1.0,30.99328226882671,121.49847437159423,2019-07-18-23-37-25
1.0,30.99328301983885,121.4987252729315,2019-07-18-23-37-25
1.0,30.993287522031977,121.50023067779783,2019-07-18-23-37-25
1.0,30.993348383706174,121.52130407027306,2019-07-18-23-37-25
1.0,30.94990288418094,121.53234263057617,2019-07-18-23-37-25
1.0,30.950147742430744,121.53033651300444,2019-07-18-23-37-25
1.0,30.950224703539213,121.57418336048148,2019-07-18-23-37-25
1.0,30.95022512933236,121.57468395186552,2019-07-18-23-37-25
1.0,30.95044232257779,121.5506416458558,2019-07-18-23-37-25
1.0,30.950610491617937,121.51654162095976,2019-07-18-23-37-25
1.0,30.95072396992685,121.57368271538446,2019-07-18-23-37-25
1.0,30.950841637016698,121.51001902991428,2019-07-18-23-37-25
1.0,30.950863864961615,121.51779585764041,2019-07-18-23-37-25
1.0,30.950936781166117,121.5478850527023,2019-07-18-23-37-25
1.0,30.95096500973153,121.5654209041296,2019-07-18-23-37-25
1.0,30.951114417670503,121.51804668465876,2019-07-18-23-37-25
1.0,30.95121486141845,121.56542088361655,2019-07-18-23-37-25
1.0,30.951347159775583,121.51202600199065,2019-07-18-23-37-25
1.0,30.951363568363192,121.51779581598787,2019-07-18-23-37-25
1.0,30.993353144218155,121.52305984533564,2019-07-18-23-37-25
1.0,30.99336700803142,121.52832670438745,2019-07-18-23-37-25
1.0,30.99338405112613,121.44254747487601,2019-07-18-23-37-25
1.0,30.993385509699788,121.44329921422862,2019-07-18-23-37-25
1.0,30.99338698912707,121.44405097835484,2019-07-18-23-37-25
1.0,30.993387986897456,121.4445521680864,2019-07-18-23-37-25
1.0,30.993404011571588,121.4520712726209,2019-07-18-23-37-25
1.0,30.99343529729823,121.46485857524674,2019-07-18-23-37-25
1.0,30.99354634982408,121.50324143998175,2019-07-18-23-37-25
1.0,30.99354709551544,121.50349233636307,2019-07-18-23-37-25
1.0,30.993571396783206,121.51177159705254,2019-07-18-23-37-25
1.0,30.993580033576475,121.51478202239682,2019-07-18-23-37-25
1.0,30.993632942707677,121.44204630770399,2019-07-18-23-37-25
1.0,30.99363438726819,121.44279803041702,2019-07-18-23-37-25
1.0,30.993637339148552,121.44430155039427,2019-07-18-23-37-25
1.0,30.993637839177172,121.44455214662042,2019-07-18-23-37-25
1.0,30.993641920810692,121.44655701319408,2019-07-18-23-37-25
1.0,30.9936858069608,121.46510933801189,2019-07-18-23-37-25
1.0,30.993729773882656,121.48091182600122,2019-07-18-23-37-25
1.0,30.993799182340116,121.50424500199999,2019-07-18-23-37-25
1.0,30.993799926315425,121.50449589664804,2019-07-18-23-37-25
1.0,30.99381688452521,121.51026631337706,2019-07-18-23-37-25
1.0,30.951440327302503,121.54988980874695,2019-07-18-23-37-25
1.0,30.951464713103853,121.56542086310333,2019-07-18-23-37-25
1.0,30.95335673444886,121.51578882302834,2019-07-18-23-37-25
1.0,30.953426115657003,121.54337344526468,2019-07-18-23-37-25
1.0,30.953657339738893,121.53510049445448,2019-07-18-23-37-25
1.0,30.954119583673464,121.52055484227546,2019-07-18-23-37-25
1.0,30.954122327524,121.52155816712802,2019-07-18-23-37-25
1.0,30.954351862159655,121.51428357211421,2019-07-18-23-37-25
1.0,30.954615133914096,121.51904977193337,2019-07-18-23-37-25
1.0,30.954864985598277,121.519049751115,2019-07-18-23-37-25
1.0,30.955467780556486,121.57017774159071,2019-07-18-23-37-25
1.0,30.955591735194236,121.51102214681636,2019-07-18-23-37-25
1.0,30.955592462247225,121.5112730231961,2019-07-18-23-37-25
1.0,30.95561384425187,121.51879884587015,2019-07-18-23-37-25
1.0,30.955840859034012,121.51077124869093,2019-07-18-23-37-25
1.0,30.956340562401795,121.5107712069084,2019-07-18-23-37-25
1.0,30.95634129024632,121.51102208414953,2019-07-18-23-37-25
1.0,30.95685890012463,121.51729365826878,2019-07-18-23-37-25
1.0,30.957465800726432,121.56942651464313,2019-07-18-23-37-25
1.0,30.957851929695327,121.51503586880636,2019-07-18-23-37-25
1.0,30.95810249407007,121.5152867087156,2019-07-18-23-37-25
1.0,30.958103916439313,121.51578842693426,2019-07-18-23-37-25
1.0,30.993831312186256,121.51528372474903,2019-07-18-23-37-25
1.0,30.993885214268047,121.4432991712817,2019-07-18-23-37-25
1.0,30.993887191436414,121.4443015289266,2019-07-18-23-37-25
1.0,30.993890739231812,121.44605575909323,2019-07-18-23-37-25
1.0,30.99395602923642,121.47263362165798,2019-07-18-23-37-25
1.0,30.994048290184676,121.50399408591453,2019-07-18-23-37-25
1.0,30.994049034608235,121.50424498102119,2019-07-18-23-37-25
1.0,30.994049778583463,121.50449587567151,2019-07-18-23-37-25
1.0,30.994053491284163,121.50575034155518,2019-07-18-23-37-25
1.0,30.994071101306282,121.51177155522983,2019-07-18-23-37-25
1.0,30.994080451768998,121.51503284279013,2019-07-18-23-37-25
1.0,30.994084005035376,121.51628713704805,2019-07-18-23-37-25
1.0,30.99410472090055,121.5238122353336,2019-07-18-23-37-25
1.0,30.99412229618974,121.5305836320003,2019-07-18-23-37-25
1.0,30.99413360799136,121.44254741044232,2019-07-18-23-37-25
1.0,30.99413506656434,121.44329914980793,2019-07-18-23-37-25
1.0,30.99413555739939,121.44354973511325,2019-07-18-23-37-25
1.0,30.99413605054409,121.44380032316265,2019-07-18-23-37-25
1.0,30.994143719657423,121.44755946714216,2019-07-18-23-37-25
1.0,30.994190823825146,121.46711563214048,2019-07-18-23-37-25
1.0,30.994206580234632,121.47288443443527,2019-07-18-23-37-25
1.0,30.99423533955393,121.48291878967595,2019-07-18-23-37-25
1.0,30.9942809267292,121.4982233860134,2019-07-18-23-37-25
1.0,30.95834877250693,121.51403237332474,2019-07-18-23-37-25
1.0,30.958350204712808,121.51453410232253,2019-07-18-23-37-25
1.0,30.95839907233265,121.53284343110631,2019-07-18-23-37-25
1.0,30.958400296057665,121.53334492775546,2019-07-18-23-37-25
1.0,30.958464389406373,121.56867534141915,2019-07-18-23-37-25
1.0,30.958588498922992,121.51052014077626,2019-07-18-23-37-25
1.0,30.958598624188394,121.51403235246033,2019-07-18-23-37-25
1.0,30.958709781612132,121.564919444372,2019-07-18-23-37-25
1.0,30.958850622736456,121.51478492352834,2019-07-18-23-37-25
1.0,30.95909038580707,121.51127273076717,2019-07-18-23-37-25
1.0,30.959218019203465,121.57268077227577,2019-07-18-23-37-25
1.0,30.959340963737503,121.51152358542164,2019-07-18-23-37-25
1.0,30.959343860434355,121.51252707861356,2019-07-18-23-37-25
1.0,30.959348179233942,121.51403228986594,2019-07-18-23-37-25
1.0,30.95934889581308,121.51428315489457,2019-07-18-23-37-25
1.0,30.959350326099877,121.51478488181166,2019-07-18-23-37-25
1.0,30.95945704690529,121.56316640310025,2019-07-18-23-37-25
1.0,30.959594434155946,121.5127779287174,2019-07-18-23-37-25
1.0,30.959597313396532,121.51378140294227,2019-07-18-23-37-25
1.0,30.959600177782043,121.51478486095304,2019-07-18-23-37-25
1.0,30.959600891465104,121.51503572281527,2019-07-18-23-37-25
1.0,30.959725741492726,121.58494247426412,2019-07-18-23-37-25
1.0,30.959838485962273,121.51077091440932,2019-07-18-23-37-25
1.0,30.959840667104405,121.51152354364706,2019-07-18-23-37-25
1.0,30.99428242890281,121.49872518881621,2019-07-18-23-37-25
1.0,30.99429888688448,121.5042449600422,2019-07-18-23-37-25
1.0,30.994367702181883,121.52882818750278,2019-07-18-23-37-25
1.0,30.9943829787737,121.44229681471923,2019-07-18-23-37-25
1.0,30.994393571960604,121.447559445694,2019-07-18-23-37-25
1.0,30.99439841099229,121.44981521468085,2019-07-18-23-37-25
1.0,30.994435363829158,121.46510927404411,2019-07-18-23-37-25
1.0,30.99454650460531,121.50349225242026,2019-07-18-23-37-25
1.0,30.994551712250388,121.50524851479499,2019-07-18-23-37-25
1.0,30.99457585987617,121.51352761224095,2019-07-18-23-37-25
1.0,30.99463575516098,121.44380028022039,2019-07-18-23-37-25
1.0,30.994641850269886,121.44680754766352,2019-07-18-23-37-25
1.0,30.994737253185292,121.48367138858394,2019-07-18-23-37-25
1.0,30.9947806313104,121.49822334394545,2019-07-18-23-37-25
1.0,30.99478138247204,121.49847424540643,2019-07-18-23-37-25
1.0,30.994799335436554,121.50449581274077,2019-07-18-23-37-25
1.0,30.994800078950313,121.50474670692662,2019-07-18-23-37-25
1.0,30.994800821989987,121.50499760062623,2019-07-18-23-37-25
1.0,30.99480156454272,121.50524849382467,2019-07-18-23-37-25
1.0,30.994827864677287,121.51428019043287,2019-07-18-23-37-25
1.0,30.99482858029141,121.51453105473004,2019-07-18-23-37-25
1.0,30.994864181946618,121.52757421700677,2019-07-18-23-37-25
1.0,30.99488316493024,121.44254734600682,2019-07-18-23-37-25
1.0,30.994884623502543,121.44329908538546,2019-07-18-23-37-25
1.0,30.99488560748184,121.44380025874895,2019-07-18-23-37-25
1.0,30.95984788259916,121.5140322481354,2019-07-18-23-37-25
1.0,30.95984931480403,121.51453397715942,2019-07-18-23-37-25
1.0,30.959850743147566,121.51503570195862,2019-07-18-23-37-25
1.0,30.96008979254132,121.51127264720915,2019-07-18-23-37-25
1.0,30.960090518788476,121.51152352275948,2019-07-18-23-37-25
1.0,30.96009196881989,121.51202527119422,2019-07-18-23-37-25
1.0,30.96009773428239,121.51403222726982,2019-07-18-23-37-25
1.0,30.960098450861274,121.51428309230502,2019-07-18-23-37-25
1.0,30.960099166487087,121.51453395629822,2019-07-18-23-37-25
1.0,30.960104148153885,121.51628997388238,2019-07-18-23-37-25
1.0,30.9602270128485,121.59469629774125,2019-07-18-23-37-25
1.0,30.960226936240442,121.59569642376525,2019-07-18-23-37-25
1.0,30.96033891717459,121.51102174989731,2019-07-18-23-37-25
1.0,30.960341095903306,121.51177437654043,2019-07-18-23-37-25
1.0,30.960341820504283,121.51202525031087,2019-07-18-23-37-25
1.0,30.960343267168547,121.51252699509897,2019-07-18-23-37-25
1.0,30.960351159206837,121.51528652102891,2019-07-18-23-37-25
1.0,30.960472840074416,121.57993854963468,2019-07-18-23-37-25
1.0,30.960592395948368,121.51227610228719,2019-07-18-23-37-25
1.0,30.960596001682923,121.51353045239019,2019-07-18-23-37-25
1.0,30.960598154229093,121.51428305057769,2019-07-18-23-37-25
1.0,30.960838620545744,121.51102170811234,2019-07-18-23-37-25
1.0,30.960844413736147,121.51302869437093,2019-07-18-23-37-25
1.0,30.960848005913874,121.51428302971375,2019-07-18-23-37-25
1.0,30.96085228494253,121.51578819758508,2019-07-18-23-37-25
1.0,30.99494646492672,121.46937282722565,2019-07-18-23-37-25
1.0,30.995019958903406,121.49471069935082,2019-07-18-23-37-25
1.0,30.995030483613412,121.49822332291119,2019-07-18-23-37-25
3.0,30.995049187737433,121.50449579176347,2019-07-18-23-37-25
1.0,30.995049931251106,121.50474668595159,2019-07-18-23-37-25
1.0,30.995050674290695,121.50499757965345,2019-07-18-23-37-25
1.0,30.995052158896204,121.50549936553878,2019-07-18-23-37-25
1.0,30.995099397776816,121.5220564083926,2019-07-18-23-37-25
1.0,30.99513350112112,121.44279790155527,2019-07-18-23-37-25
1.0,30.995184263382914,121.46485842597335,2019-07-18-23-37-25
1.0,30.995196317247828,121.46937280593662,2019-07-18-23-37-25
1.0,30.99530052659976,121.5049975586805,2019-07-18-23-37-25
1.0,30.995351962411537,121.52305967881574,2019-07-18-23-37-25
1.0,30.995383353459047,121.4427978800776,2019-07-18-23-37-25
1.0,30.995384328169685,121.44329904243614,2019-07-18-23-37-25
1.0,30.99538831909394,121.44530380128073,2019-07-18-23-37-25
1.0,30.995482397933774,121.48216604993888,2019-07-18-23-37-25
1.0,30.995597738244797,121.52155471223455,2019-07-18-23-37-25
1.0,30.99563418051592,121.44329902096119,2019-07-18-23-37-25
1.0,30.995652682363513,121.45207107985064,2019-07-18-23-37-25
1.0,30.995732250267473,121.48216602875895,2019-07-18-23-37-25
1.0,30.99588403287068,121.44329899948603,2019-07-18-23-37-25
1.0,30.995983570713747,121.4826677626618,2019-07-18-23-37-25
1.0,30.996032145930133,121.49897594284425,2019-07-18-23-37-25
1.0,30.996048597025048,121.50449570785236,2019-07-18-23-37-25
1.0,30.960963181479368,121.5689255032268,2019-07-18-23-37-25
1.0,30.96108774438936,121.51077080993626,2019-07-18-23-37-25
1.0,30.96109642350144,121.51378127773403,2019-07-18-23-37-25
1.0,30.961339050970576,121.51127254275731,2019-07-18-23-37-25
1.0,30.961344117108585,121.51302865262053,2019-07-18-23-37-25
1.0,30.961344837376217,121.51327952169169,2019-07-18-23-37-25
1.0,30.96134913957092,121.5147847149373,2019-07-18-23-37-25
1.0,30.961363902940988,121.52005256790213,2019-07-18-23-37-25
1.0,30.961584528726753,121.50976725073798,2019-07-18-23-37-25
1.0,30.9615982765977,121.51453383112707,2019-07-18-23-37-25
1.0,30.961847412660138,121.51428294625605,2019-07-18-23-37-25
1.0,30.96209726434877,121.51428292539113,2019-07-18-23-37-25
1.0,30.96219160616629,121.55414854121273,2019-07-18-23-37-25
1.0,30.962452846305393,121.56141302804795,2019-07-18-23-37-25
1.0,30.96259911169556,121.515035472523,2019-07-18-23-37-25
1.0,30.962843227246147,121.51302852736474,2019-07-18-23-37-25
1.0,30.96284466687661,121.51353026454862,2019-07-18-23-37-25
1.0,30.962855340522765,121.51729315817477,2019-07-18-23-37-25
1.0,30.962898235432316,121.53359530032016,2019-07-18-23-37-25
1.0,30.962913963357835,121.54036461312707,2019-07-18-23-37-25
1.0,30.962950741280107,121.56016066196975,2019-07-18-23-37-25
1.0,30.963088012805407,121.51127239651669,2019-07-18-23-37-25
1.0,30.96309379920632,121.51327937557464,2019-07-18-23-37-25
1.0,30.963106597577745,121.51779483693322,2019-07-18-23-37-25
1.0,30.996201916981132,121.47163010830558,2019-07-18-23-37-25
1.0,30.996231954960496,121.48216598639853,2019-07-18-23-37-25
1.0,30.996234158121275,121.4829186202923,2019-07-18-23-37-25
1.0,30.996239321092958,121.48467479412997,2019-07-18-23-37-25
1.0,30.99634797796041,121.52180547773861,2019-07-18-23-37-25
1.0,30.996382762895955,121.44279779416499,2019-07-18-23-37-25
1.0,30.99638324908872,121.44304837396939,2019-07-18-23-37-25
1.0,30.99647523651863,121.4799081118759,2019-07-18-23-37-25
1.0,30.99649065385238,121.48517654361964,2019-07-18-23-37-25
1.0,30.99663213141593,121.44254719565035,2019-07-18-23-37-25
1.0,30.99672873187495,121.48116244435721,2019-07-18-23-37-25
1.0,30.996729462747396,121.48141331792652,2019-07-18-23-37-25
1.0,30.996741988773234,121.48567829587377,2019-07-18-23-37-25
1.0,30.996742730825463,121.48592918357396,2019-07-18-23-37-25
1.0,30.99674495992949,121.48668185048034,2019-07-18-23-37-25
1.0,30.996745703903752,121.486932740668,2019-07-18-23-37-25
1.0,30.996883933210277,121.44354949890482,2019-07-18-23-37-25
1.0,30.996980046725845,121.48166417122074,2019-07-18-23-37-25
1.0,30.997130875507324,121.44204600695524,2019-07-18-23-37-25
1.0,30.997280656894727,121.49872493645178,2019-07-18-23-37-25
1.0,30.99738120708983,121.4422965569469,2019-07-18-23-37-25
1.0,30.99738168861129,121.44254713120888,2019-07-18-23-37-25
1.0,30.99745817124219,121.47413834902817,2019-07-18-23-37-25
1.0,30.997458876653376,121.47438919125636,2019-07-18-23-37-25
1.0,30.997587567570676,121.51829365505628,2019-07-18-23-37-25
1.0,30.96322526168794,121.59294571190395,2019-07-18-23-37-25
1.0,30.963335680986347,121.5105197437291,2019-07-18-23-37-25
1.0,30.963461698205105,121.56892529814522,2019-07-18-23-37-25
1.0,30.96347503111875,121.59544613091943,2019-07-18-23-37-25
1.0,30.963588442442372,121.51152323031326,2019-07-18-23-37-25
1.0,30.96358916787154,121.51177410501074,2019-07-18-23-37-25
1.0,30.963589892471422,121.51202497880992,2019-07-18-23-37-25
1.0,30.963622787954783,121.52381477256407,2019-07-18-23-37-25
1.0,30.963836840843577,121.51102145738635,2019-07-18-23-37-25
2.0,30.963837567893776,121.51127233383926,2019-07-18-23-37-25
1.0,30.963838294139663,121.5115232094228,2019-07-18-23-37-25
1.0,30.963845509620928,121.51403191426344,2019-07-18-23-37-25
1.0,30.963846941823107,121.51453364335742,2019-07-18-23-37-25
1.0,30.964085964700462,121.51077055918134,2019-07-18-23-37-25
1.0,30.96408669254237,121.51102143649128,2019-07-18-23-37-25
1.0,30.964091764565875,121.51277755291383,2019-07-18-23-37-25
1.0,30.964092485723995,121.51302842297964,2019-07-18-23-37-25
1.0,30.964094643800394,121.51378102729689,2019-07-18-23-37-25
1.0,30.96409536131871,121.51403189339482,2019-07-18-23-37-25
1.0,30.964104598993476,121.51729305397467,2019-07-18-23-37-25
1.0,30.964224606534955,121.59169529308602,2019-07-18-23-37-25
1.0,30.96434161626546,121.51277753203405,2019-07-18-23-37-25
1.0,30.964345213017875,121.51403187252599,2019-07-18-23-37-25
1.0,30.964474476123314,121.59494598606224,2019-07-18-23-37-25
1.0,30.964583479951862,121.51001788045967,2019-07-18-23-37-25
1.0,30.99782823674297,121.51503252952415,2019-07-18-23-37-25
1.0,30.997849809855513,121.52280865007006,2019-07-18-23-37-25
1.0,30.99790711255733,121.45457775245234,2019-07-18-23-37-25
1.0,30.99790769922763,121.45482845187598,2019-07-18-23-37-25
1.0,30.997946745418844,121.47012502050997,2019-07-18-23-37-25
1.0,30.99796070410797,121.47514168326897,2019-07-18-23-37-25
1.0,30.99796354876814,121.47614508032372,2019-07-18-23-37-25
1.0,30.9979700059601,121.4784027932667,2019-07-18-23-37-25
1.0,30.99804667204174,121.50424464533425,2019-07-18-23-37-25
1.0,30.998077375474118,121.51478164644006,2019-07-18-23-37-25
1.0,30.99819728443616,121.47037581859094,2019-07-18-23-37-25
1.0,30.99821268851145,121.47589420796857,2019-07-18-23-37-25
1.0,30.99823004106147,121.48191494067957,2019-07-18-23-37-25
1.0,30.998306893444518,121.50775710168116,2019-07-18-23-37-25
1.0,30.998394416706397,121.44906292569421,2019-07-18-23-37-25
1.0,30.99842973006277,121.46385503055969,2019-07-18-23-37-25
1.0,30.998447136870634,121.4703757973076,2019-07-18-23-37-25
1.0,30.998540410032977,121.50223743067006,2019-07-18-23-37-25
1.0,30.9985925337632,121.52030030083304,2019-07-18-23-37-25
1.0,30.998643729317756,121.44881226064389,2019-07-18-23-37-25
1.0,30.998644269156852,121.44906290425224,2019-07-18-23-37-25
1.0,30.99879474003154,121.50374279164649,2019-07-18-23-37-25
1.0,30.998813201324925,121.51001501474806,2019-07-18-23-37-25
1.0,30.99882764640244,121.51503244597927,2019-07-18-23-37-25
1.0,30.998843763155776,121.5208019488006,2019-07-18-23-37-25
1.0,30.96458784923974,121.51152314675029,2019-07-18-23-37-25
1.0,30.96458857466857,121.51177402145663,2019-07-18-23-37-25
1.0,30.964590023025906,121.51227576815984,2019-07-18-23-37-25
1.0,30.96459290939097,121.51327925032399,2019-07-18-23-37-25
1.0,30.96459362875372,121.51353011843891,2019-07-18-23-37-25
1.0,30.964620174785484,121.52306223771066,2019-07-18-23-37-25
1.0,30.964837700942688,121.51152312585907,2019-07-18-23-37-25
1.0,30.9648398747286,121.51227574727525,2019-07-18-23-37-25
1.0,30.964840597632115,121.5125266192454,2019-07-18-23-37-25
1.0,30.964848489653743,121.51528614560904,2019-07-18-23-37-25
1.0,30.96489336711541,121.53209063239548,2019-07-18-23-37-25
1.0,30.965081720864855,121.50951607668352,2019-07-18-23-37-25
1.0,30.965084642889547,121.51051959743113,2019-07-18-23-37-25
1.0,30.965093332159814,121.51353007669155,2019-07-18-23-37-25
1.0,30.965094050606258,121.51378094381171,2019-07-18-23-37-25
1.0,30.965099053046355,121.51553698447721,2019-07-18-23-37-25
1.0,30.96514383690822,121.53234136706268,2019-07-18-23-37-25
1.0,30.96515925772392,121.53886027554664,2019-07-18-23-37-25
1.0,30.965340301042044,121.51252657748007,2019-07-18-23-37-25
1.0,30.965346052030664,121.51453351816905,2019-07-18-23-37-25
1.0,30.96541952526301,121.54362310962252,2019-07-18-23-37-25
1.0,30.965582155892136,121.5097669162434,2019-07-18-23-37-25
1.0,30.965582886775216,121.51001779684033,2019-07-18-23-37-25
1.0,30.965587256061067,121.51152306318427,2019-07-18-23-37-25
1.0,30.965587981489556,121.51177393789946,2019-07-18-23-37-25
1.0,30.998861819671355,121.52757388452261,2019-07-18-23-37-25
1.0,30.99890247036083,121.45282283611238,2019-07-18-23-37-25
1.0,30.99904533733037,121.50399366625275,2019-07-18-23-37-25
1.0,30.999046825725745,121.50449545610049,2019-07-18-23-37-25
1.0,30.99905497616846,121.50725526336535,2019-07-18-23-37-25
1.0,30.99905645073749,121.50775703882867,2019-07-18-23-37-25
1.0,30.999077498840162,121.51503242509257,2019-07-18-23-37-25
1.0,30.99914024049002,121.44730840997454,2019-07-18-23-37-25
1.0,30.99930482861805,121.50725524240963,2019-07-18-23-37-25
1.0,30.9993287756449,121.51553412535446,2019-07-18-23-37-25
1.0,30.999390092968774,121.44730838852082,2019-07-18-23-37-25
1.0,30.999398780088264,121.45131874554329,2019-07-18-23-37-25
1.0,30.999406813947587,121.4548283234569,2019-07-18-23-37-25
1.0,30.99954578666276,121.50424451943891,2019-07-18-23-37-25
1.0,30.999559097149717,121.50876053977818,2019-07-18-23-37-25
1.0,30.99957791642322,121.51528324444479,2019-07-18-23-37-25
1.0,30.99958917479367,121.51929686340735,2019-07-18-23-37-25
1.0,30.999643139212406,121.4488121748676,2019-07-18-23-37-25
1.0,30.999724045050446,121.48015870507842,2019-07-18-23-37-25
1.0,30.999726230864955,121.48091131739612,2019-07-18-23-37-25
1.0,30.999803795351333,121.50700431179936,2019-07-18-23-37-25
1.0,30.999973170499448,121.4799078150497,2019-07-18-23-37-25
1.0,30.999976083351594,121.4809112962018,2019-07-18-23-37-25
1.0,31.00001851063018,121.49521208100572,2019-07-18-23-37-25
1.0,31.00019064782687,121.46836913728302,2019-07-18-23-37-25
1.0,30.96558942984622,121.51227568462033,2019-07-18-23-37-25
1.0,30.965642922213455,121.53209057023216,2019-07-18-23-37-25
1.0,30.965831275990254,121.5095160139548,2019-07-18-23-37-25
1.0,30.96583565447582,121.51102129022036,2019-07-18-23-37-25
1.0,30.965839281555454,121.51227566373498,2019-07-18-23-37-25
1.0,30.965845039822025,121.5142826123946,2019-07-18-23-37-25
1.0,30.9660862332367,121.51127214579661,2019-07-18-23-37-25
1.0,30.966088409509187,121.512024769941,2019-07-18-23-37-25
1.0,30.966094174955504,121.51403172643893,2019-07-18-23-37-25
1.0,30.96612530667822,121.52531942562032,2019-07-18-23-37-25
1.0,30.966341151076083,121.51302823507439,2019-07-18-23-37-25
1.0,30.966584481774635,121.51077035019782,2019-07-18-23-37-25
1.0,30.966585209615697,121.51102122752994,2019-07-18-23-37-25
1.0,30.966595310582242,121.51453341384014,2019-07-18-23-37-25
1.0,30.966708365614195,121.56767316575224,2019-07-18-23-37-25
1.0,30.966833604871596,121.51051945112374,2019-07-18-23-37-25
1.0,30.966834333491832,121.51077032929841,2019-07-18-23-37-25
1.0,30.966844446674624,121.51428252892157,2019-07-18-23-37-25
1.0,30.96684587695638,121.5147842559697,2019-07-18-23-37-25
1.0,30.967089985068327,121.51277730234365,2019-07-18-23-37-25
1.0,30.967098577408695,121.51578767625092,2019-07-18-23-37-25
1.0,30.967331848784504,121.51001765049911,2019-07-18-23-37-25
1.0,30.96733257892543,121.51026853031507,2019-07-18-23-37-25
1.0,30.967339836788902,121.51277728146155,2019-07-18-23-37-25
1.0,30.967344150112705,121.51428248718392,2019-07-18-23-37-25
1.0,31.000196792026898,121.47062646923348,2019-07-18-23-37-25
1.0,31.00041897388589,121.46009343980867,2019-07-18-23-37-25
1.0,31.00044940837168,121.47162974666607,2019-07-18-23-37-25
2.0,31.00047214926849,121.47965690480834,2019-07-18-23-37-25
1.0,31.00047433036913,121.4804095112904,2019-07-18-23-37-25
1.0,31.000477249354162,121.48141300009269,2019-07-18-23-37-25
1.0,31.00052573377536,121.49772105681176,2019-07-18-23-37-25
1.0,31.00057231722865,121.51352711067008,2019-07-18-23-37-25
1.0,31.000573035663137,121.513777978102,2019-07-18-23-37-25
1.0,31.000575185346612,121.5145305742575,2019-07-18-23-37-25
1.0,31.000578748682944,121.51578487986117,2019-07-18-23-37-25
1.0,31.00061719591451,121.53008155192427,2019-07-18-23-37-25
1.0,31.00066882640801,121.46009341844228,2019-07-18-23-37-25
1.0,31.000689676799315,121.46811828803281,2019-07-18-23-37-25
1.0,31.000721276367624,121.47940601677796,2019-07-18-23-37-25
1.0,31.000723455055116,121.48015862027349,2019-07-18-23-37-25
1.0,31.000724911493222,121.48066036087732,2019-07-18-23-37-25
1.0,31.000773331410116,121.49696833036975,2019-07-18-23-37-25
1.0,31.00079206885788,121.50324083126056,2019-07-18-23-37-25
1.0,31.000973307580264,121.48015859907176,2019-07-18-23-37-25
1.0,31.00102243214378,121.49671740745896,2019-07-18-23-37-25
1.0,31.00102393564356,121.49721921116065,2019-07-18-23-37-25
1.0,31.001074174751913,121.5142796681206,2019-07-18-23-37-25
1.0,31.001084101038035,121.51779166773863,2019-07-18-23-37-25
1.0,30.967347006765223,121.51528593701565,2019-07-18-23-37-25
1.0,30.96741459011607,121.5418683086466,2019-07-18-23-37-25
1.0,30.967582430648964,121.51026850941065,2019-07-18-23-37-25
1.0,30.96759328525853,121.51403160121397,2019-07-18-23-37-25
1.0,30.96782935741267,121.50926496450347,2019-07-18-23-37-25
1.0,30.967830089740307,121.50951584666969,2019-07-18-23-37-25
1.0,30.967830821351594,121.5097667280686,2019-07-18-23-37-25
1.0,30.967831552233914,121.5100176086856,2019-07-18-23-37-25
1.0,30.9678417010204,121.51352984706739,2019-07-18-23-37-25
1.0,30.96784313698297,121.51403158034248,2019-07-18-23-37-25
1.0,30.96807994146849,121.50951582575819,2019-07-18-23-37-25
1.0,30.96808067307969,121.50976670715933,2019-07-18-23-37-25
1.0,30.968084319949487,121.51102110214394,2019-07-18-23-37-25
1.0,30.968086498670345,121.51177372899309,2019-07-18-23-37-25
1.0,30.968088669927734,121.512526347757,2019-07-18-23-37-25
1.0,30.968089391963534,121.51277721881412,2019-07-18-23-37-25
1.0,30.96809155274723,121.51352982619132,2019-07-18-23-37-25
1.0,30.968092271192663,121.51378069333781,2019-07-18-23-37-25
1.0,30.968093705285824,121.514282424576,2019-07-18-23-37-25
1.0,30.96833635040005,121.5117737081014,2019-07-18-23-37-25
1.0,30.968337074998328,121.51202458194258,2019-07-18-23-37-25
1.0,30.968342122921694,121.51378067246374,2019-07-18-23-37-25
1.0,30.96846387590856,121.5741818647688,2019-07-18-23-37-25
1.0,30.96858475046033,121.51127193684212,2019-07-18-23-37-25
1.0,30.968588373388975,121.51252630598668,2019-07-18-23-37-25
1.0,31.00111690092159,121.53008151039711,2019-07-18-23-37-25
1.0,31.001215927430167,121.47764993611575,2019-07-18-23-37-25
1.0,31.00133535440644,121.51829334217182,2019-07-18-23-37-25
1.0,31.00141901080404,121.46034410174207,2019-07-18-23-37-25
1.0,31.00143654398806,121.46711501416364,2019-07-18-23-37-25
1.0,31.00152138536766,121.49646646348405,2019-07-18-23-37-25
1.0,31.001643041267442,121.44931329310094,2019-07-18-23-37-25
1.0,31.001724321651572,121.4806602760869,2019-07-18-23-37-25
1.0,31.001816525849378,121.51177090687955,2019-07-18-23-37-25
1.0,31.001963332591956,121.4768973012294,2019-07-18-23-37-25
1.0,31.00196620444608,121.4779007317885,2019-07-18-23-37-25
1.0,31.002036101338867,121.50148444082238,2019-07-18-23-37-25
1.0,31.00238779879267,121.44705750548165,2019-07-18-23-37-25
1.0,31.002540290599708,121.50298978744395,2019-07-18-23-37-25
1.0,31.002572573474488,121.51402867734035,2019-07-18-23-37-25
1.0,31.00271504285124,121.47764980876877,2019-07-18-23-37-25
1.0,31.00271576220104,121.47790066812065,2019-07-18-23-37-25
1.0,31.002717203599616,121.47840239014968,2019-07-18-23-37-25
1.0,31.002774406713165,121.49772086741518,2019-07-18-23-37-25
1.0,31.00277515813299,121.49797176912399,2019-07-18-23-37-25
1.0,31.00277666058778,121.49847357228717,2019-07-18-23-37-25
1.0,31.002790143186196,121.50298976644704,2019-07-18-23-37-25
1.0,31.00289122242979,121.44881189607266,2019-07-18-23-37-25
1.0,31.002958464010277,121.47539210580827,2019-07-18-23-37-25
1.0,31.002960599027745,121.47614465559741,2019-07-18-23-37-25
1.0,30.968711912656357,121.57217935100515,2019-07-18-23-37-25
1.0,30.96871372762163,121.57418184427269,2019-07-18-23-37-25
1.0,30.968833875146426,121.51102103944835,2019-07-18-23-37-25
1.0,30.96883532843913,121.51152279157347,2019-07-18-23-37-25
1.0,30.96883677846463,121.51202454016304,2019-07-18-23-37-25
1.0,30.96883750222099,121.51227541309578,2019-07-18-23-37-25
1.0,30.968838225123154,121.51252628510125,2019-07-18-23-37-25
1.0,30.96883966831522,121.5130280262726,2019-07-18-23-37-25
1.0,30.968840388580322,121.5132788954097,2019-07-18-23-37-25
1.0,30.969087353957708,121.51227539220794,2019-07-18-23-37-25
1.0,30.969338650634302,121.5127771143979,2019-07-18-23-37-25
1.0,30.969834009158408,121.51127183235768,2019-07-18-23-37-25
1.0,30.969837632084943,121.51252620155753,2019-07-18-23-37-25
1.0,30.96984623577584,121.5155365881711,2019-07-18-23-37-25
1.0,30.96984977875874,121.51679087003322,2019-07-18-23-37-25
1.0,30.9698560874098,121.51904850166409,2019-07-18-23-37-25
1.0,30.970086760930194,121.51227530865464,2019-07-18-23-37-25
1.0,30.970099630504304,121.51679084918392,2019-07-18-23-37-25
1.0,30.970154579255386,121.5381077552373,2019-07-18-23-37-25
1.0,30.970332257768174,121.51077003668655,2019-07-18-23-37-25
1.0,30.970333712655965,121.51127179056256,2019-07-18-23-37-25
1.0,30.970338057616694,121.51277703086149,2019-07-18-23-37-25
1.0,30.97035579090215,121.5190484600039,2019-07-18-23-37-25
1.0,30.970584290652507,121.51152264530809,2019-07-18-23-37-25
1.0,30.97058501607931,121.51177352006755,2019-07-18-23-37-25
1.0,31.003040741867625,121.50324064231407,2019-07-18-23-37-25
1.0,31.00312781503388,121.44229606280308,2019-07-18-23-37-25
1.0,31.003140001813648,121.44831059501035,2019-07-18-23-37-25
1.0,31.00314053735881,121.44856123353806,2019-07-18-23-37-25
1.0,31.003447639240985,121.47162949135691,2019-07-18-23-37-25
1.0,31.003538954538005,121.50273880620502,2019-07-18-23-37-25
1.0,31.003633451306154,121.44530309289443,2019-07-18-23-37-25
1.0,31.003696799082523,121.47137864314378,2019-07-18-23-37-25
1.0,31.00387882454403,121.44304772956654,2019-07-18-23-37-25
1.0,31.003895010947453,121.45081702998517,2019-07-18-23-37-25
1.0,31.003930416647783,121.46535924961117,2019-07-18-23-37-25
1.0,31.004040152355728,121.50324055833283,2019-07-18-23-37-25
1.0,31.004126269650712,121.44179483662215,2019-07-18-23-37-25
1.0,31.00412819102121,121.4427971282341,2019-07-18-23-37-25
1.0,31.00417829716195,121.46460687577799,2019-07-18-23-37-25
1.0,31.004285522998877,121.5017351506626,2019-07-18-23-37-25
1.0,31.004287765611853,121.50248784558117,2019-07-18-23-37-25
1.0,31.00431360019094,121.51126894669353,2019-07-18-23-37-25
1.0,31.00439471628836,121.45081698711526,2019-07-18-23-37-25
1.0,31.004395831680128,121.4513183169467,2019-07-18-23-37-25
1.0,31.00452863199265,121.49947702996491,2019-07-18-23-37-25
1.0,31.00453612353156,121.50198602828776,2019-07-18-23-37-25
1.0,31.004569239135332,121.51327590776147,2019-07-18-23-37-25
1.0,31.00463542988039,121.44655606902917,2019-07-18-23-37-25
1.0,30.97058935078956,121.51327874925244,2019-07-18-23-37-25
1.0,30.970619975686077,121.52431581727477,2019-07-18-23-37-25
1.0,30.970623299639588,121.52556985615819,2019-07-18-23-37-25
1.0,30.970718368504393,121.58294018218515,2019-07-18-23-37-25
1.0,30.970834142408197,121.51152262441227,2019-07-18-23-37-25
1.0,30.970834867834913,121.51177349917394,2019-07-18-23-37-25
1.0,30.970863074067832,121.52180760109236,2019-07-18-23-37-25
1.0,30.97094335428875,121.55840662433769,2019-07-18-23-37-25
1.0,30.970943739444795,121.5586571160647,2019-07-18-23-37-25
1.0,30.97108326792334,121.51127172786845,2019-07-18-23-37-25
1.0,30.97118754504887,121.5548994142034,2019-07-18-23-37-25
1.0,30.971192427975517,121.55790561152129,2019-07-18-23-37-25
1.0,30.971207373734295,121.5691750260567,2019-07-18-23-37-25
1.0,30.971457495379102,121.56942536619046,2019-07-18-23-37-25
1.0,30.971457762521716,121.56967572369905,2019-07-18-23-37-25
1.0,30.971582244402033,121.51102080954973,2019-07-18-23-37-25
1.0,30.972092763537752,121.51478381777784,2019-07-18-23-37-25
1.0,30.972334703028302,121.51202424768482,2019-07-18-23-37-25
1.0,30.972336871718827,121.51277686377942,2019-07-18-23-37-25
1.0,30.97258600146128,121.51252597179652,2019-07-18-23-37-25
1.0,30.972705936177853,121.56867417225963,2019-07-18-23-37-25
1.0,30.97283657527559,121.512776822007,2019-07-18-23-37-25
1.0,30.97290747551313,121.54011310040036,2019-07-18-23-37-25
1.0,30.97332829086365,121.51001714868634,2019-07-18-23-37-25
1.0,30.973455213317475,121.56842374065454,2019-07-18-23-37-25
1.0,31.004746204188873,121.48868831149339,2019-07-18-23-37-25
1.0,31.00478821777829,121.50273870120331,2019-07-18-23-37-25
1.0,31.00480158496397,121.5072547813352,2019-07-18-23-37-25
1.0,31.004864056207964,121.52983042586133,2019-07-18-23-37-25
1.0,31.004885802836768,121.44680666791677,2019-07-18-23-37-25
1.0,31.004929827353,121.46535916429599,2019-07-18-23-37-25
1.0,31.004995310034335,121.48843739632504,2019-07-18-23-37-25
1.0,31.005037323618946,121.50248778257216,2019-07-18-23-37-25
1.0,31.005138823184605,121.44831042340029,2019-07-18-23-37-25
1.0,31.00514878497638,121.45282230061835,2019-07-18-23-37-25
1.0,31.00528941569979,121.50324045335195,2019-07-18-23-37-25
1.0,31.005386030731092,121.44705724797412,2019-07-18-23-37-25
1.0,31.005386555397898,121.44730787357202,2019-07-18-23-37-25
1.0,31.00539693096459,121.45207024432703,2019-07-18-23-37-25
1.0,31.00549352288316,121.48793556747313,2019-07-18-23-37-25
1.0,31.005593882495322,121.52230635875912,2019-07-18-23-37-25
1.0,31.00571832878336,121.47940559257435,2019-07-18-23-37-25
1.0,31.0057426299125,121.4876846538196,2019-07-18-23-37-25
1.0,31.005745614989756,121.4886882269773,2019-07-18-23-37-25
1.0,31.0057576042632,121.49270258671054,2019-07-18-23-37-25
1.0,31.00580025754774,121.50700380874113,2019-07-18-23-37-25
1.0,31.005843735200205,121.52230633792922,2019-07-18-23-37-25
1.0,31.00604937148734,121.50675289840316,2019-07-18-23-37-25
1.0,31.006179751353912,121.46560984544071,2019-07-18-23-37-25
1.0,31.00624233537803,121.48768461154226,2019-07-18-23-37-25
1.0,30.97346902168224,121.59619538360462,2019-07-18-23-37-25
1.0,30.973581058634934,121.51102064233618,2019-07-18-23-37-25
1.0,30.97358323735022,121.51177326933158,2019-07-18-23-37-25
1.0,30.97358468570148,121.51227501619393,2019-07-18-23-37-25
1.0,30.973585408602037,121.51252588824131,2019-07-18-23-37-25
1.0,30.973654216697838,121.5388595726044,2019-07-18-23-37-25
1.0,30.973833089144314,121.51177324843567,2019-07-18-23-37-25
1.0,30.973905763101495,121.53961163832827,2019-07-18-23-37-25
1.0,30.974080034388674,121.51076972313211,2019-07-18-23-37-25
1.0,30.9740807622272,121.51102060053086,2019-07-18-23-37-25
1.0,30.97408148927393,121.51127147707471,2019-07-18-23-37-25
1.0,30.974082940941976,121.51177322753958,2019-07-18-23-37-25
1.0,30.97415949697215,121.54136640456304,2019-07-18-23-37-25
1.0,30.97416166912688,121.54236908773869,2019-07-18-23-37-25
1.0,30.974218654630597,121.59144439757293,2019-07-18-23-37-25
1.0,30.974218730260095,121.59269475027227,2019-07-18-23-37-25
1.0,30.974218511536158,121.59669535430615,2019-07-18-23-37-25
1.0,30.974330614028748,121.51102057962791,2019-07-18-23-37-25
1.0,30.97445517399872,121.5689243955643,2019-07-18-23-37-25
1.0,30.97457900937801,121.51051880307803,2019-07-18-23-37-25
1.0,30.97482813180291,121.51026790309868,2019-07-18-23-37-25
1.0,30.974831044689427,121.51127141437196,2019-07-18-23-37-25
1.0,30.974831770931598,121.51152229005302,2019-07-18-23-37-25
1.0,30.97507652259777,121.50976612162182,2019-07-18-23-37-25
1.0,30.975080896502114,121.51127139347066,2019-07-18-23-37-25
1.0,31.006245320454603,121.4886881847181,2019-07-18-23-37-25
1.0,31.00628882656658,121.50324036936377,2019-07-18-23-37-25
1.0,31.006386493240413,121.44755841594827,2019-07-18-23-37-25
1.0,31.00643026597168,121.46586061369067,2019-07-18-23-37-25
1.0,31.006593972137363,121.5225570990996,2019-07-18-23-37-25
1.0,31.006680118738988,121.46586059236418,2019-07-18-23-37-25
1.0,31.006774303407667,121.4984732356532,2019-07-18-23-37-25
1.0,31.007225467741826,121.48216505427122,2019-07-18-23-37-25
1.0,31.007298635255207,121.50675279357316,2019-07-18-23-37-25
1.0,31.007523861742868,121.4984731725288,2019-07-18-23-37-25
1.0,31.007561685547433,121.51126867466712,2019-07-18-23-37-25
1.0,31.007804967576305,121.50901073258521,2019-07-18-23-37-25
1.0,31.008012291550536,121.49470960363745,2019-07-18-23-37-25
1.0,31.008057748182647,121.51001424017822,2019-07-18-23-37-25
1.0,31.008301734349565,121.50800715033098,2019-07-18-23-37-25
1.0,31.008337474842367,121.5205503230584,2019-07-18-23-37-25
1.0,31.008358802148205,121.52857624186339,2019-07-18-23-37-25
1.0,31.00850148151476,121.49119695915338,2019-07-18-23-37-25
1.0,31.008833027487153,121.51904524987333,2019-07-18-23-37-25
1.0,31.00922136262176,121.4811613846293,2019-07-18-23-37-25
1.0,31.009269826188657,121.4974694183485,2019-07-18-23-37-25
1.0,31.00946975600904,121.48065961885487,2019-07-18-23-37-25
1.0,31.009709483884674,121.47714749896103,2019-07-18-23-37-25
1.0,31.009764269253886,121.49571306284373,2019-07-18-23-37-25
1.0,31.009808906261934,121.51076673174404,2019-07-18-23-37-25
1.0,30.975338690003134,121.51403095410855,2019-07-18-23-37-25
1.0,30.975454027604016,121.5684235765017,2019-07-18-23-37-25
1.0,30.975644290440826,121.53509867301642,2019-07-18-23-37-25
1.0,30.975703879406833,121.56842355598175,2019-07-18-23-37-25
1.0,30.975716251061492,121.58494116402379,2019-07-18-23-37-25
1.0,30.97583117820534,121.51152220645554,2019-07-18-23-37-25
1.0,30.975926731632644,121.55038896285049,2019-07-18-23-37-25
1.0,30.97614399407803,121.53509863160306,2019-07-18-23-37-25
1.0,30.976186659599165,121.55615163541894,2019-07-18-23-37-25
1.0,30.976436919629467,121.55640213279564,2019-07-18-23-37-25
1.0,30.976438527022072,121.55740417568245,2019-07-18-23-37-25
1.0,30.97646017562095,121.57543266369635,2019-07-18-23-37-25
1.0,30.97646701436337,121.59769519741788,2019-07-18-23-37-25
1.0,30.97668798082553,121.55715364874189,2019-07-18-23-37-25
1.0,30.97683131096812,121.5117729976698,2019-07-18-23-37-25
1.0,30.97693783265187,121.55715362817229,2019-07-18-23-37-25
1.0,30.976952857576382,121.56817308018678,2019-07-18-23-37-25
1.0,30.977187283907313,121.55690309832289,2019-07-18-23-37-25
1.0,30.97718768448245,121.55715360760249,2019-07-18-23-37-25
1.0,30.977211254583334,121.57743476381673,2019-07-18-23-37-25
1.0,30.977211779477663,121.57818552156424,2019-07-18-23-37-25
1.0,30.977436326944286,121.5564020505016,2019-07-18-23-37-25
1.0,30.977466417413172,121.58919329783016,2019-07-18-23-37-25
1.0,30.97757723135065,121.5105185521721,2019-07-18-23-37-25
1.0,30.977685770572105,121.5561515119702,2019-07-18-23-37-25
1.0,31.010057301183537,121.51026495286621,2019-07-18-23-37-25
1.0,31.01030202807912,121.50850875431081,2019-07-18-23-37-25
1.0,31.01034513791067,121.5238108823719,2019-07-18-23-37-25
1.0,31.010443517186268,121.47162889552541,2019-07-18-23-37-25
1.0,31.01069267734042,121.4713780472482,2019-07-18-23-37-25
1.0,31.01079213096605,121.50524715132387,2019-07-18-23-37-25
1.0,31.01105744227207,121.5105157485105,2019-07-18-23-37-25
1.0,31.01134855129226,121.52531566222926,2019-07-18-23-37-25
1.0,31.01154094730082,121.50499619502456,2019-07-18-23-37-25
1.0,31.01158001556002,121.51854333257718,2019-07-18-23-37-25
1.0,31.01161008219636,121.52982986504055,2019-07-18-23-37-25
1.0,31.011807001184547,121.51051568570246,2019-07-18-23-37-25
1.0,31.012012945822423,121.4957128732179,2019-07-18-23-37-25
1.0,31.012294953818678,121.50650148416837,2019-07-18-23-37-25
1.0,31.01233990947268,121.52230579628458,2019-07-18-23-37-25
1.0,31.01275273385315,121.49245109605415,2019-07-18-23-37-25
1.0,31.012753484858617,121.49270199603066,2019-07-18-23-37-25
1.0,31.01312289444447,121.44279635465465,2019-07-18-23-37-25
1.0,31.013520332169776,121.49847266747095,2019-07-18-23-37-25
1.0,31.013779183692204,121.50148345313468,2019-07-18-23-37-25
1.0,31.01403053284965,121.50198522986466,2019-07-18-23-37-25
1.0,31.014094940238255,121.52456300889196,2019-07-18-23-37-25
1.0,31.01414291903362,121.45257084853922,2019-07-18-23-37-25
1.0,31.014322070398666,121.51628544578043,2019-07-18-23-37-25
1.0,30.977687388156582,121.55715356646235,2019-07-18-23-37-25
1.0,30.977710777651293,121.57718446383258,2019-07-18-23-37-25
1.0,30.97771635772991,121.58969348475803,2019-07-18-23-37-25
1.0,30.977716397797202,121.58994358370398,2019-07-18-23-37-25
1.0,30.977832889621318,121.51252553309745,2019-07-18-23-37-25
1.0,30.97795364193715,121.56942483278111,2019-07-18-23-37-25
1.0,30.977964620831077,121.58419048196198,2019-07-18-23-37-25
1.0,30.97807401306486,121.5095149891407,2019-07-18-23-37-25
1.0,30.978120172946465,121.52607083696165,2019-07-18-23-37-25
1.0,30.978120830340977,121.52632163653708,2019-07-18-23-37-25
1.0,30.978174930785304,121.55013819231112,2019-07-18-23-37-25
1.0,30.978185474264468,121.55615147081912,2019-07-18-23-37-25
1.0,30.978204545768303,121.57042622352266,2019-07-18-23-37-25
1.0,30.978205305695507,121.57117724888644,2019-07-18-23-37-25
1.0,30.97821066192734,121.57743468183929,2019-07-18-23-37-25
1.0,30.978214368175642,121.58394028915325,2019-07-18-23-37-25
1.0,30.97821447267206,121.58419046148063,2019-07-18-23-37-25
1.0,30.9783333153826,121.51277636245968,2019-07-18-23-37-25
1.0,30.97835657614436,121.52105448894417,2019-07-18-23-37-25
1.0,30.978393851186542,121.53559990481898,2019-07-18-23-37-25
1.0,30.978394443612114,121.5358506314098,2019-07-18-23-37-25
1.0,30.978434915371732,121.55590092940334,2019-07-18-23-37-25
1.0,30.978435326117413,121.55615145024329,2019-07-18-23-37-25
1.0,30.97845361277189,121.56967514927722,2019-07-18-23-37-25
1.0,30.978462012383748,121.57968684798023,2019-07-18-23-37-25
1.0,31.014328399017995,121.51854310303844,2019-07-18-23-37-25
1.0,31.014564073878216,121.5135259399082,2019-07-18-23-37-25
1.0,31.014571923516034,121.51628542489273,2019-07-18-23-37-25
1.0,31.014607046678726,121.5293280638785,2019-07-18-23-37-25
1.0,31.014800116949658,121.5087592619263,2019-07-18-23-37-25
1.0,31.014821776646137,121.51628540400483,2019-07-18-23-37-25
1.0,31.01482248418913,121.51653625962575,2019-07-18-23-37-25
1.0,31.015014190369328,121.49671622820229,2019-07-18-23-37-25
1.0,31.015018699717796,121.49822163954283,2019-07-18-23-37-25
1.0,31.015049970095088,121.50875924097194,2019-07-18-23-37-25
1.0,31.015256524646095,121.49420718950718,2019-07-18-23-37-25
1.0,31.015500367255104,121.49219996418636,2019-07-18-23-37-25
1.0,31.01551540019685,121.49721799004183,2019-07-18-23-37-25
1.0,31.015534876767653,121.50374138507786,2019-07-18-23-37-25
1.0,31.015607096109733,121.52957875762569,2019-07-18-23-37-25
1.0,31.015765253384927,121.49721796898234,2019-07-18-23-37-25
1.0,31.016298501631745,121.50850825138238,2019-07-18-23-37-25
1.0,31.01630216664311,121.5097626680736,2019-07-18-23-37-25
1.0,31.016369541082632,121.44204435213878,2019-07-18-23-37-25
1.0,31.016437227523856,121.47062508544033,2019-07-18-23-37-25
1.0,31.01655275073196,121.5100135281792,2019-07-18-23-37-25
1.0,31.016605872046654,121.52932789763312,2019-07-18-23-37-25
1.0,31.01684926812744,121.52682000864853,2019-07-18-23-37-25
1.0,31.017097811161225,121.52631839316139,2019-07-18-23-37-25
1.0,30.97864488599456,121.53610133514978,2019-07-18-23-37-25
1.0,30.978655731076213,121.54086467664582,2019-07-18-23-37-25
1.0,30.97868517797494,121.55615142966728,2019-07-18-23-37-25
1.0,30.978714278049015,121.58444058963937,2019-07-18-23-37-25
1.0,30.978913094792706,121.54437394496038,2019-07-18-23-37-25
1.0,30.97893624684551,121.55690295432025,2019-07-18-23-37-25
1.0,30.97918447095851,121.55590086767086,2019-07-18-23-37-25
1.0,30.979184881703972,121.55615138851469,2019-07-18-23-37-25
1.0,30.979397944149554,121.53760557397602,2019-07-18-23-37-25
1.0,30.97943051304474,121.55364603106707,2019-07-18-23-37-25
1.0,30.979446183474618,121.5639160558118,2019-07-18-23-37-25
1.0,30.979452753074575,121.5694247096687,2019-07-18-23-37-25
1.0,30.979659482730373,121.54286996046096,2019-07-18-23-37-25
1.0,30.979695037947334,121.56316473966815,2019-07-18-23-37-25
1.0,30.97971481403483,121.58794253944441,2019-07-18-23-37-25
1.0,30.979822243913738,121.50926396042762,2019-07-18-23-37-25
1.0,30.979908799063054,121.54261927743828,2019-07-18-23-37-25
1.0,30.979913022569143,121.54462450744755,2019-07-18-23-37-25
1.0,30.979916097341643,121.54612832483392,2019-07-18-23-37-25
1.0,30.9799262066169,121.55139094632564,2019-07-18-23-37-25
1.0,30.97992666194573,121.55164151778914,2019-07-18-23-37-25
1.0,30.979928458966757,121.55264377607465,2019-07-18-23-37-25
1.0,30.979943868372814,121.56241339616216,2019-07-18-23-37-25
1.0,30.979945557440224,121.56366558590936,2019-07-18-23-37-25
1.0,31.017119100898014,121.44204428764148,2019-07-18-23-37-25
1.0,31.017119580067156,121.44229485922934,2019-07-18-23-37-25
1.0,31.01712006158269,121.44254543360452,2019-07-18-23-37-25
1.0,31.017123997296686,121.44455012792862,2019-07-18-23-37-25
1.0,31.017368954196453,121.44204426614198,2019-07-18-23-37-25
1.0,31.017869140002535,121.44229479473452,2019-07-18-23-37-25
1.0,31.017871570897274,121.44354769433639,2019-07-18-23-37-25
1.0,31.017873557230025,121.4445500634733,2019-07-18-23-37-25
1.0,30.979964887505595,121.58894298460775,2019-07-18-23-37-25
1.0,30.97996516889547,121.59619485134192,2019-07-18-23-37-25
2.0,30.98016844935737,121.54738141492527,2019-07-18-23-37-25
1.0,30.98016894250655,121.54763202927887,2019-07-18-23-37-25
1.0,30.98017089193244,121.54863446043056,2019-07-18-23-37-25
1.0,30.980178310853987,121.55264375547874,2019-07-18-23-37-25
1.0,30.980179632927577,121.55339542003752,2019-07-18-23-37-25
1.0,30.980180068690842,121.55364596929645,2019-07-18-23-37-25
1.0,30.980194741710864,121.56316469858022,2019-07-18-23-37-25
1.0,30.980197661321906,121.56541850283507,2019-07-18-23-37-25
1.0,30.980354704627285,121.52080349023309,2019-07-18-23-37-25
1.0,30.98041427382086,121.5453763862792,2019-07-18-23-37-25
1.0,30.980417308054015,121.54688015777002,2019-07-18-23-37-25
1.0,30.980424064988764,121.55038859191895,2019-07-18-23-37-25
1.0,30.98042681863162,121.55189204530305,2019-07-18-23-37-25
1.0,30.98042860589493,121.55289429252659,2019-07-18-23-37-25
1.0,30.98043962293385,121.55965827234722,2019-07-18-23-37-25
1.0,30.980439995093207,121.5599087493515,2019-07-18-23-37-25
1.0,30.980444593600065,121.56316467803597,2019-07-18-23-37-25
1.0,30.980446883264623,121.56491765835834,2019-07-18-23-37-25
1.0,30.98046417411591,121.58719209534434,2019-07-18-23-37-25
1.0,30.980464840031733,121.59044354686998,2019-07-18-23-37-25
1.0,30.980675762294684,121.55139088451622,2019-07-18-23-37-25
1.0,30.980692024886963,121.56141152823439,2019-07-18-23-37-25
1.0,30.980693767191035,121.56266377854173,2019-07-18-23-37-25
1.0,30.98070227962762,121.5696749646105,2019-07-18-23-37-25
1.0,30.980710523977866,121.57943643343873,2019-07-18-23-37-25
1.0,30.980714802204997,121.59144386526538,2019-07-18-23-37-25
1.0,30.980714822853,121.59169394209856,2019-07-18-23-37-25
1.0,30.980851649526215,121.51980010606913,2019-07-18-23-37-25
1.0,30.98092235962726,121.549636787312,2019-07-18-23-37-25
1.0,30.980944297393627,121.56316463694691,2019-07-18-23-37-25
1.0,30.980952395904186,121.56992529848979,2019-07-18-23-37-25
1.0,30.981096626903962,121.51804418438822,2019-07-18-23-37-25
1.0,30.98110836057367,121.52230839916419,2019-07-18-23-37-25
1.0,30.981146328550015,121.53735471780125,2019-07-18-23-37-25
1.0,30.981184510696004,121.55665225696234,2019-07-18-23-37-25
1.0,30.981192433570616,121.56191239630584,2019-07-18-23-37-25
1.0,30.981193470995105,121.56266373744798,2019-07-18-23-37-25
1.0,30.98119481691099,121.56366548319782,2019-07-18-23-37-25
1.0,30.981212796813782,121.58444038481574,2019-07-18-23-37-25
1.0,30.981214482579638,121.59119374432885,2019-07-18-23-37-25
1.0,30.981214544504887,121.59494461465412,2019-07-18-23-37-25
1.0,30.981343668149403,121.51704076374514,2019-07-18-23-37-25
1.0,30.98143189059921,121.55514910269142,2019-07-18-23-37-25
1.0,30.981434765732573,121.55690274858625,2019-07-18-23-37-25
1.0,30.98143827840577,121.55915722719648,2019-07-18-23-37-25
1.0,30.98144122419715,121.5611610074787,2019-07-18-23-37-25
1.0,30.98144660719502,121.56516798972174,2019-07-18-23-37-25
1.0,30.981464396428237,121.5919439543562,2019-07-18-23-37-25
1.0,30.98158998236841,121.51578646629518,2019-07-18-23-37-25
1.0,30.981667065345743,121.54713067418932,2019-07-18-23-37-25
1.0,30.98167697668642,121.55239307146881,2019-07-18-23-37-25
1.0,30.98168216082927,121.5553996115607,2019-07-18-23-37-25
1.0,30.981682989898502,121.55590066188374,2019-07-18-23-37-25
1.0,30.981684617649268,121.55690272801182,2019-07-18-23-37-25
1.0,30.98168888246139,121.55965816954425,2019-07-18-23-37-25
1.0,30.981692137395914,121.56191235520474,2019-07-18-23-37-25
1.0,30.981692831670333,121.56241325232702,2019-07-18-23-37-25
1.0,30.981695177625053,121.56416629671526,2019-07-18-23-37-25
1.0,30.981695502038857,121.56441671943159,2019-07-18-23-37-25
1.0,30.981933252565472,121.55615116216204,2019-07-18-23-37-25
1.0,30.981933660775887,121.55640168014132,2019-07-18-23-37-25
1.0,30.981936834555498,121.55840571956004,2019-07-18-23-37-25
1.0,30.98208612287622,121.51453211976398,2019-07-18-23-37-25
1.0,30.9821098005432,121.5230607817826,2019-07-18-23-37-25
1.0,30.982181864679532,121.5553995703958,2019-07-18-23-37-25
1.0,30.98218310449307,121.5561511415834,2019-07-18-23-37-25
1.0,30.98218391837382,121.55665217465915,2019-07-18-23-37-25
1.0,30.9821851200894,121.55740370256723,2019-07-18-23-37-25
1.0,30.982187454199494,121.55890667961415,2019-07-18-23-37-25
1.0,30.982188211541512,121.55940764844368,2019-07-18-23-37-25
1.0,30.98219042091759,121.5609104837157,2019-07-18-23-37-25
1.0,30.982192189707277,121.56216276417612,2019-07-18-23-37-25
1.0,30.98219321915152,121.56291409625697,2019-07-18-23-37-25
1.0,30.98219389211306,121.56341496914533,2019-07-18-23-37-25
1.0,30.982198003991645,121.5666703444596,2019-07-18-23-37-25
1.0,30.982214000210014,121.59319421424014,2019-07-18-23-37-25
1.0,30.982335974822355,121.51453209888577,2019-07-18-23-37-25
1.0,30.982419559158913,121.54863427485033,2019-07-18-23-37-25
1.0,30.982428300141365,121.55339523470322,2019-07-18-23-37-25
1.0,30.98243129830013,121.55514902035637,2019-07-18-23-37-25
1.0,30.98243213240853,121.5556500764112,2019-07-18-23-37-25
1.0,30.982434574005097,121.5571531755935,2019-07-18-23-37-25
1.0,30.982463687886163,121.59619464659197,2019-07-18-23-37-25
1.0,30.982676830009286,121.55264354950938,2019-07-18-23-37-25
1.0,30.982684823960213,121.55740366142209,2019-07-18-23-37-25
1.0,30.982685219414982,121.55765416491339,2019-07-18-23-37-25
1.0,30.982685612302213,121.55790466548719,2019-07-18-23-37-25
1.0,30.98268753803974,121.55915712437786,2019-07-18-23-37-25
1.0,30.982694909750897,121.56441663727003,2019-07-18-23-37-25
1.0,30.9827052119283,121.57393039562648,2019-07-18-23-37-25
1.0,30.982925337841994,121.55189183928972,2019-07-18-23-37-25
1.0,30.982926681954353,121.5526435289114,2019-07-18-23-37-25
1.0,30.98293142049576,121.55539950864707,2019-07-18-23-37-25
1.0,30.98293224956427,121.55590055898315,2019-07-18-23-37-25
1.0,30.982933474188965,121.5566521129298,2019-07-18-23-37-25
1.0,30.982935071358597,121.55765414434178,2019-07-18-23-37-25
2.0,30.982936627448716,121.5586561290749,2019-07-18-23-37-25
1.0,30.982937010012705,121.55890661791825,2019-07-18-23-37-25
1.0,30.98293814212179,121.5596580667366,2019-07-18-23-37-25
1.0,30.983084815075813,121.51428117205559,2019-07-18-23-37-25
1.0,30.98316765641408,121.54788239351659,2019-07-18-23-37-25
1.0,30.983184129836427,121.55715311387118,2019-07-18-23-37-25
1.0,30.983185706509087,121.5581551219988,2019-07-18-23-37-25
1.0,30.983186479397638,121.55865610850802,2019-07-18-23-37-25
1.0,30.983187619303006,121.5594075661917,2019-07-18-23-37-25
1.0,30.983189102700013,121.56040946830674,2019-07-18-23-37-25
1.0,30.98343112440113,121.5553994674803,2019-07-18-23-37-25
1.0,30.983432772423566,121.55640155667437,2019-07-18-23-37-25
1.0,30.983434379808113,121.55740359970297,2019-07-18-23-37-25
1.0,30.983438218183224,121.55990850263065,2019-07-18-23-37-25
1.0,30.98345790449777,121.57793475981056,2019-07-18-23-37-25
1.0,30.983463193958478,121.59169371685508,2019-07-18-23-37-25
1.0,30.983640741374522,121.53559946997436,2019-07-18-23-37-25
1.0,30.983657113516305,121.54286962995363,2019-07-18-23-37-25
1.0,30.983676680971133,121.55289402477834,2019-07-18-23-37-25
1.0,30.983685020110183,121.55790458320459,2019-07-18-23-37-25
1.0,30.983686565876276,121.55890655622068,2019-07-18-23-37-25
1.0,30.983712104704143,121.58669155803271,2019-07-18-23-37-25
1.0,30.983712249073804,121.58719182909952,2019-07-18-23-37-25
1.0,30.983871983168566,121.52807670785515,2019-07-18-23-37-25
1.0,30.983875191917917,121.52933061836862,2019-07-18-23-37-25
1.0,30.983917212304444,121.54788233163778,2019-07-18-23-37-25
1.0,30.983933685718622,121.55715305214716,2019-07-18-23-37-25
1.0,30.983936035278543,121.55865604680625,2019-07-18-23-37-25
1.0,30.983936797812188,121.55915702155457,2019-07-18-23-37-25
1.0,30.98393717518327,121.55940750450074,2019-07-18-23-37-25
1.0,30.98396282762275,121.59094343593804,2019-07-18-23-37-25
1.0,30.983962897867844,121.5916936758993,2019-07-18-23-37-25
1.0,30.98417459765349,121.551891736276,2019-07-18-23-37-25
1.0,30.984187401922068,121.55965796392427,2019-07-18-23-37-25
1.0,30.98418777408036,121.55990844094622,2019-07-18-23-37-25
1.0,30.98420124760239,121.57067607607345,2019-07-18-23-37-25
1.0,30.9842126506309,121.5906933291623,2019-07-18-23-37-25
1.0,30.984373617242895,121.52882901808819,2019-07-18-23-37-25
1.0,30.984435739228157,121.5586560056708,2019-07-18-23-37-25
1.0,30.984438726830476,121.56065983360331,2019-07-18-23-37-25
1.0,30.98446231616548,121.5894428297515,2019-07-18-23-37-25
1.0,30.984462359014262,121.58969293187243,2019-07-18-23-37-25
1.0,30.984668708355045,121.54888469046125,2019-07-18-23-37-25
1.0,30.98467154798353,121.55038824153873,2019-07-18-23-37-25
1.0,30.98468784758546,121.56015887387531,2019-07-18-23-37-25
1.0,30.98470783601494,121.57893563564105,2019-07-18-23-37-25
1.0,30.984711274987262,121.58594104554146,2019-07-18-23-37-25
1.0,30.9847120228763,121.58869248386605,2019-07-18-23-37-25
1.0,30.984832344895207,121.51377929435156,2019-07-18-23-37-25
1.0,30.984934670313947,121.55815497800828,2019-07-18-23-37-25
1.0,30.984937330030384,121.5599083792601,2019-07-18-23-37-25
1.0,30.9849376995747,121.56015885331426,2019-07-18-23-37-25
1.0,30.984938066500405,121.56040932439141,2019-07-18-23-37-25
1.0,30.98508577493069,121.5150335944526,2019-07-18-23-37-25
1.0,30.98515887063367,121.5441227811795,2019-07-18-23-37-25
1.0,30.985167930820737,121.54863404800935,2019-07-18-23-37-25
1.0,30.985185295197216,121.55865594396622,2019-07-18-23-37-25
1.0,30.985185677760565,121.55890643282045,2019-07-18-23-37-25
1.0,30.985186057730147,121.55915691872659,2019-07-18-23-37-25
1.0,30.985415833405906,121.54763159610702,2019-07-18-23-37-25
1.0,30.985418743529703,121.54913522714762,2019-07-18-23-37-25
1.0,30.985421103977938,121.55038817970129,2019-07-18-23-37-25
1.0,30.985421568928977,121.55063876211499,2019-07-18-23-37-25
1.0,30.985434762047113,121.5584054316001,2019-07-18-23-37-25
1.0,30.985436287102473,121.55940738111374,2019-07-18-23-37-25
1.0,30.985437770496933,121.56040928327107,2019-07-18-23-37-25
1.0,30.985441632515837,121.56316426711165,2019-07-18-23-37-25
1.0,30.985453800663286,121.57418047060737,2019-07-18-23-37-25
1.0,30.98545672030317,121.57793459582493,2019-07-18-23-37-25
1.0,30.98545689244983,121.5781848452198,2019-07-18-23-37-25
1.0,30.985461807018538,121.58994294890383,2019-07-18-23-37-25
1.0,30.98546202758749,121.59494426655188,2019-07-18-23-37-25
1.0,30.98558619165231,121.51528441370418,2019-07-18-23-37-25
1.0,30.985587614003098,121.51578613240099,2019-07-18-23-37-25
1.0,30.985588323645022,121.51603699006544,2019-07-18-23-37-25
1.0,30.985660135437417,121.54487467518261,2019-07-18-23-37-25
1.0,30.98566519226959,121.54738096109031,2019-07-18-23-37-25
1.0,30.98568762250441,121.5604092627106,2019-07-18-23-37-25
1.0,30.98568798680648,121.56065973080868,2019-07-18-23-37-25
2.0,30.98570674445256,121.57818482472133,2019-07-18-23-37-25
1.0,30.98571192761806,121.59369403415562,2019-07-18-23-37-25
1.0,30.985711487077587,121.5979444390162,2019-07-18-23-37-25
1.0,30.98583888427587,121.51628782572276,2019-07-18-23-37-25
1.0,30.985934466069413,121.55840539045995,2019-07-18-23-37-25
1.0,30.985934851221185,121.55865588225994,2019-07-18-23-37-25
1.0,30.985940658235116,121.56266334701992,2019-07-18-23-37-25
1.0,30.985956424314974,121.57793455482665,2019-07-18-23-37-25
1.0,30.98595659646151,121.57818480422269,2019-07-18-23-37-25
1.0,30.985961511024538,121.58994290794281,2019-07-18-23-37-25
1.0,30.98596177962331,121.59369401367692,2019-07-18-23-37-25
1.0,30.985961768614903,121.59419410778672,2019-07-18-23-37-25
1.0,30.986184318089936,121.5584053698896,2019-07-18-23-37-25
1.0,30.986188411554647,121.56116061692035,2019-07-18-23-37-25
1.0,30.98620627633025,121.57793453432723,2019-07-18-23-37-25
1.0,30.98621090209276,121.58769188258478,2019-07-18-23-37-25
1.0,30.986336459436714,121.51553521099207,2019-07-18-23-37-25
1.0,30.986337170104754,121.51578606979038,2019-07-18-23-37-25
1.0,30.986359304292073,121.52381288030847,2019-07-18-23-37-25
1.0,30.98638672484061,121.53459631429533,2019-07-18-23-37-25
1.0,30.986408653198968,121.54437332553148,2019-07-18-23-37-25
1.0,30.986413755147424,121.5468796625941,2019-07-18-23-37-25
1.0,30.98642143956269,121.55088925936988,2019-07-18-23-37-25
1.0,30.986436811639066,121.56015872994398,2019-07-18-23-37-25
1.0,30.98646032099532,121.58619104886907,2019-07-18-23-37-25
1.0,30.986460986878367,121.58869234049588,2019-07-18-23-37-25
1.0,30.986461483693162,121.59319386611888,2019-07-18-23-37-25
1.0,30.986607136407457,121.52306040725016,2019-07-18-23-37-25
1.0,30.986609826855517,121.52406367381343,2019-07-18-23-37-25
1.0,30.986610495961198,121.5243144865439,2019-07-18-23-37-25
1.0,30.98661182988595,121.52481610722066,2019-07-18-23-37-25
1.0,30.986661084312654,121.54562650525027,2019-07-18-23-37-25
1.0,30.986709226522592,121.58368941711593,2019-07-18-23-37-25
1.0,30.98671089011334,121.58894243165992,2019-07-18-23-37-25
1.0,30.986836163536474,121.51553516924635,2019-07-18-23-37-25
1.0,30.986900292949784,121.54061331290285,2019-07-18-23-37-25
1.0,30.9869134592271,121.54687962132454,2019-07-18-23-37-25
1.0,30.986940406834684,121.56291370583529,2019-07-18-23-37-25
1.0,30.986954929454118,121.576683177741,2019-07-18-23-37-25
1.0,30.986955115673943,121.57693344316786,2019-07-18-23-37-25
1.0,30.986959078555593,121.58368939662728,2019-07-18-23-37-25
1.0,30.986960254223042,121.58694142888218,2019-07-18-23-37-25
1.0,30.98715014500126,121.54061329222691,2019-07-18-23-37-25
1.0,30.987186367756657,121.5601586682563,2019-07-18-23-37-25
1.0,30.987190258879586,121.56291368528491,2019-07-18-23-37-25
1.0,30.98720995628721,121.58644113093673,2019-07-18-23-37-25
2.0,30.98733728797126,121.51603684398653,2019-07-18-23-37-25
1.0,30.987460891829393,121.59319378420017,2019-07-18-23-37-25
1.0,30.98783557181439,121.51553508575263,2019-07-18-23-37-25
2.0,30.9881239484943,121.52983181692896,2019-07-18-23-37-25
1.0,30.98821044795947,121.5936938293603,2019-07-18-23-37-25
1.0,30.98837316537729,121.52958102137507,2019-07-18-23-37-25
1.0,30.988373800582508,121.52983179617304,2019-07-18-23-37-25
1.0,30.988429404592896,121.5561506270564,2019-07-18-23-37-25
1.0,30.988440854413046,121.56391531623558,2019-07-18-23-37-25
1.0,30.98846030142317,121.59344375714214,2019-07-18-23-37-25
1.0,30.988577246506907,121.51277550578295,2019-07-18-23-37-25
1.0,30.988583703728203,121.51503330216892,2019-07-18-23-37-25
1.0,30.988829259377184,121.51352809280938,2019-07-18-23-37-25
1.0,30.989084832313413,121.51553498138115,2019-07-18-23-37-25
1.0,30.989430828568228,121.55740310588915,2019-07-18-23-37-25
1.0,30.98943122402106,121.55765360941415,2019-07-18-23-37-25
1.0,30.989432007218767,121.55815460770474,2019-07-18-23-37-25
1.0,30.989582398524345,121.51478235652847,2019-07-18-23-37-25
1.0,30.989680680682735,121.55740308531124,2019-07-18-23-37-25
1.0,30.989681076135493,121.55765358883747,2019-07-18-23-37-25
1.0,30.989690766418285,121.56441606205516,2019-07-18-23-37-25
1.0,30.989706621302656,121.58193785250693,2019-07-18-23-37-25
1.0,30.98995550520717,121.58018635590716,2019-07-18-23-37-25
1.0,30.99020919884485,121.59169316388906,2019-07-18-23-37-25
1.0,30.990459068853387,121.59194321709623,2019-07-18-23-37-25
1.0,30.990459083972933,121.59219328764074,2019-07-18-23-37-25
1.0,30.990604093967733,121.52280925376208,2019-07-18-23-37-25
1.0,30.99068681032217,121.56191161525669,2019-07-18-23-37-25
1.0,30.990707071664108,121.58418943717578,2019-07-18-23-37-25
1.0,30.99085326871183,121.52255841091583,2019-07-18-23-37-25
1.0,30.990956819314334,121.58393924433797,2019-07-18-23-37-25
1.0,30.990958788248964,121.592193246675,2019-07-18-23-37-25
1.0,30.991387338432816,121.53610027913024,2019-07-18-23-37-25
1.0,30.991458459554124,121.59169306147304,2019-07-18-23-37-25
1.0,30.991581215808345,121.51478218946878,2019-07-18-23-37-25
1.0,30.991679099845296,121.55715241423343,2019-07-18-23-37-25
1.0,30.99168106424178,121.55840491729442,2019-07-18-23-37-25
1.0,30.991681449391912,121.55865540912241,2019-07-18-23-37-25
1.0,30.991705175897394,121.5814372828617,2019-07-18-23-37-25
1.0,30.99170832959936,121.5919431146799,2019-07-18-23-37-25
1.0,30.99182604561183,121.5130261043967,2019-07-18-23-37-25
1.0,30.991930138376866,121.55790390425862,2019-07-18-23-37-25
1.0,30.991933188391055,121.55990780344159,2019-07-18-23-37-25
1.0,30.992066457878828,121.50976469897529,2019-07-18-23-37-25
1.0,30.992078055862088,121.51377868855343,2019-07-18-23-37-25
1.0,30.992117746929637,121.52832680824324,2019-07-18-23-37-25
1.0,30.992176362634492,121.55564927358937,2019-07-18-23-37-25
1.0,30.99218341012079,121.56015825696204,2019-07-18-23-37-25
1.0,30.99231850047456,121.51051731814916,2019-07-18-23-37-25
1.0,30.992333621113666,121.5157855688434,2019-07-18-23-37-25
1.0,30.992335039354483,121.51628728314799,2019-07-18-23-37-25
1.0,30.99233645339282,121.51678899283021,2019-07-18-23-37-25
1.0,30.992338566359297,121.51754154844116,2019-07-18-23-37-25
1.0,30.992367599134415,121.52832678747247,2019-07-18-23-37-25
1.0,30.992457886137263,121.59194305322787,2019-07-18-23-37-25
1.0,30.992569809136764,121.51101905319464,2019-07-18-23-37-25
1.0,30.992596767244937,121.52055163601538,2019-07-18-23-37-25
1.0,30.992680858158668,121.55865532682748,2019-07-18-23-37-25
1.0,30.992835451345588,121.51653809683637,2019-07-18-23-37-25
1.0,30.992846619467784,121.52055161518072,2019-07-18-23-37-25
1.0,30.992873034973073,121.53058373577073,2019-07-18-23-37-25
1.0,30.992944762558277,121.56942360135403,2019-07-18-23-37-25
1.0,30.993073140630276,121.51227338608184,2019-07-18-23-37-25
1.0,30.993097846150462,121.52105326026297,2019-07-18-23-37-25
1.0,30.99320749212585,121.59344336797481,2019-07-18-23-37-25
1.0,30.993348383706174,121.52130407027306,2019-07-18-23-37-25
1.0,30.993353144218155,121.52305984533564,2019-07-18-23-37-25
1.0,30.99336700803142,121.52832670438745,2019-07-18-23-37-25
1.0,30.993423945446317,121.55464704689425,2019-07-18-23-37-25
1.0,30.99344627888325,121.57117599727808,2019-07-18-23-37-25
1.0,30.993571396783206,121.51177159705254,2019-07-18-23-37-25
1.0,30.993580033576475,121.51478202239682,2019-07-18-23-37-25
1.0,30.993647403739597,121.54111411551351,2019-07-18-23-37-25
1.0,30.99381688452521,121.51026631337706,2019-07-18-23-37-25
1.0,30.993831312186256,121.51528372474903,2019-07-18-23-37-25
1.0,30.993939210526225,121.56516696264927,2019-07-18-23-37-25
1.0,30.993950600239554,121.57643233493322,2019-07-18-23-37-25
1.0,30.994071101306282,121.51177155522983,2019-07-18-23-37-25
1.0,30.994080451768998,121.51503284279013,2019-07-18-23-37-25
1.0,30.994084005035376,121.51628713704805,2019-07-18-23-37-25
1.0,30.99410472090055,121.5238122353336,2019-07-18-23-37-25
1.0,30.99412229618974,121.5305836320003,2019-07-18-23-37-25
2.0,30.994175593694706,121.55589963266651,2019-07-18-23-37-25
1.0,30.994367702181883,121.52882818750278,2019-07-18-23-37-25
1.0,30.99442503268487,121.55564908828221,2019-07-18-23-37-25
1.0,30.994425445954434,121.55589961207737,2019-07-18-23-37-25
1.0,30.994425856695486,121.55615013300006,2019-07-18-23-37-25
1.0,30.994426264902295,121.55640065104359,2019-07-18-23-37-25
1.0,30.99457585987617,121.51352761224095,2019-07-18-23-37-25
1.0,30.994700346031966,121.57668254205453,2019-07-18-23-37-25
1.0,30.994827864677287,121.51428019043287,2019-07-18-23-37-25
1.0,30.99482858029141,121.51453105473004,2019-07-18-23-37-25
1.0,30.994864181946618,121.52757421700677,2019-07-18-23-37-25
1.0,30.99490822831304,121.54662833866311,2019-07-18-23-37-25
1.0,30.995099397776816,121.5220564083926,2019-07-18-23-37-25
1.0,30.99520374222305,121.58268798606224,2019-07-18-23-37-25
1.0,30.995351962411537,121.52305967881574,2019-07-18-23-37-25
1.0,30.99542104533222,121.55364471292702,2019-07-18-23-37-25
1.0,30.995448929620455,121.57543110526831,2019-07-18-23-37-25
1.0,30.9954497138387,121.57643221187594,2019-07-18-23-37-25
1.0,30.995455965365807,121.5964435991849,2019-07-18-23-37-25
1.0,30.995597738244797,121.52155471223455,2019-07-18-23-37-25
1.0,30.995876241712,121.53258957081019,2019-07-18-23-37-25
1.0,30.996185275109816,121.5631633833706,2019-07-18-23-37-25
1.0,30.996185610250432,121.56341381835477,2019-07-18-23-37-25
1.0,30.99618692400592,121.56441552779557,2019-07-18-23-37-25
1.0,30.99634797796041,121.52180547773861,2019-07-18-23-37-25
1.0,30.996438666111995,121.565917979423,2019-07-18-23-37-25
1.0,30.996454636774953,121.58694065034447,2019-07-18-23-37-25
1.0,30.996705113901097,121.58969192814028,2019-07-18-23-37-25
1.0,30.996705389662832,121.59219277551544,2019-07-18-23-37-25
1.0,30.996705402021792,121.59244284292028,2019-07-18-23-37-25
1.0,30.99691972351316,121.5533940399614,2019-07-18-23-37-25
1.0,30.996937751679404,121.56541712658135,2019-07-18-23-37-25
1.0,30.99695500629922,121.58994200661208,2019-07-18-23-37-25
1.0,30.9969552639589,121.5926928866984,2019-07-18-23-37-25
1.0,30.997454749847364,121.59669344980638,2019-07-18-23-37-25
1.0,30.997587567570676,121.51829365505628,2019-07-18-23-37-25
1.0,30.99769113812006,121.56867211963487,2019-07-18-23-37-25
1.0,30.99782823674297,121.51503252952415,2019-07-18-23-37-25
1.0,30.997849809855513,121.52280865007006,2019-07-18-23-37-25
1.0,30.998077375474118,121.51478164644006,2019-07-18-23-37-25
1.0,30.998123678552698,121.53208787484792,2019-07-18-23-37-25
1.0,30.998145293805948,121.54136442022664,2019-07-18-23-37-25
1.0,30.9985925337632,121.52030030083304,2019-07-18-23-37-25
1.0,30.998813201324925,121.51001501474806,2019-07-18-23-37-25
1.0,30.99882764640244,121.51503244597927,2019-07-18-23-37-25
1.0,30.998843763155776,121.5208019488006,2019-07-18-23-37-25
1.0,30.998861819671355,121.52757388452261,2019-07-18-23-37-25
1.0,30.998936570730393,121.56541696219637,2019-07-18-23-37-25
1.0,30.999077498840162,121.51503242509257,2019-07-18-23-37-25
1.0,30.9993287756449,121.51553412535446,2019-07-18-23-37-25
1.0,30.99957791642322,121.51528324444479,2019-07-18-23-37-25
1.0,30.99958917479367,121.51929686340735,2019-07-18-23-37-25
1.0,30.99986952899108,121.5308339219336,2019-07-18-23-37-25
1.0,30.999925019598706,121.5576527450322,2019-07-18-23-37-25
1.0,31.000170802934836,121.55514755840926,2019-07-18-23-37-25
1.0,31.000174476610642,121.557402220869,2019-07-18-23-37-25
1.0,31.000453208532356,121.59319271898539,2019-07-18-23-37-25
1.0,31.00057231722865,121.51352711067008,2019-07-18-23-37-25
1.0,31.000573035663137,121.513777978102,2019-07-18-23-37-25
1.0,31.000575185346612,121.5145305742575,2019-07-18-23-37-25
1.0,31.000578748682944,121.51578487986117,2019-07-18-23-37-25
1.0,31.00061719591451,121.53008155192427,2019-07-18-23-37-25
1.0,31.000688808184513,121.56817112976388,2019-07-18-23-37-25
1.0,31.000698538409537,121.57918456009952,2019-07-18-23-37-25
1.0,31.000938660671885,121.56817110922414,2019-07-18-23-37-25
1.0,31.00093894157058,121.56842148250372,2019-07-18-23-37-25
1.0,31.001074174751913,121.5142796681206,2019-07-18-23-37-25
1.0,31.001084101038035,121.51779166773863,2019-07-18-23-37-25
1.0,31.00111690092159,121.53008151039711,2019-07-18-23-37-25
1.0,31.001188794067534,121.56842146196469,2019-07-18-23-37-25
1.0,31.00133535440644,121.51829334217182,2019-07-18-23-37-25
1.0,31.00143864657419,121.56842144142547,2019-07-18-23-37-25
1.0,31.001689325291995,121.56917252195682,2019-07-18-23-37-25
1.0,31.00170245992394,121.59419281726039,2019-07-18-23-37-25
1.0,31.001816525849378,121.51177090687955,2019-07-18-23-37-25
1.0,31.002572573474488,121.51402867734035,2019-07-18-23-37-25
1.0,31.00270181522629,121.59519288617042,2019-07-18-23-37-25
1.0,31.00270153290186,121.59744304462993,2019-07-18-23-37-25
1.0,31.00294016594857,121.57067453665265,2019-07-18-23-37-25
1.0,31.00316200301586,121.55113845510832,2019-07-18-23-37-25
1.0,31.003885185000524,121.53835566640977,2019-07-18-23-37-25
1.0,31.00392266015461,121.5576524156567,2019-07-18-23-37-25
1.0,31.00413157039639,121.53685138349388,2019-07-18-23-37-25
1.0,31.00431360019094,121.51126894669353,2019-07-18-23-37-25
1.0,31.004420768260253,121.55665034263625,2019-07-18-23-37-25
1.0,31.004569239135332,121.51327590776147,2019-07-18-23-37-25
1.0,31.00463069094726,121.53660062394697,2019-07-18-23-37-25
1.0,31.004648910650594,121.54487310549104,2019-07-18-23-37-25
1.0,31.004698592857224,121.5836879414565,2019-07-18-23-37-25
1.0,31.004864056207964,121.52983042586133,2019-07-18-23-37-25
1.0,31.005129809605062,121.53634986220865,2019-07-18-23-37-25
1.0,31.005593882495322,121.52230635875912,2019-07-18-23-37-25
1.0,31.005653378106196,121.54737931001254,2019-07-18-23-37-25
1.0,31.005700064421298,121.59494260720697,2019-07-18-23-37-25
1.0,31.005843735200205,121.52230633792922,2019-07-18-23-37-25
1.0,31.005949568096472,121.58919096247406,2019-07-18-23-37-25
1.0,31.00644873719899,121.58693983054003,2019-07-18-23-37-25
1.0,31.006593972137363,121.5225570990996,2019-07-18-23-37-25
1.0,31.006638629651878,121.54061167892054,2019-07-18-23-37-25
1.0,31.006693634964282,121.57718208515992,2019-07-18-23-37-25
1.0,31.006873413065446,121.5340931379095,2019-07-18-23-37-25
1.0,31.006948978947673,121.58919088048772,2019-07-18-23-37-25
1.0,31.00715684895297,121.54963462182748,2019-07-18-23-37-25
1.0,31.00719219785431,121.57568042244472,2019-07-18-23-37-25
1.0,31.007441021238147,121.57442896256454,2019-07-18-23-37-25
1.0,31.007561685547433,121.51126867466712,2019-07-18-23-37-25
1.0,31.007624776769326,121.53484528784554,2019-07-18-23-37-25
1.0,31.007680140717465,121.56441458225677,2019-07-18-23-37-25
1.0,31.00769890127807,121.59469240709194,2019-07-18-23-37-25
1.0,31.0078746295579,121.53484526711284,2019-07-18-23-37-25
1.0,31.007943432052777,121.57793275016294,2019-07-18-23-37-25
1.0,31.008057748182647,121.51001424017822,2019-07-18-23-37-25
1.0,31.008124482357697,121.53484524637996,2019-07-18-23-37-25
1.0,31.008191806395516,121.57593061864563,2019-07-18-23-37-25
1.0,31.008337474842367,121.5205503230584,2019-07-18-23-37-25
1.0,31.008358802148205,121.52857624186339,2019-07-18-23-37-25
1.0,31.00863634064958,121.5401101428419,2019-07-18-23-37-25
1.0,31.008676187336146,121.56191013463163,2019-07-18-23-37-25
1.0,31.008689185795618,121.57317734081671,2019-07-18-23-37-25
1.0,31.008833027487153,121.51904524987333,2019-07-18-23-37-25
1.0,31.008887857242787,121.54086217444566,2019-07-18-23-37-25
1.0,31.008925689053466,121.56165966085318,2019-07-18-23-37-25
1.0,31.008947335663088,121.58718975950825,2019-07-18-23-37-25
1.0,31.009195484729336,121.58268683796271,2019-07-18-23-37-25
1.0,31.009808906261934,121.51076673174404,2019-07-18-23-37-25
1.0,31.009928816144168,121.56441439721365,2019-07-18-23-37-25
1.0,31.010057301183537,121.51026495286621,2019-07-18-23-37-25
1.0,31.010153652392923,121.54888258613276,2019-07-18-23-37-25
1.0,31.010194393686955,121.5816859701176,2019-07-18-23-37-25
1.0,31.01034513791067,121.5238108823719,2019-07-18-23-37-25
1.0,31.010371956320704,121.53434358705437,2019-07-18-23-37-25
1.0,31.01044105751101,121.57668124962228,2019-07-18-23-37-25
1.0,31.010623609062808,121.535095772251,2019-07-18-23-37-25
1.0,31.01105744227207,121.5105157485105,2019-07-18-23-37-25
1.0,31.01134855129226,121.52531566222926,2019-07-18-23-37-25
1.0,31.011374950806072,121.53584789695412,2019-07-18-23-37-25
1.0,31.01158001556002,121.51854333257718,2019-07-18-23-37-25
1.0,31.01161008219636,121.52982986504055,2019-07-18-23-37-25
1.0,31.011807001184547,121.51051568570246,2019-07-18-23-37-25
1.0,31.01192176180839,121.56015663161595,2019-07-18-23-37-25
1.0,31.01218864591298,121.57492915791796,2019-07-18-23-37-25
1.0,31.012196017415985,121.58994075644245,2019-07-18-23-37-25
1.0,31.01233990947268,121.52230579628458,2019-07-18-23-37-25
1.0,31.01264264036591,121.54412050841223,2019-07-18-23-37-25
1.0,31.0126447169418,121.5451230844921,2019-07-18-23-37-25
1.0,31.012645230524644,121.54537372221328,2019-07-18-23-37-25
1.0,31.01312033904917,121.53434335892054,2019-07-18-23-37-25
1.0,31.01319543138997,121.5969421701791,2019-07-18-23-37-25
1.0,31.01344524493296,121.59719215804174,2019-07-18-23-37-25
1.0,31.01364205252344,121.5441204257231,2019-07-18-23-37-25
1.0,31.01389346635341,121.54487234090446,2019-07-18-23-37-25
1.0,31.013939549450793,121.57743174918316,2019-07-18-23-37-25
1.0,31.013939727222063,121.57768200506078,2019-07-18-23-37-25
1.0,31.01394464963578,121.5881898534523,2019-07-18-23-37-25
1.0,31.014094940238255,121.52456300889196,2019-07-18-23-37-25
1.0,31.014322070398666,121.51628544578043,2019-07-18-23-37-25
1.0,31.014328399017995,121.51854310303844,2019-07-18-23-37-25
1.0,31.01442518859843,121.56366274935134,2019-07-18-23-37-25
1.0,31.014442961625896,121.58393731732815,2019-07-18-23-37-25
1.0,31.01444306611355,121.58418748971123,2019-07-18-23-37-25
1.0,31.014564073878216,121.5135259399082,2019-07-18-23-37-25
1.0,31.014571923516034,121.51628542489273,2019-07-18-23-37-25
1.0,31.014607046678726,121.5293280638785,2019-07-18-23-37-25
1.0,31.014683248887387,121.57067357141248,2019-07-18-23-37-25
1.0,31.014821776646137,121.51628540400483,2019-07-18-23-37-25
1.0,31.01482248418913,121.51653625962575,2019-07-18-23-37-25
1.0,31.014933102000946,121.57067355087098,2019-07-18-23-37-25
1.0,31.014944648783093,121.59444177339128,2019-07-18-23-37-25
1.0,31.015425904073446,121.56466436461439,2019-07-18-23-37-25
1.0,31.015432552195325,121.57042316471973,2019-07-18-23-37-25
1.0,31.015607096109733,121.52957875762569,2019-07-18-23-37-25
1.0,31.01562007184872,121.53484462430531,2019-07-18-23-37-25
1.0,31.015633335709282,121.54061093392949,2019-07-18-23-37-25
1.0,31.015636619217485,121.5421149890481,2019-07-18-23-37-25
1.0,31.01566652861257,121.55815244638839,2019-07-18-23-37-25
1.0,31.01586629768546,121.5333401602596,2019-07-18-23-37-25
1.0,31.01588593042323,121.5418642984824,2019-07-18-23-37-25
1.0,31.015930664032574,121.56892098711256,2019-07-18-23-37-25
1.0,31.015931738066858,121.56992242403945,2019-07-18-23-37-25
1.0,31.016121566797477,121.53559677621914,2019-07-18-23-37-25
1.0,31.01630216664311,121.5097626680736,2019-07-18-23-37-25
1.0,31.01636600407667,121.5333401187591,2019-07-18-23-37-25
1.0,31.01655275073196,121.5100135281792,2019-07-18-23-37-25
1.0,31.016605872046654,121.52932789763312,2019-07-18-23-37-25
1.0,31.016633851404176,121.54111221237982,2019-07-18-23-37-25
1.0,31.01684926812744,121.52682000864853,2019-07-18-23-37-25
1.0,31.016883704630196,121.54111219168479,2019-07-18-23-37-25
1.0,31.016940928496638,121.58268620215576,2019-07-18-23-37-25
1.0,31.017097811161225,121.52631839316139,2019-07-18-23-37-25
1.0,31.017115563762115,121.53334005650692,2019-07-18-23-37-25
1.0,31.017189872780037,121.5809347726421,2019-07-18-23-37-25
1.0,31.017365417017125,121.5333400357558,2019-07-18-23-37-25
1.0,31.017940460059176,121.5829363085406,2019-07-18-23-37-25
1.0,30.949698295547762,121.63566619145206,2019-07-18-23-37-25
1.0,30.9496952150485,121.63766312424173,2019-07-18-23-37-25
1.0,30.949694430366936,121.63816234110864,2019-07-18-23-37-25
1.0,30.949694035902713,121.63841194716206,2019-07-18-23-37-25
1.0,30.949692844148462,121.6391607559552,2019-07-18-23-37-25
1.0,30.949686706776255,121.64290460019855,2019-07-18-23-37-25
1.0,30.94968374805719,121.64465162199711,2019-07-18-23-37-25
1.0,30.949679427305057,121.64714726302196,2019-07-18-23-37-25
1.0,30.949948525561044,121.63541654675565,2019-07-18-23-37-25
1.0,30.949947386010855,121.6361654141038,2019-07-18-23-37-25
1.0,30.949942295826308,121.63941033524739,2019-07-18-23-37-25
1.0,30.949938636102953,121.6416566671243,2019-07-18-23-37-25
1.0,30.949937393189803,121.64240541872238,2019-07-18-23-37-25
1.0,30.949934874696297,121.64390288550825,2019-07-18-23-37-25
5.0,30.949933599735918,121.64465160141381,2019-07-18-23-37-25
1.0,30.950231593371875,121.60144701543267,2019-07-18-23-37-25
1.0,30.950197619052673,121.63591577281004,2019-07-18-23-37-25
1.0,30.95018430252357,121.64415243815986,2019-07-18-23-37-25
1.0,30.95018387753288,121.64440201012272,2019-07-18-23-37-25
1.0,30.95043457804865,121.64390284434816,2019-07-18-23-37-25
1.0,30.950434154198835,121.64415241757854,2019-07-18-23-37-25
1.0,30.950433729208104,121.64440198954023,2019-07-18-23-37-25
1.0,30.95043287585022,121.6449011297112,2019-07-18-23-37-25
1.0,30.950696173827048,121.63666458892261,2019-07-18-23-37-25
1.0,30.95069578799867,121.63691420465656,2019-07-18-23-37-25
1.0,30.950686531454078,121.64265493812427,2019-07-18-23-37-25
1.0,30.950686113481723,121.64290451789705,2019-07-18-23-37-25
1.0,30.95068569431088,121.64315409633451,2019-07-18-23-37-25
1.0,30.950685273953027,121.64340367344992,2019-07-18-23-37-25
1.0,30.95068442972227,121.64390282376783,2019-07-18-23-37-25
1.0,30.95068272752368,121.64490110912615,2019-07-18-23-37-25
1.0,30.950948684326626,121.63491721111336,2019-07-18-23-37-25
1.0,30.950947553931307,121.63566608873509,2019-07-18-23-37-25
1.0,30.950942898418592,121.63866144886447,2019-07-18-23-37-25
1.0,30.950940089064417,121.64040863733678,2019-07-18-23-37-25
1.0,30.9509392744166,121.64090782064889,2019-07-18-23-37-25
1.0,30.95123153778135,121.5996971724064,2019-07-18-23-37-25
1.0,30.951193933472258,121.63791261015429,2019-07-18-23-37-25
1.0,30.951189534061793,121.64065820915394,2019-07-18-23-37-25
1.0,30.951184133064668,121.64390278260662,2019-07-18-23-37-25
1.0,30.951446113192926,121.63641490988903,2019-07-18-23-37-25
1.0,30.95144572884188,121.63666452727807,2019-07-18-23-37-25
2.0,30.951443785142125,121.63791258960055,2019-07-18-23-37-25
1.0,30.951720315868187,121.6171884361629,2019-07-18-23-37-25
1.0,30.951696347724393,121.6361652702827,2019-07-18-23-37-25
1.0,30.951695964861578,121.63641488934154,2019-07-18-23-37-25
1.0,30.95169558051049,121.63666450672953,2019-07-18-23-37-25
1.0,30.95169324375794,121.63816217667382,2019-07-18-23-37-25
1.0,30.951692849293384,121.63841178271849,2019-07-18-23-37-25
1.0,30.951691657538152,121.63916059148526,2019-07-18-23-37-25
1.0,30.95194733894286,121.6354163824131,2019-07-18-23-37-25
1.0,30.951945816528813,121.63641486879386,2019-07-18-23-37-25
1.0,30.951941509204936,121.63916057092568,2019-07-18-23-37-25
1.0,30.9519390890657,121.64065814745564,2019-07-18-23-37-25
1.0,30.95193827182742,121.6411573278644,2019-07-18-23-37-25
1.0,30.951931557523437,121.64515057442708,2019-07-18-23-37-25
1.0,30.951906642270107,121.65887533710236,2019-07-18-23-37-25
1.0,30.952189752766465,121.64015894066796,2019-07-18-23-37-25
1.0,30.952186473768652,121.64215565108266,2019-07-18-23-37-25
1.0,30.95269186008745,121.63866130496278,2019-07-18-23-37-25
1.0,30.952690664195178,121.63941010908388,2019-07-18-23-37-25
1.0,30.9526902628363,121.6396597074035,2019-07-18-23-37-25
1.0,30.95268945609317,121.64015889953893,2019-07-18-23-37-25
1.0,30.952689050731273,121.64040849338065,2019-07-18-23-37-25
1.0,30.952940515856845,121.63941008852244,2019-07-18-23-37-25
1.0,30.95293309471811,121.64390263853643,2019-07-18-23-37-25
1.0,30.953188347379236,121.64065804462139,2019-07-18-23-37-25
1.0,30.95343981781785,121.63965964571527,2019-07-18-23-37-25
1.0,30.95343819903849,121.64065802405398,2019-07-18-23-37-25
1.0,30.953436559448377,121.64165637913395,2019-07-18-23-37-25
1.0,30.9536908694723,121.63891082563833,2019-07-18-23-37-25
1.0,30.95369047083768,121.63916042700333,2019-07-18-23-37-25
1.0,30.953688862732797,121.64015881727866,2019-07-18-23-37-25
2.0,30.95368845737074,121.64040841111587,2019-07-18-23-37-25
1.0,30.95368764272203,121.64090759440316,2019-07-18-23-37-25
1.0,30.953970825223614,121.61518992231923,2019-07-18-23-37-25
1.0,30.953940322495207,121.63916040644224,2019-07-18-23-37-25
1.0,30.95393830902806,121.64040839054921,2019-07-18-23-37-25
1.0,30.953936674572752,121.64140675135661,2019-07-18-23-37-25
1.0,30.954441217564174,121.63841155658903,2019-07-18-23-37-25
1.0,30.954440821698213,121.63866116105193,2019-07-18-23-37-25
1.0,30.954726546782297,121.60669506226382,2019-07-18-23-37-25
1.0,30.95516994939319,121.65064052416993,2019-07-18-23-37-25
1.0,30.955436195041184,121.64115703988499,2019-07-18-23-37-25
1.0,30.95571671740495,121.61843698231523,2019-07-18-23-37-25
1.0,30.95593548780205,121.64140658678033,2019-07-18-23-37-25
1.0,30.956403500790657,121.659124486709,2019-07-18-23-37-25
1.0,30.956978255898385,121.59919674306477,2019-07-18-23-37-25
1.0,30.95721097383785,121.62293230289599,2019-07-18-23-37-25
1.0,30.957683210168057,121.64215519842232,2019-07-18-23-37-25
1.0,30.958431932809766,121.64265430022184,2019-07-18-23-37-25
1.0,30.95867968272081,121.64390216509825,2019-07-18-23-37-25
1.0,30.958942045730073,121.63616467435475,2019-07-18-23-37-25
1.0,30.959226722105953,121.59994649269163,2019-07-18-23-37-25
1.0,30.959182734373993,121.64190549113462,2019-07-18-23-37-25
1.0,30.959459926024252,121.62268239153602,2019-07-18-23-37-25
1.0,30.959411509768998,121.65388417557365,2019-07-18-23-37-25
1.0,30.959725741492726,121.58494247426412,2019-07-18-23-37-25
1.0,30.9602270128485,121.59469629774125,2019-07-18-23-37-25
1.0,30.960226936240442,121.59569642376525,2019-07-18-23-37-25
1.0,30.960226388367413,121.59894649313046,2019-07-18-23-37-25
1.0,30.960472840074416,121.57993854963468,2019-07-18-23-37-25
1.0,30.96047611552768,121.59944643757837,2019-07-18-23-37-25
1.0,30.96143139924048,121.64190530592946,2019-07-18-23-37-25
1.0,30.96141215720697,121.65288587068113,2019-07-18-23-37-25
1.0,30.961903526300617,121.65737737222544,2019-07-18-23-37-25
2.0,30.962705339651997,121.62492958483311,2019-07-18-23-37-25
1.0,30.962678992932087,121.64290353004496,2019-07-18-23-37-25
1.0,30.96322526168794,121.59294571190395,2019-07-18-23-37-25
1.0,30.96320190469733,121.62742651211195,2019-07-18-23-37-25
1.0,30.96347503111875,121.59544613091943,2019-07-18-23-37-25
1.0,30.963724369925785,121.59869621967113,2019-07-18-23-37-25
1.0,30.963680477235542,121.64165553552226,2019-07-18-23-37-25
1.0,30.963890508048916,121.66361519198485,2019-07-18-23-37-25
1.0,30.964224606534955,121.59169529308602,2019-07-18-23-37-25
1.0,30.964474476123314,121.59494598606224,2019-07-18-23-37-25
1.0,30.965675951861552,121.6436520141639,2019-07-18-23-37-25
1.0,30.965949622837087,121.62792565448419,2019-07-18-23-37-25
1.0,30.966685906929303,121.63716250315929,2019-07-18-23-37-25
1.0,30.967461910878736,121.61618800126982,2019-07-18-23-37-25
1.0,30.967424067082298,121.6441510176087,2019-07-18-23-37-25
1.0,30.967423642088853,121.64440058949013,2019-07-18-23-37-25
1.0,30.967423215966072,121.64465016011606,2019-07-18-23-37-25
1.0,30.969179665887395,121.64015754186087,2019-07-18-23-37-25
1.0,30.970204677001743,121.62168257941954,2019-07-18-23-37-25
1.0,30.970718368504393,121.58294018218515,2019-07-18-23-37-25
1.0,30.97070975140219,121.61643752472641,2019-07-18-23-37-25
1.0,30.97096806281685,121.60444456874356,2019-07-18-23-37-25
1.0,30.970961177475065,121.61468892138927,2019-07-18-23-37-25
1.0,30.971457121438785,121.61868545852248,2019-07-18-23-37-25
1.0,30.971424220012977,121.64265322978711,2019-07-18-23-37-25
1.0,30.971661506263036,121.64989052661436,2019-07-18-23-37-25
1.0,30.971925994980797,121.64140526973809,2019-07-18-23-37-25
1.0,30.97242692625005,121.64065646038206,2019-07-18-23-37-25
1.0,30.972641970635905,121.66012122461557,2019-07-18-23-37-25
1.0,30.97346902168224,121.59619538360462,2019-07-18-23-37-25
1.0,30.97394355534121,121.62892370889138,2019-07-18-23-37-25
1.0,30.973943220204177,121.62917338161236,2019-07-18-23-37-25
1.0,30.973926443444494,121.64040674460895,2019-07-18-23-37-25
1.0,30.974218654630597,121.59144439757293,2019-07-18-23-37-25
1.0,30.974218730260095,121.59269475027227,2019-07-18-23-37-25
1.0,30.974218511536158,121.59669535430615,2019-07-18-23-37-25
1.0,30.97420599169385,121.61818569598016,2019-07-18-23-37-25
1.0,30.974681935244952,121.63666261546174,2019-07-18-23-37-25
1.0,30.974675592073243,121.64065627513865,2019-07-18-23-37-25
1.0,30.975213654670753,121.60794281852333,2019-07-18-23-37-25
1.0,30.975716251061492,121.58494116402379,2019-07-18-23-37-25
1.0,30.975695133322734,121.62692610938485,2019-07-18-23-37-25
1.0,30.975688734549426,121.63166985586467,2019-07-18-23-37-25
1.0,30.97646701436337,121.59769519741788,2019-07-18-23-37-25
1.0,30.976672353717863,121.64190405024937,2019-07-18-23-37-25
1.0,30.976964142460037,121.60519382432518,2019-07-18-23-37-25
1.0,30.977211254583334,121.57743476381673,2019-07-18-23-37-25
1.0,30.977211779477663,121.57818552156424,2019-07-18-23-37-25
1.0,30.97716311319095,121.64714499641197,2019-07-18-23-37-25
1.0,30.977466417413172,121.58919329783016,2019-07-18-23-37-25
1.0,30.97746582590977,121.60019497050808,2019-07-18-23-37-25
1.0,30.97739852481929,121.65513034725473,2019-07-18-23-37-25
1.0,30.977710777651293,121.57718446383258,2019-07-18-23-37-25
1.0,30.97771635772991,121.58969348475803,2019-07-18-23-37-25
1.0,30.977716397797202,121.58994358370398,2019-07-18-23-37-25
1.0,30.977673405670636,121.64090561893197,2019-07-18-23-37-25
1.0,30.977666710380774,121.64489888483531,2019-07-18-23-37-25
1.0,30.977643247125133,121.65787511847651,2019-07-18-23-37-25
1.0,30.977964620831077,121.58419048196198,2019-07-18-23-37-25
1.0,30.97821066192734,121.57743468183929,2019-07-18-23-37-25
1.0,30.978214368175642,121.58394028915325,2019-07-18-23-37-25
1.0,30.97821447267206,121.58419046148063,2019-07-18-23-37-25
1.0,30.978143888221354,121.65737602916901,2019-07-18-23-37-25
1.0,30.978462012383748,121.57968684798023,2019-07-18-23-37-25
1.0,30.978714278049015,121.58444058963937,2019-07-18-23-37-25
1.0,30.97867240373075,121.64115512594577,2019-07-18-23-37-25
1.0,30.97890854674621,121.64914128346446,2019-07-18-23-37-25
1.0,30.978908101389283,121.64939083275524,2019-07-18-23-37-25
1.0,30.979170871994008,121.64190384433354,2019-07-18-23-37-25
1.0,30.97916920739151,121.64290217104238,2019-07-18-23-37-25
1.0,30.979167099759376,121.64415004947514,2019-07-18-23-37-25
1.0,30.979161490062836,121.64739438912831,2019-07-18-23-37-25
1.0,30.979156611849806,121.65013945415299,2019-07-18-23-37-25
1.0,30.979404663230294,121.65113760976887,2019-07-18-23-37-25
1.0,30.97971481403483,121.58794253944441,2019-07-18-23-37-25
1.0,30.979964887505595,121.58894298460775,2019-07-18-23-37-25
1.0,30.97996516889547,121.59619485134192,2019-07-18-23-37-25
1.0,30.97990346180411,121.65163665124237,2019-07-18-23-37-25
1.0,30.980214527464142,121.59894485573413,2019-07-18-23-37-25
1.0,30.980198188231324,121.62218122871973,2019-07-18-23-37-25
1.0,30.980160458732982,121.64764386320388,2019-07-18-23-37-25
1.0,30.98015467017629,121.65088800516108,2019-07-18-23-37-25
1.0,30.98046417411591,121.58719209534434,2019-07-18-23-37-25
1.0,30.980464840031733,121.59044354686998,2019-07-18-23-37-25
1.0,30.980464437601704,121.59869484826478,2019-07-18-23-37-25
1.0,30.98046373558261,121.60119458225948,2019-07-18-23-37-25
1.0,30.98045373748839,121.6166865126182,2019-07-18-23-37-25
1.0,30.980410310604462,121.64764384258321,2019-07-18-23-37-25
1.0,30.980403165540835,121.65163660996141,2019-07-18-23-37-25
1.0,30.980710523977866,121.57943643343873,2019-07-18-23-37-25
1.0,30.980714802204997,121.59144386526538,2019-07-18-23-37-25
1.0,30.980714822853,121.59169394209856,2019-07-18-23-37-25
1.0,30.98070603811774,121.61393869067277,2019-07-18-23-37-25
1.0,30.98070495920939,121.61518773010121,2019-07-18-23-37-25
1.0,30.980703589370208,121.61668649211667,2019-07-18-23-37-25
1.0,30.980963177341398,121.60194440299752,2019-07-18-23-37-25
1.0,30.981212796813782,121.58444038481574,2019-07-18-23-37-25
1.0,30.981214482579638,121.59119374432885,2019-07-18-23-37-25
1.0,30.981214544504887,121.59494461465412,2019-07-18-23-37-25
1.0,30.981464396428237,121.5919439543562,2019-07-18-23-37-25
1.0,30.981462881136604,121.6019443620426,2019-07-18-23-37-25
1.0,30.981707797033035,121.61094064375982,2019-07-18-23-37-25
1.0,30.98170480524515,121.61468804016533,2019-07-18-23-37-25
1.0,30.981956903000242,121.61193998789001,2019-07-18-23-37-25
1.0,30.982214000210014,121.59319421424014,2019-07-18-23-37-25
1.0,30.982209038086893,121.60869187200967,2019-07-18-23-37-25
1.0,30.98220871353787,121.60919160934526,2019-07-18-23-37-25
1.0,30.982463687886163,121.59619464659197,2019-07-18-23-37-25
1.0,30.98246255080766,121.60119441844279,2019-07-18-23-37-25
1.0,30.983209214009396,121.6074423976628,2019-07-18-23-37-25
1.0,30.98345790449777,121.57793475981056,2019-07-18-23-37-25
1.0,30.983463193958478,121.59169371685508,2019-07-18-23-37-25
1.0,30.983386072229816,121.65987081558703,2019-07-18-23-37-25
1.0,30.983712104704143,121.58669155803271,2019-07-18-23-37-25
1.0,30.983712249073804,121.58719182909952,2019-07-18-23-37-25
1.0,30.983707490801553,121.6096912126216,2019-07-18-23-37-25
1.0,30.983707319976105,121.6099410715683,2019-07-18-23-37-25
1.0,30.98396282762275,121.59094343593804,2019-07-18-23-37-25
1.0,30.983962897867844,121.5916936758993,2019-07-18-23-37-25
1.0,30.983921326843447,121.63990673230599,2019-07-18-23-37-25
1.0,30.98390109228681,121.65163632097364,2019-07-18-23-37-25
1.0,30.983900638529718,121.65188586103393,2019-07-18-23-37-25
1.0,30.9842126506309,121.5906933291623,2019-07-18-23-37-25
1.0,30.98416914545897,121.6411546729486,2019-07-18-23-37-25
1.0,30.98446231616548,121.5894428297515,2019-07-18-23-37-25
1.0,30.984462359014262,121.58969293187243,2019-07-18-23-37-25
1.0,30.984462068411297,121.59869452064105,2019-07-18-23-37-25
1.0,30.984459043544785,121.60644273038113,2019-07-18-23-37-25
1.0,30.98440969035973,121.64664527989076,2019-07-18-23-37-25
1.0,30.98470783601494,121.57893563564105,2019-07-18-23-37-25
1.0,30.984711274987262,121.58594104554146,2019-07-18-23-37-25
1.0,30.9847120228763,121.58869248386605,2019-07-18-23-37-25
1.0,30.984659542324568,121.64664525927176,2019-07-18-23-37-25
1.0,30.98465866978144,121.6471443778509,2019-07-18-23-37-25
1.0,30.98489776622326,121.6531334663514,2019-07-18-23-37-25
1.0,30.98489222401041,121.65612784173004,2019-07-18-23-37-25
1.0,30.985204393911527,121.61268921657755,2019-07-18-23-37-25
1.0,30.985153505730693,121.64988941257413,2019-07-18-23-37-25
1.0,30.9851355084028,121.6596211507364,2019-07-18-23-37-25
1.0,30.98545672030317,121.57793459582493,2019-07-18-23-37-25
1.0,30.98545689244983,121.5781848452198,2019-07-18-23-37-25
1.0,30.985461807018538,121.58994294890383,2019-07-18-23-37-25
1.0,30.98546202758749,121.59494426655188,2019-07-18-23-37-25
1.0,30.985461357159515,121.59919440967778,2019-07-18-23-37-25
1.0,30.985455393355892,121.61119018161347,2019-07-18-23-37-25
1.0,30.9854544430669,121.61243936706636,2019-07-18-23-37-25
1.0,30.985422041378776,121.6389082130211,2019-07-18-23-37-25
1.0,30.98541039935903,121.64589651101652,2019-07-18-23-37-25
1.0,30.985396553043216,121.6536324946864,2019-07-18-23-37-25
1.0,30.98538818650703,121.6581240007724,2019-07-18-23-37-25
2.0,30.98570674445256,121.57818482472133,2019-07-18-23-37-25
1.0,30.98571192761806,121.59369403415562,2019-07-18-23-37-25
1.0,30.985711487077587,121.5979444390162,2019-07-18-23-37-25
1.0,30.985655879036848,121.64839207265793,2019-07-18-23-37-25
1.0,30.985653656835577,121.64963982399782,2019-07-18-23-37-25
1.0,30.985956424314974,121.57793455482665,2019-07-18-23-37-25
1.0,30.98595659646151,121.57818480422269,2019-07-18-23-37-25
1.0,30.985961511024538,121.58994290794281,2019-07-18-23-37-25
1.0,30.98596177962331,121.59369401367692,2019-07-18-23-37-25
1.0,30.985961768614903,121.59419410778672,2019-07-18-23-37-25
1.0,30.985906613405195,121.64789294432484,2019-07-18-23-37-25
1.0,30.985905731031924,121.64839205202944,2019-07-18-23-37-25
1.0,30.98620627633025,121.57793453432723,2019-07-18-23-37-25
1.0,30.98621090209276,121.58769188258478,2019-07-18-23-37-25
1.0,30.986205490851503,121.61044057627711,2019-07-18-23-37-25
1.0,30.986155583033266,121.64839203140075,2019-07-18-23-37-25
1.0,30.98646032099532,121.58619104886907,2019-07-18-23-37-25
1.0,30.986460986878367,121.58869234049588,2019-07-18-23-37-25
1.0,30.986461483693162,121.59319386611888,2019-07-18-23-37-25
1.0,30.986400968589738,121.6508874891848,2019-07-18-23-37-25
1.0,30.986709226522592,121.58368941711593,2019-07-18-23-37-25
1.0,30.98671089011334,121.58894243165992,2019-07-18-23-37-25
1.0,30.98668150778941,121.63216825195728,2019-07-18-23-37-25
1.0,30.98668115018015,121.63241789928674,2019-07-18-23-37-25
1.0,30.986666015584422,121.64215281016604,2019-07-18-23-37-25
1.0,30.986656169428503,121.6478928824456,2019-07-18-23-37-25
1.0,30.98664304548663,121.65512958284297,2019-07-18-23-37-25
1.0,30.986642582000208,121.65537911235226,2019-07-18-23-37-25
1.0,30.986954929454118,121.576683177741,2019-07-18-23-37-25
1.0,30.986955115673943,121.57693344316786,2019-07-18-23-37-25
1.0,30.986959078555593,121.58368939662728,2019-07-18-23-37-25
1.0,30.986960254223042,121.58694142888218,2019-07-18-23-37-25
1.0,30.986914617312564,121.64290153244069,2019-07-18-23-37-25
1.0,30.986912509674223,121.64414941069185,2019-07-18-23-37-25
1.0,30.98690864502583,121.64639551271935,2019-07-18-23-37-25
1.0,30.986906021449077,121.64789286181882,2019-07-18-23-37-25
1.0,30.98720995628721,121.58644113093673,2019-07-18-23-37-25
1.0,30.987147348515933,121.6526342077625,2019-07-18-23-37-25
1.0,30.987460891829393,121.59319378420017,2019-07-18-23-37-25
1.0,30.987453454011487,121.61218937140384,2019-07-18-23-37-25
1.0,30.987427786603114,121.63441495001638,2019-07-18-23-37-25
1.0,30.987415156121443,121.64240233068091,2019-07-18-23-37-25
1.0,30.98770442494307,121.61069030400363,2019-07-18-23-37-25
1.0,30.987700591527293,121.61543695615504,2019-07-18-23-37-25
1.0,30.987676517515165,121.6351638170516,2019-07-18-23-37-25
1.0,30.987672681817966,121.63765999825928,2019-07-18-23-37-25
1.0,30.98766950950793,121.63965682682186,2019-07-18-23-37-25
1.0,30.98763591432332,121.65862285954309,2019-07-18-23-37-25
1.0,30.987934589371193,121.6294219019837,2019-07-18-23-37-25
1.0,30.987933223971602,121.63042056462228,2019-07-18-23-37-25
1.0,30.98793287824975,121.63067022534906,2019-07-18-23-37-25
1.0,30.98792786127138,121.63416527615998,2019-07-18-23-37-25
1.0,30.98789184216276,121.65537900902713,2019-07-18-23-37-25
1.0,30.98821044795947,121.5936938293603,2019-07-18-23-37-25
1.0,30.98846030142317,121.59344375714214,2019-07-18-23-37-25
1.0,30.988459700739686,121.59869419296959,2019-07-18-23-37-25
1.0,30.9884222379838,121.63765993651867,2019-07-18-23-37-25
1.0,30.988709303801325,121.5996941022642,2019-07-18-23-37-25
1.0,30.988672090052674,121.6376599159381,2019-07-18-23-37-25
1.0,30.98867169841694,121.63790952500007,2019-07-18-23-37-25
1.0,30.98864139834049,121.65537894702977,2019-07-18-23-37-25
1.0,30.988959285715,121.59919412295453,2019-07-18-23-37-25
1.0,30.989164120551074,121.64240218646916,2019-07-18-23-37-25
2.0,30.989156878770387,121.64664488809758,2019-07-18-23-37-25
1.0,30.98944817267026,121.6169355591703,2019-07-18-23-37-25
1.0,30.989706621302656,121.58193785250693,2019-07-18-23-37-25
1.0,30.98970620610767,121.60594250061631,2019-07-18-23-37-25
1.0,30.98970269286382,121.6114396756968,2019-07-18-23-37-25
1.0,30.989700918570076,121.61368813700112,2019-07-18-23-37-25
1.0,30.98995550520717,121.58018635590716,2019-07-18-23-37-25
1.0,30.989956058217363,121.60594248012829,2019-07-18-23-37-25
1.0,30.99020919884485,121.59169316388906,2019-07-18-23-37-25
1.0,30.990200622793548,121.61368809599807,2019-07-18-23-37-25
1.0,30.99020041393187,121.61393791172169,2019-07-18-23-37-25
1.0,30.990459068853387,121.59194321709623,2019-07-18-23-37-25
1.0,30.990459083972933,121.59219328764074,2019-07-18-23-37-25
1.0,30.990707071664108,121.58418943717578,2019-07-18-23-37-25
1.0,30.99070191365683,121.61168943348598,2019-07-18-23-37-25
1.0,30.990661979266758,121.64315080162626,2019-07-18-23-37-25
1.0,30.990956819314334,121.58393924433797,2019-07-18-23-37-25
1.0,30.990958788248964,121.592193246675,2019-07-18-23-37-25
1.0,30.990951953479033,121.61143957321079,2019-07-18-23-37-25
1.0,30.990951765794392,121.61168941298791,2019-07-18-23-37-25
1.0,30.990929703311366,121.63166860219606,2019-07-18-23-37-25
1.0,30.9912019909207,121.61118971022304,2019-07-18-23-37-25
1.0,30.991178845245674,121.63216788191124,2019-07-18-23-37-25
1.0,30.991161263173815,121.64340033733825,2019-07-18-23-37-25
1.0,30.991458459554124,121.59169306147304,2019-07-18-23-37-25
2.0,30.991455801262617,121.60469280794192,2019-07-18-23-37-25
1.0,30.991705175897394,121.5814372828617,2019-07-18-23-37-25
1.0,30.99170832959936,121.5919431146799,2019-07-18-23-37-25
1.0,30.991679612334234,121.63141888753924,2019-07-18-23-37-25
1.0,30.991955384632696,121.60494268260263,2019-07-18-23-37-25
1.0,30.991928401714258,121.632167820231,2019-07-18-23-37-25
1.0,30.992457886137263,121.59194305322787,2019-07-18-23-37-25
1.0,30.99245555748558,121.60394296162056,2019-07-18-23-37-25
1.0,30.99270506214546,121.6046927055009,2019-07-18-23-37-25
1.0,30.99270456303247,121.60569235067173,2019-07-18-23-37-25
1.0,30.99320749212585,121.59344336797481,2019-07-18-23-37-25
1.0,30.994159489443483,121.64340009002278,2019-07-18-23-37-25
1.0,30.994408920143723,121.64364964501368,2019-07-18-23-37-25
1.0,30.994700346031966,121.57668254205453,2019-07-18-23-37-25
1.0,30.99467957602405,121.63017034702479,2019-07-18-23-37-25
1.0,30.994942437787653,121.61943281765878,2019-07-18-23-37-25
1.0,30.99520374222305,121.58268798606224,2019-07-18-23-37-25
1.0,30.995455965365807,121.5964435991849,2019-07-18-23-37-25
1.0,30.99570535569202,121.59894358593172,2019-07-18-23-37-25
1.0,30.995919355374784,121.63666086668498,2019-07-18-23-37-25
1.0,30.995908033761058,121.64364952133764,2019-07-18-23-37-25
1.0,30.995902015248564,121.64714344969185,2019-07-18-23-37-25
2.0,30.99615746335545,121.64389907502179,2019-07-18-23-37-25
1.0,30.996454636774953,121.58694065034447,2019-07-18-23-37-25
1.0,30.996407315663042,121.6438990544071,2019-07-18-23-37-25
1.0,30.996705113901097,121.58969192814028,2019-07-18-23-37-25
1.0,30.996705389662832,121.59219277551544,2019-07-18-23-37-25
1.0,30.996705402021792,121.59244284292028,2019-07-18-23-37-25
1.0,30.996655892996493,121.64464774903517,2019-07-18-23-37-25
1.0,30.996652008949546,121.64689382913005,2019-07-18-23-37-25
1.0,30.996650695620122,121.64764250183597,2019-07-18-23-37-25
1.0,30.99695500629922,121.58994200661208,2019-07-18-23-37-25
1.0,30.9969552639589,121.5926928866984,2019-07-18-23-37-25
1.0,30.997454749847364,121.59669344980638,2019-07-18-23-37-25
1.0,30.99765742157743,121.64339980145387,2019-07-18-23-37-25
1.0,30.997657000036526,121.64364937704036,2019-07-18-23-37-25
1.0,30.997910602984245,121.64140312790492,2019-07-18-23-37-25
1.0,30.998160043537528,121.64165269373106,2019-07-18-23-37-25
1.0,30.99815670476605,121.64364933581088,2019-07-18-23-37-25
1.0,30.99840906852826,121.64215184179122,2019-07-18-23-37-25
1.0,30.998406134439303,121.64389888948277,2019-07-18-23-37-25
1.0,30.998403143883717,121.64564587432685,2019-07-18-23-37-25
1.0,30.99840271228369,121.64589543872826,2019-07-18-23-37-25
1.0,30.99892637588907,121.63066932089922,2019-07-18-23-37-25
1.0,30.99890960070063,121.64165263191327,2019-07-18-23-37-25
1.0,30.999402553486952,121.64564579182687,2019-07-18-23-37-25
1.0,30.99965454761159,121.64439793112626,2019-07-18-23-37-25
1.0,30.99994266947037,121.61618533592848,2019-07-18-23-37-25
1.0,30.9999044000451,121.64439791050657,2019-07-18-23-37-25
1.0,31.00011617626178,121.66510928027505,2019-07-18-23-37-25
1.0,31.000453208532356,121.59319271898539,2019-07-18-23-37-25
1.0,31.000401531638786,121.6458952737157,2019-07-18-23-37-25
1.0,31.000698538409537,121.57918456009952,2019-07-18-23-37-25
1.0,31.00066061404142,121.64040454128671,2019-07-18-23-37-25
1.0,31.00065522896435,121.64364912965218,2019-07-18-23-37-25
1.0,31.000653531274285,121.64464741911469,2019-07-18-23-37-25
1.0,31.000651815700877,121.64564568869767,2019-07-18-23-37-25
1.0,31.000905502977425,121.643399533464,2019-07-18-23-37-25
1.0,31.001175737607046,121.63016981253878,2019-07-18-23-37-25
1.0,31.001155775824714,121.64314993596858,2019-07-18-23-37-25
1.0,31.00170245992394,121.59419281726039,2019-07-18-23-37-25
1.0,31.00190824201287,121.64140279821181,2019-07-18-23-37-25
1.0,31.00190533332729,121.6431498741232,2019-07-18-23-37-25
1.0,31.002199685980568,121.604192086822,2019-07-18-23-37-25
1.0,31.00270181522629,121.59519288617042,2019-07-18-23-37-25
1.0,31.00270153290186,121.59744304462993,2019-07-18-23-37-25
1.0,31.002690106714564,121.61718425410824,2019-07-18-23-37-25
1.0,31.002655310097904,121.64290023408086,2019-07-18-23-37-25
1.0,31.00419520448938,121.6099393908011,2019-07-18-23-37-25
1.0,31.004408807532872,121.64015463862897,2019-07-18-23-37-25
1.0,31.00440635585715,121.64165217853113,2019-07-18-23-37-25
1.0,31.004698592857224,121.5836879414565,2019-07-18-23-37-25
1.0,31.004688686822394,121.61743386959147,2019-07-18-23-37-25
1.0,31.004639282465913,121.65138506611716,2019-07-18-23-37-25
1.0,31.004907292753266,121.64090337385218,2019-07-18-23-37-25
1.0,31.005157553380073,121.6406537625612,2019-07-18-23-37-25
1.0,31.00515714539701,121.6409033532448,2019-07-18-23-37-25
1.0,31.005700064421298,121.59494260720697,2019-07-18-23-37-25
1.0,31.005949568096472,121.58919096247406,2019-07-18-23-37-25
1.0,31.005902974878627,121.64314954425258,2019-07-18-23-37-25
1.0,31.00589213979282,121.64938860380492,2019-07-18-23-37-25
1.0,31.00644873719899,121.58693983054003,2019-07-18-23-37-25
1.0,31.006448197046907,121.60169236244762,2019-07-18-23-37-25
1.0,31.00643123665483,121.6234277069645,2019-07-18-23-37-25
1.0,31.006693634964282,121.57718208515992,2019-07-18-23-37-25
1.0,31.006948978947673,121.58919088048772,2019-07-18-23-37-25
1.0,31.006899418838213,121.64489647271364,2019-07-18-23-37-25
1.0,31.00689244041539,121.64888942190831,2019-07-18-23-37-25
1.0,31.00769890127807,121.59469240709194,2019-07-18-23-37-25
1.0,31.007943432052777,121.57793275016294,2019-07-18-23-37-25
1.0,31.00792141452808,121.63041891997426,2019-07-18-23-37-25
1.0,31.007900108198893,121.6441476788872,2019-07-18-23-37-25
1.0,31.00817902045838,121.62442642901917,2019-07-18-23-37-25
1.0,31.00817871916002,121.62467613987941,2019-07-18-23-37-25
1.0,31.008632362205326,121.65388010656693,2019-07-18-23-37-25
1.0,31.008947335663088,121.58718975950825,2019-07-18-23-37-25
1.0,31.00890120783925,121.64314929681802,2019-07-18-23-37-25
1.0,31.00887804951196,121.65612585681652,2019-07-18-23-37-25
1.0,31.009195484729336,121.58268683796271,2019-07-18-23-37-25
1.0,31.009132986365284,121.65338099732982,2019-07-18-23-37-25
1.0,31.00913252744214,121.65363053164769,2019-07-18-23-37-25
1.0,31.009422902191233,121.6286711164785,2019-07-18-23-37-25
1.0,31.009410231352266,121.63740859651512,2019-07-18-23-37-25
1.0,31.009378220422953,121.6558762879526,2019-07-18-23-37-25
1.0,31.009637691254905,121.65063602527299,2019-07-18-23-37-25
1.0,31.010194393686955,121.5816859701176,2019-07-18-23-37-25
1.0,31.01044105751101,121.57668124962228,2019-07-18-23-37-25
2.0,31.01061046590072,121.66485889490465,2019-07-18-23-37-25
1.0,31.011194716159316,121.60344156703269,2019-07-18-23-37-25
1.0,31.012196017415985,121.58994075644245,2019-07-18-23-37-25
1.0,31.012192237893874,121.60719013322478,2019-07-18-23-37-25
1.0,31.01219209169542,121.60744002013212,2019-07-18-23-37-25
1.0,31.012149714590496,121.6428994505824,2019-07-18-23-37-25
1.0,31.01319543138997,121.5969421701791,2019-07-18-23-37-25
1.0,31.01319515412528,121.59844217441916,2019-07-18-23-37-25
1.0,31.01344524493296,121.59719215804174,2019-07-18-23-37-25
1.0,31.01344500715656,121.59844215391973,2019-07-18-23-37-25
1.0,31.013939549450793,121.57743174918316,2019-07-18-23-37-25
1.0,31.013939727222063,121.57768200506078,2019-07-18-23-37-25
1.0,31.01394464963578,121.5881898534523,2019-07-18-23-37-25
2.0,31.013900350290527,121.64190098015843,2019-07-18-23-37-25
1.0,31.01418646780995,121.61368612697316,2019-07-18-23-37-25
1.0,31.014442961625896,121.58393731732815,2019-07-18-23-37-25
1.0,31.01444306611355,121.58418748971123,2019-07-18-23-37-25
1.0,31.01443652743021,121.61343628814241,2019-07-18-23-37-25
1.0,31.014944648783093,121.59444177339128,2019-07-18-23-37-25
1.0,31.01561039041871,121.66336138943133,2019-07-18-23-37-25
1.0,31.015897928489785,121.64264956176225,2019-07-18-23-37-25
1.0,31.016158572892376,121.63591034257281,2019-07-18-23-37-25
1.0,31.016398051602273,121.6423999396978,2019-07-18-23-37-25
1.0,31.016940928496638,121.58268620215576,2019-07-18-23-37-25
1.0,31.01690543174032,121.63765758912379,2019-07-18-23-37-25
1.0,31.016901856677034,121.63990401318392,2019-07-18-23-37-25
1.0,31.0169006405712,121.64065279385493,2019-07-18-23-37-25
1.0,31.016899412759305,121.64140156143408,2019-07-18-23-37-25
1.0,31.017189872780037,121.5809347726421,2019-07-18-23-37-25
1.0,31.017160981427427,121.63391323433983,2019-07-18-23-37-25
1.0,31.017148854155955,121.64165112715894,2019-07-18-23-37-25
1.0,31.017410465660586,121.63416284813984,2019-07-18-23-37-25
1.0,31.01740156312292,121.63990397195992,2019-07-18-23-37-25
1.0,31.017399939031794,121.64090234325221,2019-07-18-23-37-25
1.0,31.01739952975732,121.64115193243863,2019-07-18-23-37-25
1.0,31.017662147838884,121.63291463754979,2019-07-18-23-37-25
1.0,31.01766142110195,121.63341391899768,2019-07-18-23-37-25
1.0,31.01766105530461,121.63366355698605,2019-07-18-23-37-25
1.0,31.017659948322724,121.63441246015438,2019-07-18-23-37-25
1.0,31.017653812250902,121.63840634934927,2019-07-18-23-37-25
1.0,31.01765222045036,121.63940475679378,2019-07-18-23-37-25
1.0,31.017651819080868,121.639654354824,2019-07-18-23-37-25
1.0,31.017650200259677,121.6406527320085,2019-07-18-23-37-25
1.0,31.017629817961236,121.65238214956014,2019-07-18-23-37-25
1.0,31.017940460059176,121.5829363085406,2019-07-18-23-37-25
1.0,31.017908303621237,121.63541095238271,2019-07-18-23-37-25
1.0,31.017907925276806,121.6356605762517,2019-07-18-23-37-25
1.0,31.017905234893668,121.63740789617077,2019-07-18-23-37-25
1.0,31.017904453046448,121.6379071156497,2019-07-18-23-37-25
1.0,31.018153122901168,121.6386559123206,2019-07-18-23-37-25
1.0,31.01815031347012,121.64040309869729,2019-07-18-23-37-25
1.0,31.01814534990055,121.64339811052425,2019-07-18-23-37-25
1.0,31.018119808799245,121.65762224381989,2019-07-18-23-37-25
1.0,30.94968374805719,121.64465162199711,2019-07-18-23-37-25
1.0,30.949679427305057,121.64714726302196,2019-07-18-23-37-25
1.0,30.949552166521897,121.72777349064428,2019-07-18-23-37-25
1.0,30.949934874696297,121.64390288550825,2019-07-18-23-37-25
5.0,30.949933599735918,121.64465160141381,2019-07-18-23-37-25
1.0,30.94980184946719,121.7280233555022,2019-07-18-23-37-25
1.0,30.949801039392504,121.72927282401966,2019-07-18-23-37-25
1.0,30.95018430252357,121.64415243815986,2019-07-18-23-37-25
1.0,30.95018387753288,121.64440201012272,2019-07-18-23-37-25
1.0,30.95043457804865,121.64390284434816,2019-07-18-23-37-25
1.0,30.950434154198835,121.64415241757854,2019-07-18-23-37-25
1.0,30.950433729208104,121.64440198954023,2019-07-18-23-37-25
1.0,30.95043287585022,121.6449011297112,2019-07-18-23-37-25
1.0,30.950300587433855,121.72952268377884,2019-07-18-23-37-25
1.0,30.95068442972227,121.64390282376783,2019-07-18-23-37-25
1.0,30.95068272752368,121.64490110912615,2019-07-18-23-37-25
1.0,30.95080125610976,121.72802327174418,2019-07-18-23-37-25
1.0,30.951184133064668,121.64390278260662,2019-07-18-23-37-25
1.0,30.951389797881,121.66785798067396,2019-07-18-23-37-25
1.0,30.951298565734803,121.73202176318817,2019-07-18-23-37-25
1.0,30.951931557523437,121.64515057442708,2019-07-18-23-37-25
1.0,30.951906642270107,121.65887533710236,2019-07-18-23-37-25
1.0,30.952051926219536,121.72602415392205,2019-07-18-23-37-25
1.0,30.95293309471811,121.64390263853643,2019-07-18-23-37-25
1.0,30.953800703534217,121.72627387487131,2019-07-18-23-37-25
1.0,30.95430040681806,121.72627383299191,2019-07-18-23-37-25
1.0,30.95458475490115,121.69730470987214,2019-07-18-23-37-25
1.0,30.954560373486505,121.71528201444137,2019-07-18-23-37-25
1.0,30.954835002399776,121.69705507233857,2019-07-18-23-37-25
1.0,30.954800110098724,121.72627379111174,2019-07-18-23-37-25
1.0,30.95516994939319,121.65064052416993,2019-07-18-23-37-25
1.0,30.955551199917917,121.72427486040154,2019-07-18-23-37-25
1.0,30.956403500790657,121.659124486709,2019-07-18-23-37-25
1.0,30.958092528505325,121.69131403742196,2019-07-18-23-37-25
1.0,30.95829697409328,121.72777275767685,2019-07-18-23-37-25
1.0,30.95867968272081,121.64390216509825,2019-07-18-23-37-25
1.0,30.959411509768998,121.65388417557365,2019-07-18-23-37-25
1.0,30.95960033988056,121.68632252189552,2019-07-18-23-37-25
1.0,30.959546929372408,121.72677313602136,2019-07-18-23-37-25
1.0,30.95981504368901,121.70878856163202,2019-07-18-23-37-25
1.0,30.960801566688293,121.72027717211412,2019-07-18-23-37-25
1.0,30.96141215720697,121.65288587068113,2019-07-18-23-37-25
1.0,30.961903526300617,121.65737737222544,2019-07-18-23-37-25
1.0,30.962084730768407,121.69455838746141,2019-07-18-23-37-25
1.0,30.96233376601278,121.69505757034699,2019-07-18-23-37-25
1.0,30.96229660220118,121.72502385114862,2019-07-18-23-37-25
1.0,30.962798139580308,121.72277520966068,2019-07-18-23-37-25
1.0,30.962792285229146,121.73102110214911,2019-07-18-23-37-25
1.0,30.963890508048916,121.66361519198485,2019-07-18-23-37-25
1.0,30.963798416991008,121.72177581402774,2019-07-18-23-37-25
1.0,30.965291998844428,121.72902162634954,2019-07-18-23-37-25
1.0,30.965792354722705,121.72802201500522,2019-07-18-23-37-25
1.0,30.96579064678353,121.73077093307609,2019-07-18-23-37-25
1.0,30.96604064243208,121.73052099717448,2019-07-18-23-37-25
1.0,30.966876295221276,121.67010233392202,2019-07-18-23-37-25
1.0,30.967424067082298,121.6441510176087,2019-07-18-23-37-25
1.0,30.967423642088853,121.64440058949013,2019-07-18-23-37-25
1.0,30.967423215966072,121.64465016011606,2019-07-18-23-37-25
1.0,30.96778890694821,121.73177045202092,2019-07-18-23-37-25
1.0,30.969038576855088,121.73102057826601,2019-07-18-23-37-25
1.0,30.969288428546875,121.7310205573082,2019-07-18-23-37-25
1.0,30.96928828910639,121.73127047760974,2019-07-18-23-37-25
1.0,30.970055212364038,121.71178429468058,2019-07-18-23-37-25
1.0,30.9700395025466,121.72852143823279,2019-07-18-23-37-25
1.0,30.970287558736427,121.73152031676106,2019-07-18-23-37-25
1.0,30.970287423854245,121.73177024243569,2019-07-18-23-37-25
1.0,30.97028703292525,121.73252003563023,2019-07-18-23-37-25
1.0,30.97078905766364,121.72852137536579,2019-07-18-23-37-25
1.0,30.971661506263036,121.64989052661436,2019-07-18-23-37-25
1.0,30.97162778284352,121.66785630304112,2019-07-18-23-37-25
1.0,30.97178930812754,121.72727186269364,2019-07-18-23-37-25
1.0,30.972062123575117,121.70554157060928,2019-07-18-23-37-25
1.0,30.972039512841047,121.72677208854502,2019-07-18-23-37-25
1.0,30.972641970635905,121.66012122461557,2019-07-18-23-37-25
1.0,30.97254091356722,121.72452328567883,2019-07-18-23-37-25
1.0,30.972539948747023,121.72577257148394,2019-07-18-23-37-25
1.0,30.97303592765763,121.73152008619796,2019-07-18-23-37-25
1.0,30.974555650222275,121.70928673852428,2019-07-18-23-37-25
1.0,30.974784889908115,121.73151993946388,2019-07-18-23-37-25
1.0,30.97508329481905,121.69081345940614,2019-07-18-23-37-25
1.0,30.975054717948872,121.70978611545613,2019-07-18-23-37-25
1.0,30.975037556190042,121.72702171236588,2019-07-18-23-37-25
1.0,30.975035018278636,121.73102007522526,2019-07-18-23-37-25
1.0,30.975284730605694,121.73126997455782,2019-07-18-23-37-25
1.0,30.97553472182007,121.7310200333002,2019-07-18-23-37-25
1.0,30.97607399221774,121.69605484887579,2019-07-18-23-37-25
1.0,30.976042755646663,121.72002608796984,2019-07-18-23-37-25
1.0,30.976542223675615,121.72027585294167,2019-07-18-23-37-25
1.0,30.97678800107416,121.72502263607842,2019-07-18-23-37-25
1.0,30.97716311319095,121.64714499641197,2019-07-18-23-37-25
1.0,30.977041233113077,121.72102524638932,2019-07-18-23-37-25
1.0,30.97703441301768,121.73002025312404,2019-07-18-23-37-25
1.0,30.97739852481929,121.65513034725473,2019-07-18-23-37-25
1.0,30.977283140253242,121.73201958385503,2019-07-18-23-37-25
1.0,30.977666710380774,121.64489888483531,2019-07-18-23-37-25
1.0,30.977643247125133,121.65787511847651,2019-07-18-23-37-25
1.0,30.977536431481873,121.72652175482678,2019-07-18-23-37-25
1.0,30.977535055072842,121.7285208094849,2019-07-18-23-37-25
1.0,30.9777864653086,121.72627186379356,2019-07-18-23-37-25
1.0,30.978143888221354,121.65737602916901,2019-07-18-23-37-25
1.0,30.97890854674621,121.64914128346446,2019-07-18-23-37-25
1.0,30.978908101389283,121.64939083275524,2019-07-18-23-37-25
1.0,30.97878569058357,121.72652165003358,2019-07-18-23-37-25
1.0,30.979167099759376,121.64415004947514,2019-07-18-23-37-25
1.0,30.979161490062836,121.64739438912831,2019-07-18-23-37-25
1.0,30.979156611849806,121.65013945415299,2019-07-18-23-37-25
1.0,30.979041214996187,121.7197760322177,2019-07-18-23-37-25
1.0,30.979404663230294,121.65113760976887,2019-07-18-23-37-25
1.0,30.979373666788813,121.6676061459937,2019-07-18-23-37-25
1.0,30.979296524838542,121.7145306720975,2019-07-18-23-37-25
1.0,30.97990346180411,121.65163665124237,2019-07-18-23-37-25
1.0,30.980160458732982,121.64764386320388,2019-07-18-23-37-25
1.0,30.98015467017629,121.65088800516108,2019-07-18-23-37-25
1.0,30.980077369909342,121.69256013040291,2019-07-18-23-37-25
1.0,30.980410310604462,121.64764384258321,2019-07-18-23-37-25
1.0,30.980403165540835,121.65163660996141,2019-07-18-23-37-25
1.0,30.980362567003905,121.67309542275193,2019-07-18-23-37-25
1.0,30.980298239006085,121.71253263318714,2019-07-18-23-37-25
1.0,30.980786222352158,121.72427274474667,2019-07-18-23-37-25
1.0,30.98103331161169,121.7280207366118,2019-07-18-23-37-25
1.0,30.982036723942684,121.72277359670652,2019-07-18-23-37-25
1.0,30.982344527318784,121.68207829155803,2019-07-18-23-37-25
1.0,30.982294467604653,121.71478017549526,2019-07-18-23-37-25
1.0,30.982807853800296,121.70404264699184,2019-07-18-23-37-25
1.0,30.983102431956727,121.67758661244562,2019-07-18-23-37-25
1.0,30.983386072229816,121.65987081558703,2019-07-18-23-37-25
1.0,30.983316524006256,121.69805117005167,2019-07-18-23-37-25
1.0,30.983292237922065,121.71627866785553,2019-07-18-23-37-25
1.0,30.98390109228681,121.65163632097364,2019-07-18-23-37-25
1.0,30.983900638529718,121.65188586103393,2019-07-18-23-37-25
1.0,30.984084923943232,121.68681959971524,2019-07-18-23-37-25
1.0,30.984046913750014,121.71178312299996,2019-07-18-23-37-25
1.0,30.98440969035973,121.64664527989076,2019-07-18-23-37-25
1.0,30.984659542324568,121.64664525927176,2019-07-18-23-37-25
1.0,30.98465866978144,121.6471443778509,2019-07-18-23-37-25
1.0,30.98489776622326,121.6531334663514,2019-07-18-23-37-25
1.0,30.98489222401041,121.65612784173004,2019-07-18-23-37-25
1.0,30.985153505730693,121.64988941257413,2019-07-18-23-37-25
1.0,30.9851355084028,121.6596211507364,2019-07-18-23-37-25
1.0,30.98541039935903,121.64589651101652,2019-07-18-23-37-25
1.0,30.985396553043216,121.6536324946864,2019-07-18-23-37-25
1.0,30.98538818650703,121.6581240007724,2019-07-18-23-37-25
1.0,30.985655879036848,121.64839207265793,2019-07-18-23-37-25
1.0,30.985653656835577,121.64963982399782,2019-07-18-23-37-25
1.0,30.985602360152683,121.676837823384,2019-07-18-23-37-25
1.0,30.98560142060179,121.67733687696138,2019-07-18-23-37-25
2.0,30.985598613687618,121.67883405253467,2019-07-18-23-37-25
1.0,30.985906613405195,121.64789294432484,2019-07-18-23-37-25
1.0,30.985905731031924,121.64839205202944,2019-07-18-23-37-25
1.0,30.985850803520922,121.67758638386199,2019-07-18-23-37-25
1.0,30.986155583033266,121.64839203140075,2019-07-18-23-37-25
1.0,30.986400968589738,121.6508874891848,2019-07-18-23-37-25
1.0,30.98635003893458,121.6778358705907,2019-07-18-23-37-25
1.0,30.9863495708452,121.67808539951011,2019-07-18-23-37-25
1.0,30.986348636204948,121.67858445928651,2019-07-18-23-37-25
1.0,30.986284207045205,121.72277324044627,2019-07-18-23-37-25
1.0,30.986656169428503,121.6478928824456,2019-07-18-23-37-25
1.0,30.98664304548663,121.65512958284297,2019-07-18-23-37-25
1.0,30.986642582000208,121.65537911235226,2019-07-18-23-37-25
1.0,30.986599422854713,121.67808537872567,2019-07-18-23-37-25
1.0,30.986549183131796,121.7087863242378,2019-07-18-23-37-25
1.0,30.986531841156413,121.72552153552274,2019-07-18-23-37-25
1.0,30.986912509674223,121.64414941069185,2019-07-18-23-37-25
1.0,30.98690864502583,121.64639551271935,2019-07-18-23-37-25
1.0,30.986906021449077,121.64789286181882,2019-07-18-23-37-25
1.0,30.986862052767144,121.67134825696903,2019-07-18-23-37-25
1.0,30.986848340230253,121.67858441771227,2019-07-18-23-37-25
1.0,30.986830218377452,121.68856631792391,2019-07-18-23-37-25
1.0,30.987147348515933,121.6526342077625,2019-07-18-23-37-25
1.0,30.987035538511552,121.72077459411793,2019-07-18-23-37-25
1.0,30.98702776911672,121.73126898909375,2019-07-18-23-37-25
1.0,30.987328618155058,121.68931498563951,2019-07-18-23-37-25
1.0,30.98763591432332,121.65862285954309,2019-07-18-23-37-25
1.0,30.98759696380661,121.67908341778772,2019-07-18-23-37-25
1.0,30.987581527274394,121.68756799291975,2019-07-18-23-37-25
1.0,30.987578470188915,121.68931496479837,2019-07-18-23-37-25
1.0,30.987543066091344,121.71328124243152,2019-07-18-23-37-25
1.0,30.98789184216276,121.65537900902713,2019-07-18-23-37-25
1.0,30.987815435020778,121.69705231832017,2019-07-18-23-37-25
1.0,30.988065684267884,121.6968026825095,2019-07-18-23-37-25
1.0,30.988042193444382,121.7137806892685,2019-07-18-23-37-25
1.0,30.98864139834049,121.65537894702977,2019-07-18-23-37-25
1.0,30.988797851469016,121.70878613594573,2019-07-18-23-37-25
1.0,30.98878690977034,121.71827643992675,2019-07-18-23-37-25
1.0,30.988783598193592,121.72177371918987,2019-07-18-23-37-25
2.0,30.989156878770387,121.64664488809758,2019-07-18-23-37-25
1.0,30.989082407549628,121.68656962378533,2019-07-18-23-37-25
1.0,30.989287633891312,121.71727726264727,2019-07-18-23-37-25
1.0,30.9897870800486,121.717527001018,2019-07-18-23-37-25
1.0,30.99003771221061,121.71677764638054,2019-07-18-23-37-25
1.0,30.990036676140864,121.71777676271488,2019-07-18-23-37-25
1.0,30.99104815838018,121.70753745853943,2019-07-18-23-37-25
1.0,30.992867589485662,121.6666069686559,2019-07-18-23-37-25
1.0,30.993026548375234,121.7275199613185,2019-07-18-23-37-25
1.0,30.993526601340495,121.72702016101984,2019-07-18-23-37-25
1.0,30.993793300331337,121.71003425879826,2019-07-18-23-37-25
2.0,30.99452583483913,121.72726995500105,2019-07-18-23-37-25
1.0,30.99486066533979,121.66960098005111,2019-07-18-23-37-25
1.0,30.995043833136716,121.70903531687414,2019-07-18-23-37-25
1.0,30.99503776810841,121.71402985067522,2019-07-18-23-37-25
1.0,30.99553690740555,121.71452931106411,2019-07-18-23-37-25
1.0,30.995902015248564,121.64714344969185,2019-07-18-23-37-25
1.0,30.995781783061176,121.71927502698597,2019-07-18-23-37-25
2.0,30.99615746335545,121.64389907502179,2019-07-18-23-37-25
1.0,30.996035504749145,121.71552830124683,2019-07-18-23-37-25
1.0,30.996407315663042,121.6438990544071,2019-07-18-23-37-25
1.0,30.99636695619394,121.66585813500576,2019-07-18-23-37-25
1.0,30.99636073561512,121.6691018250525,2019-07-18-23-37-25
1.0,30.996655892996493,121.64464774903517,2019-07-18-23-37-25
1.0,30.996652008949546,121.64689382913005,2019-07-18-23-37-25
1.0,30.996650695620122,121.64764250183597,2019-07-18-23-37-25
1.0,30.998406134439303,121.64389888948277,2019-07-18-23-37-25
1.0,30.998403143883717,121.64564587432685,2019-07-18-23-37-25
1.0,30.99840271228369,121.64589543872826,2019-07-18-23-37-25
1.0,30.999030353137787,121.71877516283674,2019-07-18-23-37-25
1.0,30.999023003356804,121.72751945794408,2019-07-18-23-37-25
1.0,30.999402553486952,121.64564579182687,2019-07-18-23-37-25
1.0,30.999349427552943,121.67409192442321,2019-07-18-23-37-25
1.0,30.99965454761159,121.64439793112626,2019-07-18-23-37-25
1.0,30.9999044000451,121.64439791050657,2019-07-18-23-37-25
1.0,31.00011617626178,121.66510928027505,2019-07-18-23-37-25
1.0,31.000401531638786,121.6458952737157,2019-07-18-23-37-25
1.0,31.000653531274285,121.64464741911469,2019-07-18-23-37-25
1.0,31.000651815700877,121.64564568869767,2019-07-18-23-37-25
1.0,31.001289821792636,121.70928449974156,2019-07-18-23-37-25
1.0,31.002285228885896,121.71253079081082,2019-07-18-23-37-25
1.0,31.003046238549643,121.70379128941377,2019-07-18-23-37-25
1.0,31.00303815361593,121.70978377177629,2019-07-18-23-37-25
1.0,31.00327936310994,121.717276089267,2019-07-18-23-37-25
1.0,31.003271754133223,121.72576999280083,2019-07-18-23-37-25
1.0,31.004639282465913,121.65138506611716,2019-07-18-23-37-25
1.0,31.005266715364858,121.73176730622356,2019-07-18-23-37-25
1.0,31.00589213979282,121.64938860380492,2019-07-18-23-37-25
1.0,31.00604305550918,121.70478970583272,2019-07-18-23-37-25
1.0,31.006266969512883,121.73026770872583,2019-07-18-23-37-25
1.0,31.00653155465417,121.71352939395412,2019-07-18-23-37-25
1.0,31.00651697073065,121.7300177781851,2019-07-18-23-37-25
1.0,31.006899418838213,121.64489647271364,2019-07-18-23-37-25
1.0,31.00689244041539,121.64888942190831,2019-07-18-23-37-25
1.0,31.007281402129255,121.71327958793154,2019-07-18-23-37-25
1.0,31.007531546087293,121.71302982606072,2019-07-18-23-37-25
1.0,31.007521443363316,121.7230212924726,2019-07-18-23-37-25
1.0,31.007900108198893,121.6441476788872,2019-07-18-23-37-25
1.0,31.00778598987914,121.70928395540662,2019-07-18-23-37-25
1.0,31.007770266310512,121.72427048029364,2019-07-18-23-37-25
1.0,31.008037463167604,121.70803542488126,2019-07-18-23-37-25
1.0,31.00803243530746,121.71203084280556,2019-07-18-23-37-25
1.0,31.00802179244824,121.72227175559466,2019-07-18-23-37-25
1.0,31.0080197222542,121.72477016067181,2019-07-18-23-37-25
1.0,31.00826899610403,121.72551971097745,2019-07-18-23-37-25
1.0,31.00826862107957,121.72601943806465,2019-07-18-23-37-25
1.0,31.008632362205326,121.65388010656693,2019-07-18-23-37-25
1.0,31.008536841116303,121.70828508076266,2019-07-18-23-37-25
1.0,31.00853274392031,121.71153134351034,2019-07-18-23-37-25
1.0,31.00852330716994,121.7202731703705,2019-07-18-23-37-25
1.0,31.008518473862953,121.72601941708356,2019-07-18-23-37-25
1.0,31.00887804951196,121.65612585681652,2019-07-18-23-37-25
1.0,31.0087811030683,121.7127799826319,2019-07-18-23-37-25
1.0,31.009132986365284,121.65338099732982,2019-07-18-23-37-25
1.0,31.00913252744214,121.65363053164769,2019-07-18-23-37-25
1.0,31.009031846474382,121.7120307590143,2019-07-18-23-37-25
1.0,31.00901799524244,121.72626924254826,2019-07-18-23-37-25
1.0,31.009378220422953,121.6558762879526,2019-07-18-23-37-25
1.0,31.009637691254905,121.65063602527299,2019-07-18-23-37-25
1.0,31.00953095652097,121.7125301833384,2019-07-18-23-37-25
1.0,31.00952134892405,121.72177197901514,2019-07-18-23-37-25
1.0,31.009771424769394,121.72152213642045,2019-07-18-23-37-25
1.0,31.009768112976893,121.72551958509307,2019-07-18-23-37-25
1.0,31.01003371412141,121.71003289793177,2019-07-18-23-37-25
1.0,31.01030700510761,121.69405516330976,2019-07-18-23-37-25
2.0,31.01061046590072,121.66485889490465,2019-07-18-23-37-25
1.0,31.012552828524313,121.6958021923059,2019-07-18-23-37-25
1.0,31.013019068897773,121.72202150946978,2019-07-18-23-37-25
1.0,31.01326567897555,121.72601901840625,2019-07-18-23-37-25
1.0,31.01353656844126,121.7062871374074,2019-07-18-23-37-25
1.0,31.013786421479296,121.70628711647478,2019-07-18-23-37-25
1.0,31.014032955422433,121.70878402182467,2019-07-18-23-37-25
1.0,31.014284446516896,121.70753551218137,2019-07-18-23-37-25
1.0,31.014789320876194,121.70379030618425,2019-07-18-23-37-25
1.0,31.015046617425888,121.69879739099355,2019-07-18-23-37-25
1.0,31.015045463110155,121.6995462800436,2019-07-18-23-37-25
1.0,31.015033345346925,121.70803483864199,2019-07-18-23-37-25
1.0,31.015300809628087,121.6960515710126,2019-07-18-23-37-25
1.0,31.015274710656147,121.71502716711242,2019-07-18-23-37-25
1.0,31.01561039041871,121.66336138943133,2019-07-18-23-37-25
1.0,31.015550662757022,121.69605155011939,2019-07-18-23-37-25
1.0,31.015542155175414,121.7015433520652,2019-07-18-23-37-25
1.0,31.01601066174601,121.7312665550658,2019-07-18-23-37-25
1.0,31.01630555232477,121.69280669434437,2019-07-18-23-37-25
1.0,31.016305135008913,121.69305628503854,2019-07-18-23-37-25
1.0,31.0162724976318,121.71652567277175,2019-07-18-23-37-25
1.0,31.016264291104072,121.725519039514,2019-07-18-23-37-25
1.0,31.01626391607647,121.72601876657423,2019-07-18-23-37-25
1.0,31.01680318402783,121.69405462035238,2019-07-18-23-37-25
1.0,31.01679872902551,121.69680028056113,2019-07-18-23-37-25
1.0,31.01679833181969,121.69704989537226,2019-07-18-23-37-25
1.0,31.01678638201986,121.70503847767354,2019-07-18-23-37-25
1.0,31.016781017467835,121.70903349542621,2019-07-18-23-37-25
1.0,31.017069926898387,121.68432130441296,2019-07-18-23-37-25
1.0,31.017059347680863,121.69031080016528,2019-07-18-23-37-25
1.0,31.017051807007505,121.69480339762698,2019-07-18-23-37-25
1.0,31.01705139942219,121.69505300000198,2019-07-18-23-37-25
1.0,31.01730125264321,121.6950529791118,2019-07-18-23-37-25
1.0,31.017286088445275,121.7050384358122,2019-07-18-23-37-25
1.0,31.017276105354224,121.7127792702111,2019-07-18-23-37-25
1.0,31.017629817961236,121.65238214956014,2019-07-18-23-37-25
1.0,31.017551105877597,121.69505295822141,2019-07-18-23-37-25
1.0,31.017549890735605,121.69580177446898,2019-07-18-23-37-25
1.0,31.017544378198412,121.69929643958051,2019-07-18-23-37-25
1.0,31.01778544699632,121.70528806752922,2019-07-18-23-37-25
1.0,31.018119808799245,121.65762224381989,2019-07-18-23-37-25
1.0,31.018051219972136,121.69480331406949,2019-07-18-23-37-25
1.0,31.018049597244424,121.69580173268108,2019-07-18-23-37-25
1.0,31.018025960082085,121.71252947092361,2019-07-18-23-37-25
